evaluations raw_y
1 -206.0000000000
3 -205.0000000000
4 -195.0000000000
24 -193.0000000000
25 -183.0000000000
41 -182.0000000000
55 -176.0000000000
84 -175.0000000000
85 -174.0000000000
88 -172.0000000000
89 -167.0000000000
98 -166.0000000000
99 -165.0000000000
103 -162.0000000000
111 -158.0000000000
124 -154.0000000000
157 -153.0000000000
160 -150.0000000000
179 -149.0000000000
181 -148.0000000000
189 -147.0000000000
201 -146.0000000000
217 -145.0000000000
218 -144.0000000000
233 -143.0000000000
234 -142.0000000000
254 -141.0000000000
262 -140.0000000000
280 -139.0000000000
292 -138.0000000000
305 -137.0000000000
340 -136.0000000000
343 -135.0000000000
365 -134.0000000000
385 -133.0000000000
389 -132.0000000000
393 -131.0000000000
421 -130.0000000000
427 -129.0000000000
452 -128.0000000000
469 -127.0000000000
470 -126.0000000000
494 -125.0000000000
506 -123.0000000000
546 -122.0000000000
565 -121.0000000000
592 -120.0000000000
621 -119.0000000000
633 -118.0000000000
674 -117.0000000000
703 -116.0000000000
715 -114.0000000000
737 -113.0000000000
760 -112.0000000000
770 -111.0000000000
789 -110.0000000000
799 -109.0000000000
810 -108.0000000000
820 -107.0000000000
835 -106.0000000000
844 -104.0000000000
871 -103.0000000000
888 -102.0000000000
904 -101.0000000000
910 -100.0000000000
924 -99.0000000000
943 -98.0000000000
980 -97.0000000000
996 -96.0000000000
1025 -95.0000000000
1041 -94.0000000000
1060 -93.0000000000
1062 -92.0000000000
1068 -91.0000000000
1084 -90.0000000000
1096 -89.0000000000
1119 -88.0000000000
1121 -86.0000000000
1157 -85.0000000000
1170 -84.0000000000
1191 -82.0000000000
1218 -81.0000000000
1228 -80.0000000000
1234 -79.0000000000
1262 -76.0000000000
1292 -75.0000000000
1301 -74.0000000000
1306 -73.0000000000
1337 -70.0000000000
1369 -69.0000000000
1381 -68.0000000000
1405 -67.0000000000
1407 -66.0000000000
1450 -65.0000000000
1462 -64.0000000000
1482 -63.0000000000
1576 -62.0000000000
1594 -61.0000000000
1618 -60.0000000000
1641 -59.0000000000
1673 -58.0000000000
1699 -57.0000000000
1770 -56.0000000000
1786 -55.0000000000
1791 -54.0000000000
1800 -53.0000000000
1865 -52.0000000000
1882 -51.0000000000
1911 -49.0000000000
1926 -48.0000000000
1948 -47.0000000000
2007 -46.0000000000
2022 -45.0000000000
2043 -44.0000000000
2063 -43.0000000000
2081 -42.0000000000
2093 -41.0000000000
2101 -40.0000000000
2159 -39.0000000000
2199 -38.0000000000
2285 -37.0000000000
2303 -36.0000000000
2334 -35.0000000000
2377 -34.0000000000
2395 -33.0000000000
2458 -32.0000000000
2469 -31.0000000000
2498 -30.0000000000
2508 -29.0000000000
2538 -27.0000000000
2664 -26.0000000000
2685 -25.0000000000
2696 -24.0000000000
2747 -23.0000000000
2787 -22.0000000000
2799 -21.0000000000
2810 -20.0000000000
2849 -19.0000000000
2864 -18.0000000000
2875 -17.0000000000
2894 -16.0000000000
2951 -15.0000000000
3100 -14.0000000000
3366 -13.0000000000
3395 -12.0000000000
3588 -11.0000000000
3624 -10.0000000000
3660 -9.0000000000
3680 -8.0000000000
3728 -7.0000000000
4051 -6.0000000000
4121 -5.0000000000
4136 -4.0000000000
4212 -3.0000000000
4401 -2.0000000000
5270 -1.0000000000
5326 391.0000000000
5671 393.0000000000
5694 394.0000000000
5712 396.0000000000
5794 401.0000000000
5930 402.0000000000
6728 409.0000000000
6740 413.0000000000
6777 415.0000000000
6885 416.0000000000
9281 417.0000000000
10010 -1.0000000000
evaluations raw_y
1 -209.0000000000
3 -192.0000000000
26 -188.0000000000
30 -186.0000000000
37 -184.0000000000
38 -182.0000000000
40 -180.0000000000
41 -179.0000000000
43 -175.0000000000
54 -168.0000000000
60 -164.0000000000
80 -159.0000000000
87 -155.0000000000
111 -154.0000000000
117 -153.0000000000
132 -151.0000000000
138 -150.0000000000
150 -149.0000000000
162 -148.0000000000
176 -147.0000000000
183 -146.0000000000
190 -145.0000000000
211 -144.0000000000
219 -143.0000000000
237 -142.0000000000
253 -141.0000000000
270 -140.0000000000
277 -139.0000000000
280 -138.0000000000
290 -137.0000000000
307 -136.0000000000
332 -135.0000000000
334 -134.0000000000
356 -131.0000000000
375 -130.0000000000
384 -129.0000000000
387 -128.0000000000
399 -127.0000000000
403 -126.0000000000
409 -125.0000000000
421 -124.0000000000
432 -123.0000000000
454 -122.0000000000
459 -121.0000000000
465 -120.0000000000
489 -119.0000000000
504 -116.0000000000
535 -115.0000000000
550 -114.0000000000
589 -113.0000000000
594 -112.0000000000
598 -111.0000000000
608 -110.0000000000
620 -109.0000000000
641 -108.0000000000
655 -107.0000000000
663 -106.0000000000
667 -105.0000000000
680 -104.0000000000
693 -103.0000000000
695 -102.0000000000
708 -101.0000000000
716 -100.0000000000
725 -99.0000000000
741 -98.0000000000
750 -97.0000000000
775 -96.0000000000
777 -95.0000000000
810 -94.0000000000
819 -93.0000000000
838 -92.0000000000
869 -91.0000000000
904 -90.0000000000
911 -89.0000000000
935 -88.0000000000
949 -87.0000000000
961 -85.0000000000
999 -84.0000000000
1000 -82.0000000000
1030 -81.0000000000
1033 -80.0000000000
1059 -79.0000000000
1089 -78.0000000000
1095 -77.0000000000
1120 -76.0000000000
1123 -75.0000000000
1147 -73.0000000000
1171 -72.0000000000
1178 -71.0000000000
1196 -70.0000000000
1208 -69.0000000000
1243 -67.0000000000
1287 -66.0000000000
1316 -65.0000000000
1333 -64.0000000000
1361 -63.0000000000
1364 -62.0000000000
1377 -61.0000000000
1385 -59.0000000000
1410 -58.0000000000
1420 -56.0000000000
1429 -55.0000000000
1447 -54.0000000000
1466 -53.0000000000
1493 -52.0000000000
1533 -51.0000000000
1567 -50.0000000000
1585 -49.0000000000
1604 -48.0000000000
1615 -47.0000000000
1638 -46.0000000000
1639 -45.0000000000
1669 -44.0000000000
1680 -42.0000000000
1721 -40.0000000000
1750 -39.0000000000
1760 -38.0000000000
1769 -37.0000000000
1788 -36.0000000000
1817 -35.0000000000
1836 -34.0000000000
1876 -33.0000000000
1908 -32.0000000000
1958 -31.0000000000
1989 -30.0000000000
2016 -29.0000000000
2046 -28.0000000000
2080 -27.0000000000
2116 -26.0000000000
2196 -25.0000000000
2251 -24.0000000000
2312 -23.0000000000
2334 -22.0000000000
2373 -21.0000000000
2524 -20.0000000000
2580 -19.0000000000
2662 -18.0000000000
2697 -17.0000000000
2730 -16.0000000000
2829 -14.0000000000
2862 -13.0000000000
2910 -12.0000000000
2946 -11.0000000000
2984 -10.0000000000
3067 -9.0000000000
3120 -8.0000000000
3161 -7.0000000000
3190 -6.0000000000
3323 -5.0000000000
3364 -4.0000000000
3553 -3.0000000000
3686 -2.0000000000
4029 -1.0000000000
4275 395.0000000000
4979 407.0000000000
5940 408.0000000000
10010 408.0000000000
evaluations raw_y
1 -218.0000000000
2 -213.0000000000
8 -207.0000000000
22 -192.0000000000
31 -190.0000000000
36 -187.0000000000
46 -180.0000000000
68 -179.0000000000
78 -178.0000000000
82 -177.0000000000
83 -176.0000000000
95 -175.0000000000
118 -172.0000000000
142 -171.0000000000
145 -169.0000000000
160 -164.0000000000
197 -162.0000000000
203 -160.0000000000
240 -159.0000000000
248 -158.0000000000
259 -157.0000000000
271 -156.0000000000
279 -155.0000000000
287 -154.0000000000
301 -152.0000000000
319 -150.0000000000
327 -149.0000000000
352 -148.0000000000
358 -146.0000000000
367 -145.0000000000
388 -144.0000000000
394 -143.0000000000
408 -141.0000000000
412 -140.0000000000
431 -139.0000000000
450 -138.0000000000
470 -137.0000000000
494 -136.0000000000
509 -134.0000000000
530 -133.0000000000
539 -131.0000000000
549 -130.0000000000
586 -129.0000000000
595 -128.0000000000
596 -127.0000000000
620 -125.0000000000
626 -124.0000000000
655 -122.0000000000
660 -121.0000000000
673 -120.0000000000
679 -119.0000000000
685 -116.0000000000
692 -115.0000000000
702 -114.0000000000
737 -113.0000000000
750 -112.0000000000
753 -111.0000000000
783 -110.0000000000
785 -109.0000000000
809 -107.0000000000
815 -106.0000000000
851 -105.0000000000
857 -104.0000000000
860 -103.0000000000
874 -102.0000000000
883 -101.0000000000
903 -100.0000000000
922 -98.0000000000
968 -97.0000000000
980 -96.0000000000
988 -95.0000000000
993 -93.0000000000
1011 -92.0000000000
1024 -91.0000000000
1030 -90.0000000000
1037 -88.0000000000
1060 -87.0000000000
1066 -86.0000000000
1130 -85.0000000000
1153 -84.0000000000
1155 -83.0000000000
1179 -82.0000000000
1187 -81.0000000000
1225 -80.0000000000
1269 -79.0000000000
1308 -77.0000000000
1312 -76.0000000000
1327 -75.0000000000
1350 -74.0000000000
1369 -73.0000000000
1391 -72.0000000000
1415 -70.0000000000
1428 -69.0000000000
1438 -68.0000000000
1454 -67.0000000000
1491 -66.0000000000
1494 -65.0000000000
1520 -64.0000000000
1534 -63.0000000000
1592 -62.0000000000
1642 -61.0000000000
1671 -60.0000000000
1699 -59.0000000000
1777 -58.0000000000
1792 -57.0000000000
1805 -56.0000000000
1811 -55.0000000000
1818 -54.0000000000
1846 -53.0000000000
1899 -52.0000000000
1904 -51.0000000000
1941 -50.0000000000
1964 -48.0000000000
1991 -46.0000000000
2020 -43.0000000000
2048 -42.0000000000
2054 -41.0000000000
2107 -40.0000000000
2131 -39.0000000000
2140 -38.0000000000
2149 -37.0000000000
2176 -36.0000000000
2184 -35.0000000000
2208 -34.0000000000
2210 -33.0000000000
2269 -32.0000000000
2315 -31.0000000000
2338 -30.0000000000
2360 -29.0000000000
2362 -28.0000000000
2384 -27.0000000000
2408 -26.0000000000
2453 -24.0000000000
2509 -23.0000000000
2555 -22.0000000000
2688 -21.0000000000
2716 -20.0000000000
2737 -19.0000000000
2754 -18.0000000000
2778 -17.0000000000
2787 -16.0000000000
2850 -15.0000000000
2982 -14.0000000000
3042 -13.0000000000
3120 -12.0000000000
3168 -11.0000000000
3179 -10.0000000000
3350 -9.0000000000
3387 -8.0000000000
3421 -7.0000000000
3499 -6.0000000000
3605 -5.0000000000
3682 -4.0000000000
3727 -3.0000000000
3810 -2.0000000000
3818 -1.0000000000
3868 376.0000000000
5862 381.0000000000
6305 382.0000000000
6341 395.0000000000
6766 398.0000000000
7011 403.0000000000
7043 409.0000000000
7092 410.0000000000
8184 411.0000000000
9788 413.0000000000
10010 413.0000000000
evaluations raw_y
1 -234.0000000000
2 -216.0000000000
3 -211.0000000000
6 -192.0000000000
47 -191.0000000000
48 -190.0000000000
55 -185.0000000000
64 -178.0000000000
74 -177.0000000000
91 -176.0000000000
95 -173.0000000000
119 -171.0000000000
132 -166.0000000000
145 -165.0000000000
151 -163.0000000000
161 -162.0000000000
182 -161.0000000000
196 -158.0000000000
212 -157.0000000000
242 -156.0000000000
249 -155.0000000000
257 -154.0000000000
267 -153.0000000000
289 -152.0000000000
292 -151.0000000000
314 -150.0000000000
336 -149.0000000000
359 -148.0000000000
362 -147.0000000000
380 -146.0000000000
382 -145.0000000000
394 -144.0000000000
414 -143.0000000000
422 -141.0000000000
440 -140.0000000000
444 -139.0000000000
455 -137.0000000000
466 -135.0000000000
476 -134.0000000000
493 -133.0000000000
499 -132.0000000000
514 -131.0000000000
518 -129.0000000000
546 -128.0000000000
547 -127.0000000000
558 -126.0000000000
571 -125.0000000000
581 -124.0000000000
585 -123.0000000000
595 -122.0000000000
605 -120.0000000000
620 -119.0000000000
631 -117.0000000000
634 -116.0000000000
663 -114.0000000000
673 -113.0000000000
697 -112.0000000000
710 -111.0000000000
725 -110.0000000000
737 -109.0000000000
755 -108.0000000000
771 -107.0000000000
788 -106.0000000000
794 -105.0000000000
807 -103.0000000000
837 -101.0000000000
858 -100.0000000000
882 -99.0000000000
890 -98.0000000000
904 -97.0000000000
927 -96.0000000000
929 -95.0000000000
934 -93.0000000000
952 -91.0000000000
1000 -90.0000000000
1021 -89.0000000000
1040 -88.0000000000
1044 -87.0000000000
1058 -85.0000000000
1059 -83.0000000000
1103 -82.0000000000
1124 -78.0000000000
1143 -77.0000000000
1166 -76.0000000000
1174 -75.0000000000
1203 -74.0000000000
1219 -73.0000000000
1233 -72.0000000000
1249 -69.0000000000
1281 -68.0000000000
1302 -67.0000000000
1321 -66.0000000000
1342 -65.0000000000
1356 -63.0000000000
1386 -62.0000000000
1417 -61.0000000000
1433 -60.0000000000
1459 -59.0000000000
1482 -58.0000000000
1499 -56.0000000000
1528 -55.0000000000
1552 -54.0000000000
1561 -52.0000000000
1581 -51.0000000000
1620 -50.0000000000
1628 -48.0000000000
1637 -47.0000000000
1651 -45.0000000000
1673 -44.0000000000
1692 -43.0000000000
1711 -42.0000000000
1739 -41.0000000000
1773 -40.0000000000
1801 -39.0000000000
1811 -38.0000000000
1844 -37.0000000000
1869 -36.0000000000
1904 -35.0000000000
1914 -34.0000000000
1925 -33.0000000000
1965 -32.0000000000
1984 -31.0000000000
2009 -30.0000000000
2036 -29.0000000000
2100 -28.0000000000
2106 -27.0000000000
2129 -26.0000000000
2171 -25.0000000000
2200 -24.0000000000
2222 -23.0000000000
2234 -22.0000000000
2267 -21.0000000000
2305 -20.0000000000
2339 -19.0000000000
2398 -18.0000000000
2468 -17.0000000000
2511 -16.0000000000
2555 -15.0000000000
2572 -14.0000000000
2651 -13.0000000000
2749 -12.0000000000
2798 -11.0000000000
2809 -10.0000000000
2845 -9.0000000000
2888 -8.0000000000
2954 -7.0000000000
2990 -6.0000000000
2997 -5.0000000000
3268 -4.0000000000
3481 -3.0000000000
3585 -2.0000000000
3760 -1.0000000000
4044 377.0000000000
5180 390.0000000000
5894 397.0000000000
5926 405.0000000000
8226 406.0000000000
9432 407.0000000000
10010 407.0000000000
evaluations raw_y
1 -207.0000000000
8 -204.0000000000
9 -203.0000000000
17 -202.0000000000
19 -197.0000000000
25 -193.0000000000
37 -191.0000000000
39 -189.0000000000
42 -187.0000000000
57 -183.0000000000
58 -182.0000000000
63 -179.0000000000
68 -177.0000000000
77 -173.0000000000
90 -172.0000000000
92 -168.0000000000
115 -167.0000000000
138 -165.0000000000
149 -164.0000000000
165 -161.0000000000
173 -160.0000000000
190 -159.0000000000
201 -158.0000000000
208 -157.0000000000
217 -155.0000000000
225 -154.0000000000
233 -153.0000000000
261 -151.0000000000
271 -150.0000000000
276 -149.0000000000
278 -148.0000000000
287 -147.0000000000
304 -146.0000000000
323 -145.0000000000
336 -143.0000000000
352 -142.0000000000
380 -141.0000000000
396 -140.0000000000
407 -139.0000000000
414 -138.0000000000
434 -137.0000000000
450 -136.0000000000
454 -135.0000000000
462 -134.0000000000
467 -133.0000000000
481 -132.0000000000
492 -131.0000000000
515 -130.0000000000
525 -129.0000000000
546 -128.0000000000
592 -127.0000000000
616 -126.0000000000
621 -125.0000000000
640 -124.0000000000
658 -123.0000000000
659 -122.0000000000
712 -121.0000000000
715 -120.0000000000
737 -118.0000000000
749 -117.0000000000
758 -116.0000000000
788 -115.0000000000
794 -114.0000000000
804 -113.0000000000
841 -112.0000000000
856 -111.0000000000
861 -110.0000000000
877 -109.0000000000
883 -107.0000000000
898 -106.0000000000
907 -105.0000000000
917 -104.0000000000
947 -103.0000000000
974 -102.0000000000
1007 -101.0000000000
1018 -99.0000000000
1037 -98.0000000000
1075 -97.0000000000
1087 -96.0000000000
1132 -95.0000000000
1141 -94.0000000000
1166 -93.0000000000
1203 -92.0000000000
1242 -91.0000000000
1251 -90.0000000000
1265 -89.0000000000
1301 -88.0000000000
1308 -87.0000000000
1321 -86.0000000000
1336 -84.0000000000
1362 -83.0000000000
1363 -82.0000000000
1389 -81.0000000000
1426 -80.0000000000
1435 -79.0000000000
1459 -78.0000000000
1489 -77.0000000000
1506 -76.0000000000
1544 -75.0000000000
1558 -74.0000000000
1582 -72.0000000000
1604 -71.0000000000
1628 -70.0000000000
1649 -69.0000000000
1658 -68.0000000000
1674 -67.0000000000
1724 -66.0000000000
1752 -65.0000000000
1766 -64.0000000000
1777 -63.0000000000
1810 -62.0000000000
1844 -60.0000000000
1865 -59.0000000000
1918 -58.0000000000
1959 -57.0000000000
1961 -56.0000000000
1982 -55.0000000000
1999 -54.0000000000
2019 -53.0000000000
2047 -52.0000000000
2052 -51.0000000000
2059 -50.0000000000
2187 -49.0000000000
2230 -48.0000000000
2244 -47.0000000000
2258 -46.0000000000
2287 -45.0000000000
2336 -44.0000000000
2369 -43.0000000000
2374 -42.0000000000
2420 -41.0000000000
2469 -40.0000000000
2545 -39.0000000000
2573 -38.0000000000
2589 -36.0000000000
2621 -34.0000000000
2637 -33.0000000000
2668 -32.0000000000
2694 -31.0000000000
2736 -30.0000000000
2805 -29.0000000000
2830 -28.0000000000
2843 -27.0000000000
2964 -26.0000000000
2997 -25.0000000000
3003 -24.0000000000
3027 -23.0000000000
3038 -22.0000000000
3059 -21.0000000000
3077 -20.0000000000
3099 -19.0000000000
3104 -18.0000000000
3140 -17.0000000000
3219 -16.0000000000
3234 -15.0000000000
3248 -14.0000000000
3292 -13.0000000000
3332 -12.0000000000
3376 -11.0000000000
3407 -10.0000000000
3435 -9.0000000000
3458 -8.0000000000
3487 -7.0000000000
3582 -6.0000000000
3644 -5.0000000000
3676 -4.0000000000
3763 -3.0000000000
3870 -2.0000000000
3988 -1.0000000000
4058 377.0000000000
4446 382.0000000000
4480 384.0000000000
4489 391.0000000000
4793 395.0000000000
4854 399.0000000000
5485 406.0000000000
8946 407.0000000000
10010 -1.0000000000
evaluations raw_y
1 -227.0000000000
2 -218.0000000000
3 -212.0000000000
5 -205.0000000000
6 -202.0000000000
12 -187.0000000000
18 -186.0000000000
23 -183.0000000000
37 -178.0000000000
42 -177.0000000000
55 -170.0000000000
61 -169.0000000000
92 -166.0000000000
95 -165.0000000000
115 -163.0000000000
141 -159.0000000000
170 -156.0000000000
195 -155.0000000000
205 -154.0000000000
227 -153.0000000000
232 -152.0000000000
254 -151.0000000000
265 -150.0000000000
274 -149.0000000000
280 -148.0000000000
299 -147.0000000000
317 -146.0000000000
330 -145.0000000000
333 -144.0000000000
360 -143.0000000000
366 -142.0000000000
376 -141.0000000000
393 -140.0000000000
402 -139.0000000000
417 -138.0000000000
421 -137.0000000000
425 -136.0000000000
426 -135.0000000000
439 -134.0000000000
444 -133.0000000000
451 -132.0000000000
476 -131.0000000000
504 -130.0000000000
518 -129.0000000000
519 -128.0000000000
535 -127.0000000000
545 -126.0000000000
554 -125.0000000000
559 -124.0000000000
575 -123.0000000000
582 -122.0000000000
589 -121.0000000000
603 -120.0000000000
605 -118.0000000000
660 -117.0000000000
663 -116.0000000000
675 -114.0000000000
716 -113.0000000000
733 -112.0000000000
740 -111.0000000000
756 -110.0000000000
778 -109.0000000000
785 -108.0000000000
796 -107.0000000000
823 -106.0000000000
826 -105.0000000000
834 -104.0000000000
856 -103.0000000000
859 -101.0000000000
881 -100.0000000000
903 -99.0000000000
907 -98.0000000000
939 -96.0000000000
942 -95.0000000000
945 -94.0000000000
961 -93.0000000000
974 -92.0000000000
991 -91.0000000000
995 -90.0000000000
1020 -89.0000000000
1038 -88.0000000000
1058 -87.0000000000
1064 -85.0000000000
1089 -84.0000000000
1092 -83.0000000000
1111 -82.0000000000
1121 -81.0000000000
1156 -80.0000000000
1179 -79.0000000000
1218 -78.0000000000
1225 -77.0000000000
1228 -76.0000000000
1260 -75.0000000000
1301 -74.0000000000
1309 -73.0000000000
1319 -72.0000000000
1330 -69.0000000000
1361 -68.0000000000
1400 -67.0000000000
1416 -66.0000000000
1425 -65.0000000000
1461 -64.0000000000
1476 -63.0000000000
1478 -62.0000000000
1524 -61.0000000000
1548 -60.0000000000
1572 -59.0000000000
1582 -58.0000000000
1592 -57.0000000000
1629 -56.0000000000
1646 -55.0000000000
1659 -54.0000000000
1707 -52.0000000000
1729 -50.0000000000
1764 -49.0000000000
1796 -48.0000000000
1834 -47.0000000000
1837 -46.0000000000
1853 -45.0000000000
1903 -44.0000000000
1930 -43.0000000000
1996 -41.0000000000
2061 -40.0000000000
2089 -39.0000000000
2099 -38.0000000000
2125 -37.0000000000
2141 -36.0000000000
2147 -35.0000000000
2195 -34.0000000000
2223 -33.0000000000
2263 -32.0000000000
2293 -31.0000000000
2367 -30.0000000000
2404 -29.0000000000
2494 -28.0000000000
2562 -27.0000000000
2594 -26.0000000000
2716 -25.0000000000
2761 -24.0000000000
2796 -23.0000000000
2812 -22.0000000000
2843 -21.0000000000
2856 -20.0000000000
2862 -19.0000000000
2895 -18.0000000000
2953 -17.0000000000
3000 -16.0000000000
3161 -15.0000000000
3252 -14.0000000000
3283 -13.0000000000
3384 -12.0000000000
3447 -11.0000000000
3525 -10.0000000000
3616 -9.0000000000
3641 -8.0000000000
3957 -7.0000000000
4024 -6.0000000000
4070 -5.0000000000
4081 -4.0000000000
4147 -3.0000000000
4223 -2.0000000000
4379 -1.0000000000
4412 388.0000000000
4834 389.0000000000
5644 395.0000000000
5692 397.0000000000
7520 401.0000000000
8111 404.0000000000
8313 406.0000000000
9101 410.0000000000
9202 411.0000000000
9224 413.0000000000
9261 416.0000000000
9347 419.0000000000
9409 424.0000000000
10010 424.0000000000
evaluations raw_y
1 -214.0000000000
3 -209.0000000000
6 -193.0000000000
28 -191.0000000000
35 -189.0000000000
47 -188.0000000000
49 -183.0000000000
59 -182.0000000000
70 -180.0000000000
76 -179.0000000000
80 -177.0000000000
117 -176.0000000000
134 -175.0000000000
140 -174.0000000000
143 -173.0000000000
152 -172.0000000000
182 -171.0000000000
189 -170.0000000000
212 -168.0000000000
232 -167.0000000000
240 -166.0000000000
265 -165.0000000000
275 -163.0000000000
293 -162.0000000000
298 -161.0000000000
311 -160.0000000000
318 -159.0000000000
320 -158.0000000000
344 -157.0000000000
353 -156.0000000000
378 -155.0000000000
382 -154.0000000000
387 -153.0000000000
393 -152.0000000000
404 -151.0000000000
427 -150.0000000000
433 -149.0000000000
443 -148.0000000000
460 -147.0000000000
469 -146.0000000000
490 -145.0000000000
492 -144.0000000000
510 -143.0000000000
530 -142.0000000000
537 -141.0000000000
559 -139.0000000000
587 -138.0000000000
591 -137.0000000000
626 -136.0000000000
629 -134.0000000000
647 -133.0000000000
658 -132.0000000000
684 -131.0000000000
695 -130.0000000000
697 -129.0000000000
712 -127.0000000000
731 -126.0000000000
753 -125.0000000000
771 -124.0000000000
790 -123.0000000000
801 -121.0000000000
811 -120.0000000000
819 -118.0000000000
843 -117.0000000000
850 -116.0000000000
862 -115.0000000000
894 -114.0000000000
897 -113.0000000000
939 -111.0000000000
955 -110.0000000000
959 -109.0000000000
987 -108.0000000000
998 -107.0000000000
1018 -106.0000000000
1023 -103.0000000000
1053 -102.0000000000
1073 -101.0000000000
1096 -99.0000000000
1100 -98.0000000000
1156 -97.0000000000
1157 -96.0000000000
1198 -95.0000000000
1228 -94.0000000000
1240 -93.0000000000
1259 -92.0000000000
1273 -91.0000000000
1294 -90.0000000000
1298 -89.0000000000
1312 -88.0000000000
1335 -87.0000000000
1345 -86.0000000000
1346 -85.0000000000
1383 -84.0000000000
1416 -82.0000000000
1434 -81.0000000000
1462 -80.0000000000
1490 -79.0000000000
1531 -78.0000000000
1554 -77.0000000000
1586 -76.0000000000
1604 -75.0000000000
1619 -74.0000000000
1673 -73.0000000000
1691 -71.0000000000
1725 -70.0000000000
1754 -69.0000000000
1783 -68.0000000000
1821 -67.0000000000
1857 -66.0000000000
1884 -65.0000000000
1909 -64.0000000000
1945 -63.0000000000
1964 -62.0000000000
1977 -61.0000000000
1988 -60.0000000000
1997 -59.0000000000
2041 -58.0000000000
2061 -57.0000000000
2096 -56.0000000000
2127 -55.0000000000
2156 -54.0000000000
2174 -53.0000000000
2184 -52.0000000000
2205 -51.0000000000
2252 -50.0000000000
2301 -49.0000000000
2323 -48.0000000000
2343 -47.0000000000
2379 -46.0000000000
2421 -45.0000000000
2438 -43.0000000000
2460 -42.0000000000
2493 -41.0000000000
2531 -40.0000000000
2533 -39.0000000000
2572 -38.0000000000
2620 -37.0000000000
2648 -36.0000000000
2669 -34.0000000000
2715 -33.0000000000
2785 -32.0000000000
2794 -31.0000000000
2833 -30.0000000000
2859 -29.0000000000
2884 -28.0000000000
2922 -27.0000000000
3000 -26.0000000000
3047 -25.0000000000
3068 -24.0000000000
3106 -23.0000000000
3220 -22.0000000000
3237 -21.0000000000
3311 -20.0000000000
3340 -19.0000000000
3354 -18.0000000000
3368 -16.0000000000
3410 -15.0000000000
3458 -14.0000000000
3521 -13.0000000000
3564 -12.0000000000
3597 -11.0000000000
3599 -10.0000000000
3640 -9.0000000000
3774 -8.0000000000
3821 -7.0000000000
3855 -6.0000000000
3965 -5.0000000000
4012 -4.0000000000
4100 -3.0000000000
4241 -2.0000000000
4270 -1.0000000000
4438 377.0000000000
4676 382.0000000000
4714 389.0000000000
4897 390.0000000000
4939 393.0000000000
5315 401.0000000000
5317 410.0000000000
10010 410.0000000000
evaluations raw_y
1 -207.0000000000
2 -206.0000000000
15 -200.0000000000
21 -198.0000000000
23 -196.0000000000
33 -193.0000000000
39 -192.0000000000
44 -187.0000000000
54 -186.0000000000
61 -184.0000000000
67 -183.0000000000
70 -181.0000000000
85 -180.0000000000
100 -179.0000000000
103 -178.0000000000
107 -177.0000000000
116 -176.0000000000
151 -175.0000000000
163 -174.0000000000
175 -173.0000000000
188 -172.0000000000
192 -171.0000000000
210 -169.0000000000
216 -167.0000000000
225 -166.0000000000
235 -164.0000000000
257 -163.0000000000
263 -162.0000000000
276 -161.0000000000
281 -160.0000000000
303 -159.0000000000
318 -158.0000000000
324 -157.0000000000
340 -156.0000000000
364 -155.0000000000
365 -154.0000000000
382 -153.0000000000
408 -152.0000000000
418 -151.0000000000
446 -150.0000000000
468 -149.0000000000
479 -148.0000000000
495 -147.0000000000
499 -146.0000000000
514 -145.0000000000
528 -144.0000000000
531 -143.0000000000
538 -142.0000000000
544 -141.0000000000
560 -140.0000000000
572 -139.0000000000
598 -138.0000000000
610 -137.0000000000
616 -136.0000000000
632 -135.0000000000
635 -134.0000000000
641 -133.0000000000
649 -132.0000000000
665 -131.0000000000
682 -130.0000000000
684 -129.0000000000
728 -128.0000000000
745 -127.0000000000
749 -126.0000000000
760 -125.0000000000
779 -123.0000000000
804 -122.0000000000
822 -120.0000000000
840 -119.0000000000
848 -118.0000000000
871 -117.0000000000
889 -116.0000000000
895 -115.0000000000
916 -114.0000000000
956 -113.0000000000
974 -112.0000000000
986 -111.0000000000
1013 -110.0000000000
1026 -109.0000000000
1036 -108.0000000000
1045 -107.0000000000
1107 -106.0000000000
1124 -105.0000000000
1151 -104.0000000000
1165 -103.0000000000
1195 -102.0000000000
1202 -101.0000000000
1237 -100.0000000000
1242 -99.0000000000
1277 -98.0000000000
1289 -97.0000000000
1295 -95.0000000000
1328 -94.0000000000
1334 -93.0000000000
1358 -92.0000000000
1380 -90.0000000000
1396 -89.0000000000
1433 -88.0000000000
1445 -87.0000000000
1473 -86.0000000000
1474 -85.0000000000
1485 -84.0000000000
1529 -83.0000000000
1553 -82.0000000000
1587 -80.0000000000
1641 -79.0000000000
1652 -78.0000000000
1659 -77.0000000000
1680 -76.0000000000
1709 -75.0000000000
1728 -74.0000000000
1734 -73.0000000000
1781 -72.0000000000
1827 -71.0000000000
1833 -70.0000000000
1851 -69.0000000000
1884 -68.0000000000
1905 -67.0000000000
1916 -66.0000000000
1923 -65.0000000000
1987 -64.0000000000
2014 -63.0000000000
2030 -62.0000000000
2036 -60.0000000000
2066 -59.0000000000
2082 -58.0000000000
2091 -57.0000000000
2125 -56.0000000000
2144 -55.0000000000
2202 -54.0000000000
2226 -53.0000000000
2250 -52.0000000000
2266 -51.0000000000
2312 -50.0000000000
2333 -49.0000000000
2367 -48.0000000000
2387 -47.0000000000
2390 -46.0000000000
2414 -45.0000000000
2419 -44.0000000000
2449 -43.0000000000
2478 -42.0000000000
2503 -41.0000000000
2539 -40.0000000000
2575 -39.0000000000
2580 -38.0000000000
2661 -37.0000000000
2682 -36.0000000000
2752 -35.0000000000
2771 -34.0000000000
2827 -33.0000000000
2943 -32.0000000000
2954 -31.0000000000
3005 -30.0000000000
3075 -29.0000000000
3133 -28.0000000000
3166 -27.0000000000
3220 -26.0000000000
3264 -25.0000000000
3300 -24.0000000000
3409 -23.0000000000
3498 -22.0000000000
3547 -20.0000000000
3631 -19.0000000000
3743 -18.0000000000
3800 -17.0000000000
3811 -16.0000000000
3850 -14.0000000000
3916 -12.0000000000
3946 -11.0000000000
4001 -10.0000000000
4067 -9.0000000000
4192 -8.0000000000
4304 -7.0000000000
4400 -6.0000000000
4426 -5.0000000000
4450 -4.0000000000
4451 -3.0000000000
4485 -2.0000000000
4516 -1.0000000000
4690 379.0000000000
7666 380.0000000000
7706 382.0000000000
7740 389.0000000000
8916 396.0000000000
8937 403.0000000000
10010 -1.0000000000
evaluations raw_y
1 -227.0000000000
2 -201.0000000000
10 -199.0000000000
19 -194.0000000000
25 -190.0000000000
31 -187.0000000000
46 -178.0000000000
59 -172.0000000000
75 -171.0000000000
78 -168.0000000000
83 -167.0000000000
86 -162.0000000000
102 -161.0000000000
116 -156.0000000000
136 -154.0000000000
161 -151.0000000000
191 -149.0000000000
206 -148.0000000000
214 -146.0000000000
244 -145.0000000000
248 -144.0000000000
274 -142.0000000000
295 -141.0000000000
306 -140.0000000000
332 -138.0000000000
355 -137.0000000000
370 -136.0000000000
375 -135.0000000000
397 -134.0000000000
422 -132.0000000000
444 -131.0000000000
446 -130.0000000000
496 -129.0000000000
500 -128.0000000000
522 -127.0000000000
525 -126.0000000000
528 -125.0000000000
557 -124.0000000000
583 -123.0000000000
618 -122.0000000000
630 -121.0000000000
651 -120.0000000000
669 -119.0000000000
679 -118.0000000000
693 -117.0000000000
696 -115.0000000000
724 -114.0000000000
736 -113.0000000000
755 -112.0000000000
762 -111.0000000000
774 -110.0000000000
781 -109.0000000000
801 -108.0000000000
823 -107.0000000000
842 -106.0000000000
852 -105.0000000000
854 -103.0000000000
871 -102.0000000000
890 -101.0000000000
898 -99.0000000000
913 -98.0000000000
940 -96.0000000000
960 -94.0000000000
985 -93.0000000000
993 -92.0000000000
1010 -91.0000000000
1015 -90.0000000000
1038 -89.0000000000
1052 -88.0000000000
1086 -87.0000000000
1111 -85.0000000000
1128 -84.0000000000
1146 -83.0000000000
1147 -82.0000000000
1160 -81.0000000000
1172 -80.0000000000
1188 -79.0000000000
1189 -78.0000000000
1223 -77.0000000000
1230 -76.0000000000
1244 -75.0000000000
1263 -74.0000000000
1276 -73.0000000000
1315 -72.0000000000
1330 -71.0000000000
1368 -70.0000000000
1398 -68.0000000000
1432 -67.0000000000
1436 -66.0000000000
1448 -65.0000000000
1482 -64.0000000000
1504 -63.0000000000
1521 -62.0000000000
1554 -59.0000000000
1596 -58.0000000000
1645 -56.0000000000
1670 -55.0000000000
1676 -54.0000000000
1682 -53.0000000000
1728 -52.0000000000
1745 -51.0000000000
1788 -50.0000000000
1815 -48.0000000000
1838 -47.0000000000
1856 -46.0000000000
1858 -45.0000000000
1900 -44.0000000000
1949 -43.0000000000
1986 -42.0000000000
1996 -41.0000000000
2020 -39.0000000000
2065 -38.0000000000
2080 -37.0000000000
2091 -36.0000000000
2112 -35.0000000000
2129 -34.0000000000
2165 -33.0000000000
2171 -32.0000000000
2181 -31.0000000000
2218 -30.0000000000
2219 -29.0000000000
2251 -28.0000000000
2287 -27.0000000000
2319 -26.0000000000
2376 -25.0000000000
2417 -24.0000000000
2448 -23.0000000000
2466 -22.0000000000
2519 -21.0000000000
2574 -19.0000000000
2614 -18.0000000000
2624 -17.0000000000
2640 -16.0000000000
2655 -15.0000000000
2663 -14.0000000000
2742 -13.0000000000
2815 -12.0000000000
2914 -11.0000000000
2981 -10.0000000000
3011 -9.0000000000
3033 -7.0000000000
3230 -6.0000000000
3293 -5.0000000000
3442 -3.0000000000
3522 -2.0000000000
3668 -1.0000000000
3679 372.0000000000
4026 376.0000000000
6671 377.0000000000
6859 385.0000000000
7081 388.0000000000
7116 391.0000000000
7432 398.0000000000
9628 402.0000000000
10003 405.0000000000
10010 -1.0000000000
evaluations raw_y
1 -222.0000000000
4 -194.0000000000
9 -192.0000000000
23 -189.0000000000
36 -185.0000000000
38 -177.0000000000
42 -172.0000000000
51 -168.0000000000
70 -165.0000000000
74 -164.0000000000
86 -157.0000000000
106 -156.0000000000
109 -154.0000000000
112 -153.0000000000
126 -152.0000000000
132 -151.0000000000
134 -150.0000000000
165 -149.0000000000
170 -148.0000000000
174 -147.0000000000
180 -146.0000000000
200 -145.0000000000
203 -143.0000000000
246 -142.0000000000
282 -141.0000000000
284 -140.0000000000
319 -139.0000000000
353 -138.0000000000
360 -137.0000000000
383 -136.0000000000
387 -135.0000000000
403 -134.0000000000
423 -132.0000000000
434 -130.0000000000
459 -127.0000000000
476 -126.0000000000
500 -125.0000000000
503 -124.0000000000
511 -123.0000000000
525 -122.0000000000
538 -121.0000000000
559 -120.0000000000
596 -119.0000000000
619 -118.0000000000
626 -117.0000000000
635 -116.0000000000
647 -115.0000000000
660 -113.0000000000
704 -112.0000000000
722 -110.0000000000
730 -109.0000000000
752 -108.0000000000
756 -107.0000000000
783 -106.0000000000
801 -105.0000000000
810 -104.0000000000
812 -103.0000000000
837 -102.0000000000
875 -101.0000000000
880 -100.0000000000
900 -99.0000000000
908 -98.0000000000
938 -97.0000000000
945 -96.0000000000
961 -95.0000000000
994 -94.0000000000
1006 -93.0000000000
1013 -92.0000000000
1033 -91.0000000000
1061 -90.0000000000
1067 -89.0000000000
1080 -88.0000000000
1114 -87.0000000000
1131 -86.0000000000
1178 -85.0000000000
1198 -84.0000000000
1225 -83.0000000000
1241 -81.0000000000
1276 -80.0000000000
1309 -79.0000000000
1331 -78.0000000000
1351 -77.0000000000
1360 -76.0000000000
1376 -75.0000000000
1409 -74.0000000000
1419 -72.0000000000
1447 -71.0000000000
1459 -70.0000000000
1482 -69.0000000000
1487 -68.0000000000
1494 -67.0000000000
1508 -66.0000000000
1544 -65.0000000000
1549 -64.0000000000
1576 -63.0000000000
1601 -62.0000000000
1609 -61.0000000000
1611 -60.0000000000
1625 -58.0000000000
1665 -57.0000000000
1672 -56.0000000000
1686 -55.0000000000
1691 -54.0000000000
1704 -53.0000000000
1712 -52.0000000000
1739 -51.0000000000
1757 -50.0000000000
1766 -49.0000000000
1802 -48.0000000000
1931 -47.0000000000
1960 -46.0000000000
1975 -45.0000000000
2004 -44.0000000000
2014 -43.0000000000
2081 -42.0000000000
2129 -41.0000000000
2225 -40.0000000000
2249 -39.0000000000
2282 -38.0000000000
2308 -36.0000000000
2334 -35.0000000000
2385 -34.0000000000
2417 -32.0000000000
2457 -31.0000000000
2464 -30.0000000000
2492 -29.0000000000
2505 -27.0000000000
2554 -26.0000000000
2574 -25.0000000000
2583 -24.0000000000
2613 -23.0000000000
2664 -22.0000000000
2692 -21.0000000000
2714 -20.0000000000
2723 -19.0000000000
2756 -18.0000000000
2783 -17.0000000000
2807 -16.0000000000
2832 -15.0000000000
2874 -14.0000000000
2906 -13.0000000000
2956 -12.0000000000
3026 -11.0000000000
3086 -10.0000000000
3116 -9.0000000000
3166 -8.0000000000
3199 -7.0000000000
3243 -6.0000000000
3335 -5.0000000000
3405 -4.0000000000
3463 -3.0000000000
3495 -2.0000000000
3586 -1.0000000000
3597 394.0000000000
4505 399.0000000000
9735 403.0000000000
10010 -1.0000000000
evaluations raw_y
1 -220.0000000000
3 -214.0000000000
5 -209.0000000000
9 -207.0000000000
21 -203.0000000000
23 -202.0000000000
28 -198.0000000000
32 -192.0000000000
52 -181.0000000000
67 -180.0000000000
74 -176.0000000000
96 -175.0000000000
108 -172.0000000000
115 -171.0000000000
131 -170.0000000000
137 -169.0000000000
138 -168.0000000000
153 -167.0000000000
158 -166.0000000000
168 -165.0000000000
190 -164.0000000000
204 -163.0000000000
227 -162.0000000000
235 -161.0000000000
262 -160.0000000000
281 -158.0000000000
290 -157.0000000000
293 -156.0000000000
309 -155.0000000000
318 -154.0000000000
321 -153.0000000000
331 -152.0000000000
343 -151.0000000000
349 -150.0000000000
369 -149.0000000000
376 -148.0000000000
403 -147.0000000000
411 -145.0000000000
428 -144.0000000000
436 -143.0000000000
447 -142.0000000000
451 -141.0000000000
468 -140.0000000000
493 -139.0000000000
505 -137.0000000000
545 -136.0000000000
548 -135.0000000000
567 -134.0000000000
584 -133.0000000000
605 -132.0000000000
615 -130.0000000000
629 -129.0000000000
658 -128.0000000000
660 -127.0000000000
670 -126.0000000000
688 -125.0000000000
694 -124.0000000000
697 -123.0000000000
710 -122.0000000000
723 -120.0000000000
737 -119.0000000000
752 -118.0000000000
774 -116.0000000000
787 -115.0000000000
805 -114.0000000000
808 -113.0000000000
818 -112.0000000000
838 -111.0000000000
863 -110.0000000000
884 -108.0000000000
909 -107.0000000000
920 -106.0000000000
944 -105.0000000000
949 -104.0000000000
965 -103.0000000000
984 -102.0000000000
1014 -100.0000000000
1070 -99.0000000000
1092 -97.0000000000
1113 -96.0000000000
1131 -95.0000000000
1143 -94.0000000000
1174 -92.0000000000
1175 -91.0000000000
1184 -90.0000000000
1206 -89.0000000000
1208 -88.0000000000
1217 -87.0000000000
1223 -86.0000000000
1251 -85.0000000000
1258 -84.0000000000
1299 -83.0000000000
1302 -81.0000000000
1323 -80.0000000000
1355 -79.0000000000
1371 -78.0000000000
1381 -77.0000000000
1395 -76.0000000000
1422 -75.0000000000
1444 -74.0000000000
1471 -73.0000000000
1475 -72.0000000000
1495 -71.0000000000
1520 -70.0000000000
1527 -69.0000000000
1546 -68.0000000000
1567 -67.0000000000
1577 -66.0000000000
1600 -64.0000000000
1654 -63.0000000000
1672 -61.0000000000
1701 -60.0000000000
1712 -59.0000000000
1732 -58.0000000000
1757 -57.0000000000
1790 -56.0000000000
1825 -55.0000000000
1842 -54.0000000000
1881 -53.0000000000
1893 -52.0000000000
1923 -51.0000000000
1962 -50.0000000000
1985 -49.0000000000
2024 -48.0000000000
2051 -47.0000000000
2056 -46.0000000000
2124 -45.0000000000
2172 -44.0000000000
2231 -43.0000000000
2256 -42.0000000000
2281 -41.0000000000
2301 -40.0000000000
2317 -39.0000000000
2367 -38.0000000000
2385 -37.0000000000
2418 -36.0000000000
2458 -35.0000000000
2479 -34.0000000000
2494 -33.0000000000
2535 -32.0000000000
2543 -31.0000000000
2579 -30.0000000000
2597 -29.0000000000
2719 -28.0000000000
2740 -27.0000000000
2788 -26.0000000000
2818 -25.0000000000
2859 -24.0000000000
2864 -23.0000000000
2906 -22.0000000000
2942 -21.0000000000
2986 -20.0000000000
3031 -19.0000000000
3111 -18.0000000000
3202 -17.0000000000
3244 -16.0000000000
3268 -15.0000000000
3329 -14.0000000000
3407 -13.0000000000
3427 -12.0000000000
3439 -11.0000000000
3457 -10.0000000000
3624 -9.0000000000
3764 -8.0000000000
3919 -7.0000000000
3962 -6.0000000000
4018 -5.0000000000
4051 -4.0000000000
4064 -3.0000000000
4130 -2.0000000000
4268 -1.0000000000
4377 387.0000000000
4598 398.0000000000
4677 402.0000000000
4694 408.0000000000
4757 413.0000000000
4770 414.0000000000
6027 423.0000000000
10010 423.0000000000
evaluations raw_y
1 -198.0000000000
25 -192.0000000000
39 -190.0000000000
45 -185.0000000000
56 -184.0000000000
63 -183.0000000000
65 -177.0000000000
70 -175.0000000000
90 -174.0000000000
92 -172.0000000000
109 -168.0000000000
115 -166.0000000000
130 -164.0000000000
132 -163.0000000000
159 -162.0000000000
165 -161.0000000000
171 -160.0000000000
174 -159.0000000000
185 -158.0000000000
198 -157.0000000000
201 -156.0000000000
217 -155.0000000000
225 -154.0000000000
238 -153.0000000000
249 -152.0000000000
268 -150.0000000000
283 -149.0000000000
310 -147.0000000000
316 -146.0000000000
320 -143.0000000000
384 -142.0000000000
394 -141.0000000000
414 -140.0000000000
419 -139.0000000000
422 -138.0000000000
434 -137.0000000000
457 -136.0000000000
458 -135.0000000000
471 -133.0000000000
486 -132.0000000000
492 -131.0000000000
500 -129.0000000000
503 -128.0000000000
520 -127.0000000000
526 -126.0000000000
535 -124.0000000000
555 -123.0000000000
568 -121.0000000000
582 -120.0000000000
587 -119.0000000000
595 -118.0000000000
610 -117.0000000000
628 -116.0000000000
643 -115.0000000000
653 -113.0000000000
676 -111.0000000000
720 -110.0000000000
729 -109.0000000000
733 -108.0000000000
753 -107.0000000000
756 -106.0000000000
771 -105.0000000000
814 -104.0000000000
851 -103.0000000000
856 -100.0000000000
901 -99.0000000000
917 -98.0000000000
937 -97.0000000000
938 -96.0000000000
970 -95.0000000000
975 -94.0000000000
981 -93.0000000000
1014 -91.0000000000
1035 -89.0000000000
1049 -88.0000000000
1078 -87.0000000000
1079 -86.0000000000
1103 -85.0000000000
1108 -84.0000000000
1129 -83.0000000000
1168 -82.0000000000
1183 -81.0000000000
1206 -80.0000000000
1233 -79.0000000000
1253 -78.0000000000
1273 -77.0000000000
1289 -76.0000000000
1306 -75.0000000000
1335 -74.0000000000
1341 -73.0000000000
1370 -71.0000000000
1391 -69.0000000000
1433 -67.0000000000
1468 -66.0000000000
1472 -65.0000000000
1496 -64.0000000000
1522 -63.0000000000
1546 -62.0000000000
1551 -61.0000000000
1567 -59.0000000000
1570 -58.0000000000
1591 -57.0000000000
1606 -56.0000000000
1665 -55.0000000000
1705 -54.0000000000
1706 -53.0000000000
1727 -52.0000000000
1748 -51.0000000000
1775 -50.0000000000
1797 -49.0000000000
1801 -48.0000000000
1833 -47.0000000000
1845 -46.0000000000
1873 -45.0000000000
1914 -44.0000000000
1952 -43.0000000000
1974 -42.0000000000
1993 -41.0000000000
2038 -40.0000000000
2080 -39.0000000000
2100 -38.0000000000
2102 -37.0000000000
2122 -36.0000000000
2134 -35.0000000000
2155 -33.0000000000
2200 -32.0000000000
2267 -31.0000000000
2296 -30.0000000000
2345 -29.0000000000
2447 -28.0000000000
2474 -27.0000000000
2512 -26.0000000000
2553 -25.0000000000
2580 -24.0000000000
2585 -23.0000000000
2628 -22.0000000000
2671 -21.0000000000
2683 -20.0000000000
2687 -19.0000000000
2791 -18.0000000000
2831 -17.0000000000
2918 -16.0000000000
3017 -15.0000000000
3056 -14.0000000000
3114 -13.0000000000
3145 -12.0000000000
3307 -11.0000000000
3364 -10.0000000000
3406 -8.0000000000
3414 -7.0000000000
3449 -6.0000000000
3682 -5.0000000000
3693 -4.0000000000
3721 -3.0000000000
3807 -2.0000000000
3901 -1.0000000000
4009 375.0000000000
5675 380.0000000000
5873 389.0000000000
5946 398.0000000000
6071 400.0000000000
6512 402.0000000000
6528 404.0000000000
6545 405.0000000000
10010 -1.0000000000
evaluations raw_y
1 -222.0000000000
3 -196.0000000000
16 -194.0000000000
18 -191.0000000000
22 -189.0000000000
24 -186.0000000000
29 -185.0000000000
32 -182.0000000000
45 -173.0000000000
46 -170.0000000000
55 -168.0000000000
75 -167.0000000000
82 -164.0000000000
91 -162.0000000000
107 -161.0000000000
110 -160.0000000000
116 -159.0000000000
117 -157.0000000000
121 -154.0000000000
156 -152.0000000000
159 -151.0000000000
176 -150.0000000000
183 -149.0000000000
184 -148.0000000000
205 -147.0000000000
215 -146.0000000000
243 -145.0000000000
245 -144.0000000000
256 -143.0000000000
274 -142.0000000000
281 -141.0000000000
283 -140.0000000000
306 -139.0000000000
313 -138.0000000000
331 -136.0000000000
343 -134.0000000000
367 -133.0000000000
383 -132.0000000000
390 -131.0000000000
399 -130.0000000000
417 -129.0000000000
428 -128.0000000000
431 -127.0000000000
456 -125.0000000000
460 -123.0000000000
493 -122.0000000000
519 -119.0000000000
529 -118.0000000000
546 -117.0000000000
547 -116.0000000000
572 -115.0000000000
587 -114.0000000000
595 -113.0000000000
622 -112.0000000000
642 -111.0000000000
667 -110.0000000000
681 -109.0000000000
703 -108.0000000000
731 -106.0000000000
747 -105.0000000000
771 -104.0000000000
782 -102.0000000000
826 -101.0000000000
832 -100.0000000000
865 -99.0000000000
880 -98.0000000000
911 -97.0000000000
930 -96.0000000000
937 -95.0000000000
960 -94.0000000000
978 -93.0000000000
1000 -92.0000000000
1020 -91.0000000000
1033 -90.0000000000
1049 -89.0000000000
1074 -88.0000000000
1080 -87.0000000000
1082 -86.0000000000
1094 -85.0000000000
1108 -84.0000000000
1125 -83.0000000000
1128 -81.0000000000
1160 -80.0000000000
1205 -79.0000000000
1224 -78.0000000000
1244 -77.0000000000
1274 -76.0000000000
1284 -75.0000000000
1308 -74.0000000000
1323 -73.0000000000
1347 -72.0000000000
1376 -71.0000000000
1430 -70.0000000000
1469 -69.0000000000
1489 -68.0000000000
1523 -67.0000000000
1551 -66.0000000000
1579 -65.0000000000
1581 -64.0000000000
1585 -62.0000000000
1667 -61.0000000000
1711 -60.0000000000
1716 -59.0000000000
1736 -58.0000000000
1764 -57.0000000000
1788 -56.0000000000
1798 -55.0000000000
1831 -54.0000000000
1896 -53.0000000000
1899 -52.0000000000
1911 -51.0000000000
1925 -50.0000000000
1959 -49.0000000000
2028 -48.0000000000
2059 -47.0000000000
2091 -46.0000000000
2101 -45.0000000000
2120 -44.0000000000
2136 -43.0000000000
2176 -42.0000000000
2195 -41.0000000000
2220 -40.0000000000
2228 -39.0000000000
2267 -38.0000000000
2307 -37.0000000000
2336 -36.0000000000
2356 -35.0000000000
2406 -34.0000000000
2444 -33.0000000000
2498 -32.0000000000
2501 -31.0000000000
2533 -30.0000000000
2553 -29.0000000000
2576 -28.0000000000
2586 -27.0000000000
2622 -26.0000000000
2632 -25.0000000000
2672 -24.0000000000
2698 -23.0000000000
2858 -22.0000000000
2894 -21.0000000000
2963 -20.0000000000
3068 -19.0000000000
3140 -18.0000000000
3225 -17.0000000000
3252 -16.0000000000
3510 -15.0000000000
3605 -14.0000000000
3647 -13.0000000000
3791 -12.0000000000
3840 -11.0000000000
3865 -10.0000000000
3895 -9.0000000000
4020 -8.0000000000
4082 -7.0000000000
4158 -6.0000000000
4182 -5.0000000000
4384 -4.0000000000
4416 -3.0000000000
4465 -2.0000000000
4486 -1.0000000000
4513 387.0000000000
5774 389.0000000000
5782 390.0000000000
5788 397.0000000000
6375 399.0000000000
6433 402.0000000000
8002 406.0000000000
9097 410.0000000000
9545 411.0000000000
10010 411.0000000000
evaluations raw_y
1 -224.0000000000
2 -209.0000000000
5 -206.0000000000
16 -205.0000000000
18 -203.0000000000
19 -200.0000000000
25 -199.0000000000
30 -195.0000000000
32 -190.0000000000
34 -188.0000000000
37 -187.0000000000
56 -186.0000000000
57 -182.0000000000
68 -175.0000000000
89 -172.0000000000
110 -170.0000000000
113 -169.0000000000
117 -167.0000000000
123 -161.0000000000
134 -159.0000000000
152 -158.0000000000
158 -157.0000000000
159 -156.0000000000
160 -155.0000000000
162 -154.0000000000
173 -153.0000000000
182 -151.0000000000
214 -147.0000000000
233 -146.0000000000
