evaluations raw_y
1 -2018.0000000000
2 -2012.0000000000
3 -1971.0000000000
4 -1965.0000000000
14 -1955.0000000000
25 -1938.0000000000
27 -1921.0000000000
329 -1911.0000000000
377 -1906.0000000000
428 -1892.0000000000
866 -1881.0000000000
5157 -1869.0000000000
10001 -2013.0000000000
evaluations raw_y
1 -2053.0000000000
2 -2017.0000000000
4 -2016.0000000000
5 -1992.0000000000
6 -1960.0000000000
7 -1952.0000000000
21 -1949.0000000000
39 -1940.0000000000
61 -1913.0000000000
472 -1910.0000000000
672 -1904.0000000000
1705 -1851.0000000000
10001 -1998.0000000000
evaluations raw_y
1 -1926.0000000000
32 -1902.0000000000
5616 -1887.0000000000
8444 -1884.0000000000
10001 -1979.0000000000
evaluations raw_y
1 -1966.0000000000
10 -1940.0000000000
33 -1935.0000000000
35 -1919.0000000000
555 -1879.0000000000
4227 -1877.0000000000
6713 -1875.0000000000
10001 -1979.0000000000
evaluations raw_y
1 -2028.0000000000
2 -1944.0000000000
23 -1936.0000000000
136 -1925.0000000000
401 -1923.0000000000
536 -1916.0000000000
648 -1912.0000000000
1533 -1909.0000000000
2409 -1903.0000000000
2613 -1899.0000000000
3146 -1894.0000000000
4676 -1889.0000000000
5530 -1874.0000000000
10001 -1967.0000000000
evaluations raw_y
1 -2031.0000000000
2 -2014.0000000000
3 -1942.0000000000
44 -1935.0000000000
79 -1917.0000000000
117 -1912.0000000000
198 -1902.0000000000
257 -1896.0000000000
3150 -1890.0000000000
4719 -1889.0000000000
6474 -1884.0000000000
10001 -2037.0000000000
evaluations raw_y
1 -1991.0000000000
7 -1976.0000000000
18 -1974.0000000000
20 -1958.0000000000
24 -1940.0000000000
80 -1935.0000000000
110 -1930.0000000000
123 -1918.0000000000
205 -1914.0000000000
367 -1912.0000000000
591 -1910.0000000000
669 -1903.0000000000
875 -1890.0000000000
3923 -1873.0000000000
10001 -2017.0000000000
evaluations raw_y
1 -1989.0000000000
2 -1980.0000000000
9 -1919.0000000000
326 -1917.0000000000
490 -1912.0000000000
1182 -1910.0000000000
1582 -1905.0000000000
1736 -1904.0000000000
2024 -1891.0000000000
6230 -1871.0000000000
10001 -2036.0000000000
evaluations raw_y
1 -1959.0000000000
15 -1958.0000000000
22 -1930.0000000000
86 -1924.0000000000
322 -1919.0000000000
493 -1910.0000000000
739 -1908.0000000000
2333 -1883.0000000000
10001 -2035.0000000000
evaluations raw_y
1 -2047.0000000000
2 -1988.0000000000
4 -1983.0000000000
5 -1951.0000000000
9 -1945.0000000000
15 -1923.0000000000
227 -1909.0000000000
801 -1907.0000000000
811 -1903.0000000000
2485 -1902.0000000000
3097 -1891.0000000000
5633 -1877.0000000000
10001 -2023.0000000000
evaluations raw_y
1 -2016.0000000000
3 -2010.0000000000
4 -1954.0000000000
5 -1945.0000000000
34 -1882.0000000000
10001 -2043.0000000000
evaluations raw_y
1 -2011.0000000000
2 -1998.0000000000
3 -1976.0000000000
12 -1941.0000000000
34 -1916.0000000000
253 -1911.0000000000
595 -1898.0000000000
1296 -1878.0000000000
10001 -1942.0000000000
evaluations raw_y
1 -2028.0000000000
2 -1909.0000000000
6 -1908.0000000000
460 -1900.0000000000
757 -1897.0000000000
2378 -1888.0000000000
10001 -1996.0000000000
evaluations raw_y
1 -1967.0000000000
15 -1931.0000000000
59 -1923.0000000000
195 -1920.0000000000
325 -1915.0000000000
342 -1852.0000000000
10001 -1988.0000000000
evaluations raw_y
1 -1918.0000000000
361 -1917.0000000000
734 -1902.0000000000
1061 -1887.0000000000
3455 -1879.0000000000
10001 -1987.0000000000
evaluations raw_y
1 -1974.0000000000
2 -1970.0000000000
4 -1943.0000000000
42 -1922.0000000000
71 -1909.0000000000
496 -1897.0000000000
2051 -1895.0000000000
5468 -1885.0000000000
7759 -1880.0000000000
10001 -2068.0000000000
evaluations raw_y
1 -1981.0000000000
8 -1961.0000000000
14 -1949.0000000000
20 -1943.0000000000
33 -1934.0000000000
170 -1932.0000000000
254 -1924.0000000000
355 -1913.0000000000
569 -1910.0000000000
1312 -1908.0000000000
2162 -1906.0000000000
2840 -1883.0000000000
4883 -1877.0000000000
10001 -1971.0000000000
evaluations raw_y
1 -1965.0000000000
4 -1957.0000000000
25 -1951.0000000000
35 -1933.0000000000
65 -1909.0000000000
327 -1883.0000000000
8774 -1881.0000000000
10001 -1938.0000000000
evaluations raw_y
1 -1983.0000000000
5 -1978.0000000000
8 -1969.0000000000
10 -1952.0000000000
60 -1939.0000000000
86 -1938.0000000000
95 -1919.0000000000
225 -1912.0000000000
2782 -1891.0000000000
8630 -1888.0000000000
10001 -2025.0000000000
evaluations raw_y
1 -1973.0000000000
7 -1966.0000000000
10 -1954.0000000000
52 -1921.0000000000
177 -1907.0000000000
206 -1899.0000000000
1103 -1883.0000000000
3347 -1877.0000000000
5379 -1872.0000000000
6939 -1871.0000000000
9444 -1854.0000000000
10001 -1973.0000000000
evaluations raw_y
1 -1983.0000000000
3 -1915.0000000000
100 -1909.0000000000
177 -1907.0000000000
388 -1893.0000000000
409 -1889.0000000000
4741 -1875.0000000000
10001 -1934.0000000000
evaluations raw_y
1 -2009.0000000000
2 -1984.0000000000
3 -1978.0000000000
11 -1969.0000000000
13 -1955.0000000000
14 -1944.0000000000
34 -1929.0000000000
195 -1921.0000000000
223 -1918.0000000000
564 -1916.0000000000
589 -1900.0000000000
2062 -1895.0000000000
9554 -1881.0000000000
10001 -2011.0000000000
evaluations raw_y
1 -1958.0000000000
4 -1951.0000000000
8 -1919.0000000000
127 -1908.0000000000
351 -1887.0000000000
10001 -2040.0000000000
evaluations raw_y
1 -1985.0000000000
2 -1981.0000000000
3 -1979.0000000000
5 -1955.0000000000
9 -1952.0000000000
10 -1946.0000000000
55 -1945.0000000000
123 -1915.0000000000
365 -1913.0000000000
890 -1908.0000000000
1387 -1897.0000000000
4780 -1888.0000000000
9067 -1883.0000000000
10001 -2021.0000000000
evaluations raw_y
1 -1955.0000000000
40 -1917.0000000000
423 -1913.0000000000
800 -1901.0000000000
1022 -1898.0000000000
1473 -1880.0000000000
3033 -1875.0000000000
10001 -1975.0000000000
evaluations raw_y
1 -2014.0000000000
3 -2013.0000000000
4 -1951.0000000000
5 -1940.0000000000
30 -1926.0000000000
36 -1912.0000000000
447 -1908.0000000000
873 -1889.0000000000
4304 -1879.0000000000
5911 -1878.0000000000
10001 -2083.0000000000
evaluations raw_y
1 -2007.0000000000
2 -1987.0000000000
5 -1969.0000000000
16 -1928.0000000000
59 -1921.0000000000
131 -1910.0000000000
1232 -1905.0000000000
2170 -1896.0000000000
3495 -1895.0000000000
7518 -1881.0000000000
10001 -2019.0000000000
evaluations raw_y
1 -2012.0000000000
2 -2003.0000000000
5 -1986.0000000000
7 -1972.0000000000
10 -1948.0000000000
45 -1896.0000000000
1802 -1892.0000000000
6032 -1888.0000000000
10001 -1933.0000000000
evaluations raw_y
1 -2022.0000000000
2 -2017.0000000000
5 -1953.0000000000
7 -1952.0000000000
18 -1948.0000000000
39 -1932.0000000000
49 -1920.0000000000
163 -1913.0000000000
618 -1912.0000000000
645 -1902.0000000000
2093 -1894.0000000000
3189 -1877.0000000000
4914 -1874.0000000000
10001 -2010.0000000000
evaluations raw_y
1 -2038.0000000000
3 -2000.0000000000
5 -1937.0000000000
11 -1930.0000000000
116 -1912.0000000000
133 -1902.0000000000
1598 -1897.0000000000
8164 -1882.0000000000
9744 -1859.0000000000
10001 -2064.0000000000
