evaluations raw_y
1 -378.0000000000
3 -377.0000000000
6 -371.0000000000
7 -363.0000000000
8 -350.0000000000
24 -345.0000000000
36 -340.0000000000
347 -335.0000000000
375 -334.0000000000
379 -330.0000000000
990 -316.0000000000
5235 -313.0000000000
10001 -381.0000000000
evaluations raw_y
1 -386.0000000000
2 -342.0000000000
87 -338.0000000000
112 -334.0000000000
821 -333.0000000000
1129 -325.0000000000
1790 -312.0000000000
2508 -308.0000000000
10001 -365.0000000000
evaluations raw_y
1 -358.0000000000
15 -345.0000000000
19 -338.0000000000
44 -334.0000000000
72 -333.0000000000
236 -329.0000000000
269 -328.0000000000
2467 -321.0000000000
8298 -318.0000000000
10001 -355.0000000000
evaluations raw_y
1 -362.0000000000
9 -359.0000000000
11 -333.0000000000
234 -323.0000000000
424 -317.0000000000
2848 -313.0000000000
10001 -360.0000000000
evaluations raw_y
1 -371.0000000000
4 -356.0000000000
16 -339.0000000000
21 -329.0000000000
1456 -323.0000000000
1637 -316.0000000000
10001 -373.0000000000
evaluations raw_y
1 -382.0000000000
2 -356.0000000000
7 -338.0000000000
75 -332.0000000000
100 -315.0000000000
10001 -368.0000000000
evaluations raw_y
1 -358.0000000000
8 -354.0000000000
10 -339.0000000000
21 -319.0000000000
37 -312.0000000000
10001 -381.0000000000
evaluations raw_y
1 -354.0000000000
7 -353.0000000000
8 -340.0000000000
40 -334.0000000000
45 -331.0000000000
116 -323.0000000000
396 -322.0000000000
2235 -320.0000000000
3961 -318.0000000000
8116 -310.0000000000
10001 -371.0000000000
evaluations raw_y
1 -373.0000000000
4 -360.0000000000
10 -359.0000000000
14 -340.0000000000
110 -328.0000000000
2230 -326.0000000000
3140 -318.0000000000
6469 -314.0000000000
10001 -379.0000000000
evaluations raw_y
1 -378.0000000000
2 -374.0000000000
3 -362.0000000000
5 -357.0000000000
9 -356.0000000000
10 -353.0000000000
11 -349.0000000000
32 -336.0000000000
164 -330.0000000000
994 -326.0000000000
6353 -322.0000000000
10001 -380.0000000000
evaluations raw_y
1 -365.0000000000
2 -364.0000000000
4 -355.0000000000
7 -346.0000000000
66 -344.0000000000
140 -333.0000000000
284 -328.0000000000
458 -323.0000000000
4468 -313.0000000000
10001 -371.0000000000
evaluations raw_y
1 -359.0000000000
3 -346.0000000000
7 -344.0000000000
63 -343.0000000000
97 -338.0000000000
354 -322.0000000000
859 -319.0000000000
4543 -311.0000000000
10001 -409.0000000000
evaluations raw_y
1 -357.0000000000
7 -356.0000000000
10 -345.0000000000
71 -338.0000000000
75 -336.0000000000
160 -335.0000000000
315 -330.0000000000
562 -321.0000000000
10001 -366.0000000000
evaluations raw_y
1 -369.0000000000
2 -363.0000000000
4 -361.0000000000
14 -354.0000000000
18 -352.0000000000
20 -335.0000000000
59 -326.0000000000
404 -324.0000000000
1424 -321.0000000000
1692 -319.0000000000
10001 -377.0000000000
evaluations raw_y
1 -344.0000000000
11 -340.0000000000
13 -331.0000000000
210 -328.0000000000
1296 -324.0000000000
7717 -320.0000000000
10001 -395.0000000000
evaluations raw_y
1 -371.0000000000
8 -362.0000000000
18 -345.0000000000
19 -338.0000000000
46 -333.0000000000
201 -330.0000000000
386 -313.0000000000
10001 -396.0000000000
evaluations raw_y
1 -380.0000000000
3 -378.0000000000
4 -356.0000000000
20 -351.0000000000
46 -346.0000000000
51 -343.0000000000
114 -341.0000000000
136 -325.0000000000
8738 -319.0000000000
9454 -312.0000000000
10001 -379.0000000000
evaluations raw_y
1 -366.0000000000
3 -360.0000000000
8 -343.0000000000
24 -342.0000000000
212 -330.0000000000
1463 -322.0000000000
5298 -320.0000000000
10001 -351.0000000000
evaluations raw_y
1 -367.0000000000
2 -364.0000000000
3 -343.0000000000
40 -339.0000000000
63 -335.0000000000
82 -332.0000000000
162 -329.0000000000
661 -328.0000000000
2056 -324.0000000000
5712 -320.0000000000
10001 -376.0000000000
evaluations raw_y
1 -367.0000000000
2 -353.0000000000
26 -351.0000000000
37 -339.0000000000
224 -330.0000000000
402 -322.0000000000
3693 -318.0000000000
10001 -361.0000000000
evaluations raw_y
1 -366.0000000000
3 -359.0000000000
5 -348.0000000000
10 -341.0000000000
12 -327.0000000000
2950 -323.0000000000
4303 -322.0000000000
8300 -316.0000000000
10001 -367.0000000000
evaluations raw_y
1 -378.0000000000
3 -362.0000000000
4 -358.0000000000
9 -348.0000000000
22 -340.0000000000
50 -338.0000000000
60 -336.0000000000
91 -335.0000000000
492 -325.0000000000
5317 -317.0000000000
10001 -347.0000000000
evaluations raw_y
1 -382.0000000000
2 -357.0000000000
6 -333.0000000000
116 -326.0000000000
705 -323.0000000000
2868 -321.0000000000
7094 -320.0000000000
10001 -384.0000000000
evaluations raw_y
1 -384.0000000000
2 -362.0000000000
6 -352.0000000000
12 -348.0000000000
16 -347.0000000000
28 -339.0000000000
53 -338.0000000000
103 -332.0000000000
581 -329.0000000000
761 -325.0000000000
899 -324.0000000000
3107 -321.0000000000
10001 -382.0000000000
evaluations raw_y
1 -366.0000000000
3 -361.0000000000
8 -355.0000000000
11 -345.0000000000
12 -323.0000000000
3022 -321.0000000000
7899 -320.0000000000
10001 -371.0000000000
evaluations raw_y
1 -389.0000000000
2 -371.0000000000
4 -360.0000000000
8 -359.0000000000
11 -355.0000000000
17 -353.0000000000
20 -337.0000000000
190 -331.0000000000
1663 -329.0000000000
1738 -312.0000000000
10001 -380.0000000000
evaluations raw_y
1 -386.0000000000
2 -375.0000000000
4 -360.0000000000
5 -351.0000000000
9 -348.0000000000
11 -337.0000000000
47 -336.0000000000
139 -330.0000000000
471 -327.0000000000
2895 -326.0000000000
3656 -323.0000000000
5206 -319.0000000000
10001 -375.0000000000
evaluations raw_y
1 -372.0000000000
2 -362.0000000000
5 -357.0000000000
6 -355.0000000000
8 -345.0000000000
38 -331.0000000000
140 -326.0000000000
1592 -323.0000000000
3815 -322.0000000000
9532 -320.0000000000
10001 -365.0000000000
evaluations raw_y
1 -362.0000000000
2 -350.0000000000
3 -348.0000000000
22 -347.0000000000
25 -344.0000000000
78 -336.0000000000
472 -332.0000000000
801 -322.0000000000
10001 -366.0000000000
evaluations raw_y
1 -366.0000000000
2 -349.0000000000
24 -345.0000000000
38 -335.0000000000
71 -330.0000000000
3161 -328.0000000000
3611 -326.0000000000
4210 -325.0000000000
4434 -322.0000000000
10001 -367.0000000000
