evaluations raw_y
1 2350.0000000000
2 2681.0000000000
4 2721.0000000000
5 2871.0000000000
6 2881.0000000000
14 3230.0000000000
25 3288.0000000000
31 3340.0000000000
42 3415.0000000000
46 3461.0000000000
49 3479.0000000000
56 3591.0000000000
69 3676.0000000000
85 3700.0000000000
91 3725.0000000000
99 3773.0000000000
102 3871.0000000000
117 3878.0000000000
119 3896.0000000000
120 3911.0000000000
122 3959.0000000000
132 3968.0000000000
135 4027.0000000000
148 4032.0000000000
151 4079.0000000000
160 4133.0000000000
165 4181.0000000000
168 4234.0000000000
184 4268.0000000000
191 4311.0000000000
218 4318.0000000000
228 4324.0000000000
234 4381.0000000000
238 4394.0000000000
240 4395.0000000000
253 4469.0000000000
255 4489.0000000000
259 4496.0000000000
268 4547.0000000000
294 4585.0000000000
305 4598.0000000000
310 4638.0000000000
336 4651.0000000000
365 4711.0000000000
379 4714.0000000000
381 4746.0000000000
386 4760.0000000000
393 4766.0000000000
396 4780.0000000000
412 4783.0000000000
460 4790.0000000000
466 4817.0000000000
495 4834.0000000000
506 4858.0000000000
516 4860.0000000000
523 4897.0000000000
566 4917.0000000000
616 4952.0000000000
692 4964.0000000000
694 4977.0000000000
704 4989.0000000000
845 5005.0000000000
850 5043.0000000000
857 5050.0000000000
100001 4971.0000000000
evaluations raw_y
1 2505.0000000000
3 2820.0000000000
13 2921.0000000000
15 2950.0000000000
16 2990.0000000000
19 3014.0000000000
24 3065.0000000000
27 3180.0000000000
29 3203.0000000000
31 3226.0000000000
36 3280.0000000000
37 3350.0000000000
40 3397.0000000000
58 3409.0000000000
65 3416.0000000000
66 3476.0000000000
69 3519.0000000000
81 3563.0000000000
85 3593.0000000000
88 3662.0000000000
90 3670.0000000000
92 3731.0000000000
93 3803.0000000000
100 3811.0000000000
107 3824.0000000000
110 3855.0000000000
112 3863.0000000000
121 3892.0000000000
126 3906.0000000000
127 3923.0000000000
145 4015.0000000000
156 4063.0000000000
182 4138.0000000000
200 4157.0000000000
216 4169.0000000000
231 4222.0000000000
244 4334.0000000000
267 4354.0000000000
292 4383.0000000000
298 4434.0000000000
345 4478.0000000000
376 4496.0000000000
378 4542.0000000000
413 4573.0000000000
443 4577.0000000000
452 4608.0000000000
459 4632.0000000000
489 4684.0000000000
530 4757.0000000000
541 4793.0000000000
564 4890.0000000000
595 4910.0000000000
597 4929.0000000000
615 4970.0000000000
640 5007.0000000000
826 5036.0000000000
923 5039.0000000000
1066 5050.0000000000
100001 5034.0000000000
evaluations raw_y
1 2863.0000000000
3 2881.0000000000
6 2990.0000000000
13 3168.0000000000
17 3262.0000000000
21 3280.0000000000
22 3322.0000000000
26 3385.0000000000
27 3394.0000000000
31 3510.0000000000
36 3650.0000000000
43 3656.0000000000
56 3736.0000000000
64 3783.0000000000
81 3864.0000000000
90 3916.0000000000
94 3948.0000000000
99 3956.0000000000
106 3974.0000000000
110 4008.0000000000
122 4016.0000000000
134 4021.0000000000
138 4037.0000000000
140 4075.0000000000
142 4142.0000000000
155 4155.0000000000
157 4204.0000000000
165 4263.0000000000
172 4327.0000000000
181 4340.0000000000
199 4354.0000000000
205 4356.0000000000
217 4373.0000000000
248 4388.0000000000
249 4417.0000000000
251 4431.0000000000
256 4457.0000000000
262 4481.0000000000
271 4486.0000000000
284 4526.0000000000
299 4538.0000000000
325 4540.0000000000
330 4590.0000000000
341 4591.0000000000
343 4594.0000000000
389 4610.0000000000
394 4684.0000000000
409 4701.0000000000
410 4756.0000000000
425 4771.0000000000
440 4797.0000000000
444 4843.0000000000
500 4857.0000000000
560 4859.0000000000
563 4894.0000000000
606 4962.0000000000
688 4963.0000000000
739 4980.0000000000
769 5023.0000000000
838 5030.0000000000
887 5035.0000000000
1052 5050.0000000000
100001 5050.0000000000
evaluations raw_y
1 2459.0000000000
2 2653.0000000000
4 2905.0000000000
5 3033.0000000000
13 3194.0000000000
25 3378.0000000000
30 3478.0000000000
47 3539.0000000000
51 3543.0000000000
56 3548.0000000000
60 3570.0000000000
64 3575.0000000000
66 3588.0000000000
74 3599.0000000000
76 3639.0000000000
79 3674.0000000000
93 3694.0000000000
97 3757.0000000000
111 3856.0000000000
121 3863.0000000000
130 3901.0000000000
152 3908.0000000000
153 3952.0000000000
158 3981.0000000000
168 4010.0000000000
173 4081.0000000000
181 4087.0000000000
194 4106.0000000000
214 4152.0000000000
228 4222.0000000000
236 4229.0000000000
237 4280.0000000000
252 4322.0000000000
277 4379.0000000000
298 4391.0000000000
303 4418.0000000000
305 4447.0000000000
314 4492.0000000000
323 4498.0000000000
339 4502.0000000000
343 4516.0000000000
354 4546.0000000000
380 4567.0000000000
384 4610.0000000000
393 4618.0000000000
419 4645.0000000000
425 4684.0000000000
428 4721.0000000000
443 4749.0000000000
459 4774.0000000000
469 4778.0000000000
476 4821.0000000000
557 4877.0000000000
594 4927.0000000000
638 4959.0000000000
646 4995.0000000000
660 5007.0000000000
741 5016.0000000000
881 5023.0000000000
1190 5050.0000000000
100001 5041.0000000000
evaluations raw_y
1 2478.0000000000
4 2766.0000000000
5 2898.0000000000
8 2923.0000000000
12 3017.0000000000
16 3066.0000000000
20 3079.0000000000
21 3205.0000000000
35 3290.0000000000
36 3299.0000000000
38 3640.0000000000
57 3677.0000000000
61 3705.0000000000
64 3728.0000000000
66 3733.0000000000
72 3739.0000000000
75 3797.0000000000
80 3819.0000000000
83 3825.0000000000
85 3827.0000000000
95 3856.0000000000
105 3862.0000000000
107 3891.0000000000
108 3931.0000000000
110 3998.0000000000
125 4009.0000000000
133 4102.0000000000
138 4103.0000000000
143 4111.0000000000
148 4162.0000000000
155 4256.0000000000
165 4258.0000000000
167 4259.0000000000
168 4324.0000000000
175 4387.0000000000
184 4401.0000000000
191 4426.0000000000
198 4450.0000000000
199 4495.0000000000
205 4593.0000000000
219 4598.0000000000
226 4648.0000000000
236 4684.0000000000
273 4702.0000000000
342 4757.0000000000
350 4771.0000000000
362 4792.0000000000
366 4798.0000000000
373 4846.0000000000
395 4861.0000000000
396 4890.0000000000
413 4967.0000000000
487 4987.0000000000
529 5027.0000000000
597 5041.0000000000
795 5050.0000000000
100001 5003.0000000000
evaluations raw_y
1 2433.0000000000
5 2798.0000000000
10 2804.0000000000
22 2845.0000000000
24 3063.0000000000
32 3126.0000000000
43 3250.0000000000
46 3281.0000000000
55 3361.0000000000
60 3383.0000000000
68 3398.0000000000
75 3425.0000000000
80 3429.0000000000
83 3442.0000000000
90 3506.0000000000
95 3520.0000000000
97 3597.0000000000
119 3651.0000000000
124 3807.0000000000
131 3850.0000000000
155 3895.0000000000
158 3916.0000000000
161 3946.0000000000
166 3947.0000000000
170 3967.0000000000
182 3976.0000000000
188 4046.0000000000
193 4056.0000000000
204 4075.0000000000
207 4200.0000000000
245 4250.0000000000
258 4276.0000000000
285 4279.0000000000
289 4324.0000000000
294 4331.0000000000
297 4364.0000000000
300 4444.0000000000
313 4447.0000000000
314 4474.0000000000
320 4531.0000000000
336 4563.0000000000
347 4570.0000000000
352 4651.0000000000
360 4662.0000000000
364 4713.0000000000
376 4724.0000000000
400 4801.0000000000
450 4820.0000000000
453 4843.0000000000
455 4862.0000000000
462 4902.0000000000
486 4934.0000000000
488 4951.0000000000
497 4989.0000000000
516 4996.0000000000
657 5015.0000000000
660 5039.0000000000
904 5042.0000000000
974 5050.0000000000
100001 4925.0000000000
evaluations raw_y
1 2193.0000000000
3 2723.0000000000
6 2902.0000000000
12 2946.0000000000
13 3092.0000000000
14 3425.0000000000
25 3458.0000000000
34 3570.0000000000
40 3592.0000000000
44 3745.0000000000
56 3781.0000000000
70 3793.0000000000
71 3853.0000000000
77 3977.0000000000
89 4059.0000000000
107 4126.0000000000
115 4137.0000000000
116 4178.0000000000
117 4185.0000000000
137 4203.0000000000
139 4206.0000000000
153 4254.0000000000
169 4301.0000000000
177 4305.0000000000
178 4308.0000000000
184 4364.0000000000
195 4388.0000000000
205 4396.0000000000
220 4407.0000000000
233 4413.0000000000
236 4422.0000000000
238 4477.0000000000
261 4515.0000000000
295 4518.0000000000
323 4572.0000000000
326 4629.0000000000
329 4670.0000000000
344 4685.0000000000
347 4717.0000000000
393 4771.0000000000
417 4799.0000000000
430 4817.0000000000
434 4826.0000000000
436 4855.0000000000
476 4857.0000000000
479 4917.0000000000
497 4918.0000000000
508 4954.0000000000
539 4966.0000000000
554 5032.0000000000
577 5038.0000000000
591 5050.0000000000
100001 4982.0000000000
evaluations raw_y
1 2832.0000000000
2 3121.0000000000
15 3183.0000000000
17 3331.0000000000
25 3346.0000000000
36 3427.0000000000
38 3557.0000000000
39 3570.0000000000
45 3602.0000000000
49 3663.0000000000
55 3762.0000000000
62 3781.0000000000
69 3789.0000000000
70 3828.0000000000
95 3893.0000000000
101 3919.0000000000
107 3930.0000000000
110 3943.0000000000
118 3983.0000000000
121 4041.0000000000
129 4087.0000000000
130 4091.0000000000
131 4115.0000000000
135 4130.0000000000
143 4143.0000000000
150 4157.0000000000
152 4183.0000000000
153 4189.0000000000
156 4203.0000000000
160 4224.0000000000
172 4277.0000000000
178 4278.0000000000
183 4339.0000000000
192 4404.0000000000
206 4429.0000000000
216 4506.0000000000
231 4547.0000000000
254 4576.0000000000
262 4578.0000000000
280 4615.0000000000
289 4658.0000000000
313 4682.0000000000
328 4739.0000000000
353 4757.0000000000
360 4758.0000000000
371 4820.0000000000
391 4872.0000000000
397 4902.0000000000
401 4920.0000000000
419 4955.0000000000
499 4969.0000000000
501 4976.0000000000
547 4982.0000000000
767 4985.0000000000
776 5004.0000000000
781 5014.0000000000
786 5015.0000000000
806 5026.0000000000
824 5040.0000000000
1152 5042.0000000000
1302 5050.0000000000
100001 5050.0000000000
evaluations raw_y
1 2357.0000000000
2 3186.0000000000
9 3334.0000000000
19 3389.0000000000
24 3417.0000000000
32 3419.0000000000
38 3460.0000000000
42 3484.0000000000
46 3520.0000000000
47 3665.0000000000
56 3680.0000000000
59 3735.0000000000
61 3744.0000000000
65 3745.0000000000
75 3825.0000000000
85 3867.0000000000
100 3913.0000000000
109 3923.0000000000
112 3935.0000000000
118 3973.0000000000
125 4041.0000000000
127 4101.0000000000
141 4111.0000000000
145 4115.0000000000
148 4118.0000000000
150 4181.0000000000
154 4185.0000000000
159 4223.0000000000
175 4242.0000000000
180 4253.0000000000
181 4339.0000000000
199 4356.0000000000
202 4382.0000000000
212 4423.0000000000
238 4505.0000000000
250 4545.0000000000
269 4565.0000000000
298 4602.0000000000
299 4630.0000000000
305 4663.0000000000
306 4703.0000000000
313 4722.0000000000
342 4733.0000000000
356 4799.0000000000
418 4868.0000000000
421 4885.0000000000
430 4890.0000000000
458 4891.0000000000
462 4926.0000000000
467 4927.0000000000
515 4964.0000000000
548 4970.0000000000
631 5005.0000000000
751 5008.0000000000
766 5015.0000000000
771 5018.0000000000
909 5050.0000000000
100001 5050.0000000000
evaluations raw_y
1 1864.0000000000
2 2551.0000000000
3 3337.0000000000
11 3359.0000000000
16 3477.0000000000
20 3639.0000000000
28 3690.0000000000
33 3743.0000000000
47 3809.0000000000
48 3894.0000000000
76 3912.0000000000
78 3914.0000000000
80 3958.0000000000
81 4018.0000000000
98 4050.0000000000
111 4112.0000000000
115 4168.0000000000
124 4192.0000000000
125 4255.0000000000
133 4272.0000000000
141 4307.0000000000
148 4308.0000000000
154 4356.0000000000
174 4390.0000000000
190 4395.0000000000
202 4432.0000000000
212 4447.0000000000
227 4454.0000000000
236 4529.0000000000
244 4536.0000000000
255 4545.0000000000
264 4559.0000000000
266 4588.0000000000
287 4604.0000000000
378 4679.0000000000
389 4697.0000000000
391 4732.0000000000
407 4774.0000000000
468 4775.0000000000
581 4779.0000000000
622 4853.0000000000
685 4871.0000000000
704 4890.0000000000
713 4973.0000000000
726 4984.0000000000
748 5029.0000000000
1519 5050.0000000000
100001 5028.0000000000
