evaluations raw_y
1 -1215.0000000000
12 -1206.0000000000
14 -1147.0000000000
19 -1108.0000000000
23 -1079.0000000000
26 -943.0000000000
40 -904.0000000000
50 -894.0000000000
51 -865.0000000000
54 -797.0000000000
59 -777.0000000000
60 -748.0000000000
79 -680.0000000000
94 -602.0000000000
113 -544.0000000000
136 -515.0000000000
150 -486.0000000000
163 -447.0000000000
172 -418.0000000000
179 -389.0000000000
203 -360.0000000000
207 -350.0000000000
220 -331.0000000000
238 -292.0000000000
297 -273.0000000000
312 -254.0000000000
335 -244.0000000000
349 -225.0000000000
400 -167.0000000000
424 -128.0000000000
426 -109.0000000000
450 -99.0000000000
456 -90.0000000000
517 -89.0000000000
650 -70.0000000000
676 -69.0000000000
727 -60.0000000000
754 -51.0000000000
781 -42.0000000000
865 -41.0000000000
901 -13.0000000000
928 -12.0000000000
953 -11.0000000000
1184 -2.0000000000
1236 7.0000000000
1492 8.0000000000
3990 9.0000000000
100010 8.0000000000
evaluations raw_y
1 -1605.0000000000
2 -1507.0000000000
3 -1108.0000000000
24 -962.0000000000
33 -952.0000000000
44 -923.0000000000
46 -913.0000000000
50 -875.0000000000
56 -738.0000000000
75 -719.0000000000
77 -680.0000000000
80 -670.0000000000
103 -651.0000000000
112 -641.0000000000
127 -622.0000000000
129 -612.0000000000
130 -583.0000000000
143 -554.0000000000
165 -544.0000000000
166 -515.0000000000
176 -505.0000000000
200 -476.0000000000
235 -447.0000000000
237 -408.0000000000
242 -379.0000000000
248 -369.0000000000
261 -301.0000000000
293 -272.0000000000
301 -253.0000000000
305 -233.0000000000
323 -224.0000000000
334 -214.0000000000
342 -185.0000000000
357 -166.0000000000
447 -127.0000000000
472 -118.0000000000
477 -108.0000000000
501 -89.0000000000
538 -80.0000000000
554 -61.0000000000
563 -52.0000000000
565 -51.0000000000
587 -50.0000000000
602 -42.0000000000
629 -41.0000000000
668 -22.0000000000
680 -21.0000000000
819 -12.0000000000
899 -3.0000000000
953 6.0000000000
1001 7.0000000000
1290 8.0000000000
10855 9.0000000000
100010 -49.0000000000
evaluations raw_y
1 -1595.0000000000
2 -1352.0000000000
4 -1254.0000000000
11 -1147.0000000000
20 -1118.0000000000
31 -1030.0000000000
32 -884.0000000000
44 -797.0000000000
53 -787.0000000000
57 -748.0000000000
58 -719.0000000000
76 -699.0000000000
78 -690.0000000000
81 -602.0000000000
85 -593.0000000000
96 -592.0000000000
97 -573.0000000000
98 -534.0000000000
127 -505.0000000000
138 -485.0000000000
161 -456.0000000000
174 -437.0000000000
189 -418.0000000000
192 -408.0000000000
225 -379.0000000000
239 -360.0000000000
265 -341.0000000000
275 -321.0000000000
290 -312.0000000000
308 -293.0000000000
328 -283.0000000000
333 -254.0000000000
383 -235.0000000000
401 -216.0000000000
402 -215.0000000000
413 -196.0000000000
421 -167.0000000000
484 -138.0000000000
512 -119.0000000000
552 -80.0000000000
684 -71.0000000000
686 -61.0000000000
707 -51.0000000000
713 -42.0000000000
723 -41.0000000000
732 -32.0000000000
744 -23.0000000000
758 -14.0000000000
769 -13.0000000000
886 -12.0000000000
1034 -3.0000000000
1130 -2.0000000000
1312 7.0000000000
1675 8.0000000000
2226 9.0000000000
100010 9.0000000000
evaluations raw_y
1 -1469.0000000000
3 -1147.0000000000
5 -1127.0000000000
25 -796.0000000000
59 -757.0000000000
79 -728.0000000000
88 -689.0000000000
118 -592.0000000000
192 -553.0000000000
198 -524.0000000000
229 -466.0000000000
249 -447.0000000000
263 -427.0000000000
270 -408.0000000000
272 -398.0000000000
280 -369.0000000000
288 -330.0000000000
309 -301.0000000000
332 -282.0000000000
335 -273.0000000000
340 -253.0000000000
350 -243.0000000000
354 -234.0000000000
360 -224.0000000000
372 -214.0000000000
387 -204.0000000000
394 -195.0000000000
403 -175.0000000000
406 -156.0000000000
418 -136.0000000000
419 -126.0000000000
430 -117.0000000000
450 -107.0000000000
456 -98.0000000000
473 -89.0000000000
506 -70.0000000000
602 -51.0000000000
636 -42.0000000000
689 -13.0000000000
819 -4.0000000000
905 -3.0000000000
928 5.0000000000
987 6.0000000000
1040 7.0000000000
1519 8.0000000000
1834 9.0000000000
100010 8.0000000000
evaluations raw_y
1 -1206.0000000000
2 -1196.0000000000
5 -1186.0000000000
9 -1098.0000000000
25 -991.0000000000
32 -855.0000000000
51 -816.0000000000
57 -709.0000000000
63 -699.0000000000
75 -592.0000000000
99 -573.0000000000
102 -534.0000000000
105 -495.0000000000
125 -485.0000000000
130 -456.0000000000
147 -417.0000000000
171 -398.0000000000
178 -378.0000000000
191 -339.0000000000
263 -281.0000000000
290 -252.0000000000
307 -243.0000000000
325 -233.0000000000
327 -214.0000000000
341 -205.0000000000
354 -204.0000000000
380 -195.0000000000
384 -146.0000000000
422 -127.0000000000
430 -108.0000000000
468 -89.0000000000
567 -70.0000000000
586 -51.0000000000
598 -32.0000000000
633 -22.0000000000
638 -14.0000000000
640 -13.0000000000
682 -4.0000000000
792 -3.0000000000
896 -2.0000000000
1008 7.0000000000
1087 8.0000000000
34854 9.0000000000
100010 -49.0000000000
evaluations raw_y
1 -1468.0000000000
5 -1235.0000000000
7 -1186.0000000000
10 -1117.0000000000
24 -1099.0000000000
25 -1079.0000000000
31 -991.0000000000
32 -884.0000000000
49 -826.0000000000
51 -748.0000000000
64 -738.0000000000
69 -700.0000000000
74 -680.0000000000
75 -670.0000000000
91 -641.0000000000
108 -593.0000000000
112 -554.0000000000
124 -525.0000000000
129 -486.0000000000
136 -467.0000000000
144 -457.0000000000
156 -428.0000000000
158 -399.0000000000
175 -379.0000000000
184 -331.0000000000
195 -321.0000000000
220 -263.0000000000
253 -224.0000000000
268 -195.0000000000
308 -166.0000000000
349 -147.0000000000
368 -137.0000000000
383 -118.0000000000
408 -100.0000000000
413 -80.0000000000
427 -71.0000000000
462 -61.0000000000
480 -52.0000000000
500 -51.0000000000
563 -32.0000000000
606 -31.0000000000
634 -13.0000000000
682 -12.0000000000
714 6.0000000000
720 7.0000000000
743 8.0000000000
1485 9.0000000000
100010 -20.0000000000
evaluations raw_y
1 -1770.0000000000
2 -1283.0000000000
19 -1098.0000000000
24 -1010.0000000000
40 -933.0000000000
43 -845.0000000000
73 -748.0000000000
78 -738.0000000000
87 -699.0000000000
93 -680.0000000000
100 -641.0000000000
110 -573.0000000000
128 -544.0000000000
143 -534.0000000000
162 -505.0000000000
172 -495.0000000000
174 -476.0000000000
175 -408.0000000000
193 -340.0000000000
214 -311.0000000000
251 -282.0000000000
265 -273.0000000000
275 -253.0000000000
294 -214.0000000000
312 -186.0000000000
340 -185.0000000000
343 -167.0000000000
344 -157.0000000000
359 -147.0000000000
370 -138.0000000000
379 -128.0000000000
383 -119.0000000000
407 -109.0000000000
408 -100.0000000000
410 -91.0000000000
421 -90.0000000000
427 -71.0000000000
439 -62.0000000000
445 -53.0000000000
446 -52.0000000000
451 -23.0000000000
495 -15.0000000000
502 -14.0000000000
567 -5.0000000000
573 5.0000000000
592 7.0000000000
12229 8.0000000000
100010 -60.0000000000
evaluations raw_y
1 -1195.0000000000
5 -1186.0000000000
6 -1157.0000000000
26 -1059.0000000000
27 -884.0000000000
47 -777.0000000000
49 -758.0000000000
50 -719.0000000000
72 -661.0000000000
83 -622.0000000000
88 -593.0000000000
110 -583.0000000000
113 -525.0000000000
122 -457.0000000000
147 -437.0000000000
159 -418.0000000000
178 -379.0000000000
201 -350.0000000000
226 -331.0000000000
227 -302.0000000000
263 -283.0000000000
293 -273.0000000000
296 -263.0000000000
302 -225.0000000000
325 -215.0000000000
326 -196.0000000000
338 -195.0000000000
343 -186.0000000000
351 -167.0000000000
372 -166.0000000000
398 -147.0000000000
404 -137.0000000000
411 -127.0000000000
416 -118.0000000000
420 -108.0000000000
426 -99.0000000000
430 -51.0000000000
439 -42.0000000000
447 -41.0000000000
451 -32.0000000000
452 -23.0000000000
484 -22.0000000000
495 -14.0000000000
532 -13.0000000000
582 -12.0000000000
998 -3.0000000000
1052 5.0000000000
1067 6.0000000000
1107 7.0000000000
1216 8.0000000000
1295 9.0000000000
1584 10.0000000000
evaluations raw_y
1 -1508.0000000000
2 -1400.0000000000
3 -1050.0000000000
24 -1039.0000000000
30 -924.0000000000
35 -923.0000000000
46 -836.0000000000
52 -797.0000000000
63 -758.0000000000
73 -719.0000000000
85 -690.0000000000
90 -612.0000000000
107 -573.0000000000
132 -544.0000000000
143 -505.0000000000
221 -466.0000000000
246 -427.0000000000
249 -408.0000000000
255 -388.0000000000
256 -369.0000000000
266 -359.0000000000
282 -350.0000000000
309 -311.0000000000
322 -301.0000000000
336 -272.0000000000
341 -243.0000000000
388 -214.0000000000
495 -195.0000000000
508 -166.0000000000
525 -157.0000000000
554 -127.0000000000
560 -98.0000000000
616 -79.0000000000
680 -70.0000000000
688 -61.0000000000
754 -42.0000000000
770 -33.0000000000
847 -14.0000000000
861 -13.0000000000
876 -5.0000000000
881 -4.0000000000
941 5.0000000000
1018 6.0000000000
1049 7.0000000000
2973 8.0000000000
50574 9.0000000000
100010 -20.0000000000
evaluations raw_y
1 -1030.0000000000
11 -1020.0000000000
18 -943.0000000000
29 -933.0000000000
37 -932.0000000000
42 -825.0000000000
48 -777.0000000000
53 -592.0000000000
110 -534.0000000000
116 -505.0000000000
132 -476.0000000000
146 -456.0000000000
150 -408.0000000000
190 -388.0000000000
196 -359.0000000000
205 -349.0000000000
207 -330.0000000000
219 -320.0000000000
228 -301.0000000000
234 -281.0000000000
264 -272.0000000000
271 -233.0000000000
297 -204.0000000000
328 -185.0000000000
356 -175.0000000000
412 -166.0000000000
451 -137.0000000000
487 -108.0000000000
505 -99.0000000000
509 -89.0000000000
545 -60.0000000000
611 -51.0000000000
664 -50.0000000000
934 -31.0000000000
1017 -21.0000000000
1030 -12.0000000000
1048 -3.0000000000
1088 -2.0000000000
1116 5.0000000000
1172 6.0000000000
1176 7.0000000000
1570 8.0000000000
7765 9.0000000000
100010 9.0000000000
