evaluations raw_y
1 -207.0000000000
5 -205.0000000000
8 -191.0000000000
49 -183.0000000000
167 -182.0000000000
217 -179.0000000000
270 -178.0000000000
296 -177.0000000000
339 -176.0000000000
382 -175.0000000000
386 -174.0000000000
419 -173.0000000000
481 -172.0000000000
490 -171.0000000000
555 -170.0000000000
581 -169.0000000000
619 -168.0000000000
662 -167.0000000000
711 -166.0000000000
783 -165.0000000000
791 -164.0000000000
839 -163.0000000000
871 -162.0000000000
918 -161.0000000000
962 -158.0000000000
982 -157.0000000000
1043 -155.0000000000
1106 -153.0000000000
1151 -152.0000000000
1224 -151.0000000000
1246 -150.0000000000
1304 -149.0000000000
1337 -148.0000000000
1368 -147.0000000000
1429 -146.0000000000
1446 -145.0000000000
1515 -144.0000000000
1520 -143.0000000000
1524 -142.0000000000
1616 -141.0000000000
1642 -140.0000000000
1671 -139.0000000000
1674 -138.0000000000
1698 -137.0000000000
1799 -135.0000000000
1897 -134.0000000000
1927 -133.0000000000
1978 -132.0000000000
2021 -131.0000000000
2081 -130.0000000000
2095 -129.0000000000
2147 -128.0000000000
2237 -127.0000000000
2262 -126.0000000000
2312 -125.0000000000
2369 -124.0000000000
2402 -122.0000000000
2443 -121.0000000000
2487 -118.0000000000
2497 -117.0000000000
2525 -116.0000000000
2571 -115.0000000000
2645 -114.0000000000
2718 -113.0000000000
2723 -112.0000000000
2760 -111.0000000000
2817 -108.0000000000
2829 -106.0000000000
2833 -104.0000000000
2944 -103.0000000000
2996 -101.0000000000
3052 -100.0000000000
3053 -99.0000000000
3171 -98.0000000000
3225 -97.0000000000
3233 -96.0000000000
3336 -94.0000000000
3349 -93.0000000000
3451 -92.0000000000
3522 -90.0000000000
3631 -89.0000000000
3728 -88.0000000000
3757 -87.0000000000
3798 -86.0000000000
3880 -85.0000000000
3908 -84.0000000000
3983 -83.0000000000
3994 -81.0000000000
4072 -80.0000000000
4148 -79.0000000000
4212 -78.0000000000
4251 -77.0000000000
4296 -76.0000000000
4334 -75.0000000000
4449 -74.0000000000
4552 -73.0000000000
4618 -72.0000000000
4679 -71.0000000000
4701 -70.0000000000
4837 -69.0000000000
4886 -68.0000000000
4959 -67.0000000000
5045 -66.0000000000
5154 -65.0000000000
5194 -64.0000000000
5268 -63.0000000000
5397 -62.0000000000
5446 -60.0000000000
5546 -59.0000000000
5711 -58.0000000000
5741 -57.0000000000
5825 -56.0000000000
5952 -55.0000000000
5998 -54.0000000000
6077 -53.0000000000
6120 -52.0000000000
6156 -51.0000000000
6201 -50.0000000000
6214 -48.0000000000
6358 -47.0000000000
6438 -46.0000000000
6570 -45.0000000000
6693 -44.0000000000
6934 -43.0000000000
7018 -42.0000000000
7141 -41.0000000000
7222 -40.0000000000
7277 -39.0000000000
7380 -38.0000000000
7419 -37.0000000000
7556 -36.0000000000
7702 -35.0000000000
7844 -34.0000000000
7960 -33.0000000000
8045 -32.0000000000
8160 -31.0000000000
8269 -30.0000000000
8494 -29.0000000000
8646 -28.0000000000
8752 -27.0000000000
8892 -26.0000000000
9043 -25.0000000000
9125 -24.0000000000
9236 -23.0000000000
9260 -22.0000000000
9387 -21.0000000000
9437 -20.0000000000
9549 -19.0000000000
9587 -17.0000000000
9752 -16.0000000000
9826 -15.0000000000
9922 -14.0000000000
10016 -13.0000000000
10050 -14.0000000000
evaluations raw_y
1 -174.0000000000
72 -173.0000000000
119 -172.0000000000
129 -169.0000000000
164 -168.0000000000
202 -167.0000000000
249 -166.0000000000
279 -165.0000000000
322 -164.0000000000
346 -163.0000000000
361 -161.0000000000
407 -160.0000000000
443 -159.0000000000
546 -157.0000000000
585 -156.0000000000
615 -155.0000000000
622 -154.0000000000
636 -153.0000000000
710 -152.0000000000
763 -151.0000000000
851 -150.0000000000
899 -148.0000000000
998 -147.0000000000
1055 -145.0000000000
1098 -144.0000000000
1142 -143.0000000000
1186 -142.0000000000
1221 -141.0000000000
1251 -140.0000000000
1310 -138.0000000000
1403 -137.0000000000
1431 -136.0000000000
1436 -135.0000000000
1472 -134.0000000000
1491 -133.0000000000
1563 -132.0000000000
1595 -131.0000000000
1643 -130.0000000000
1663 -128.0000000000
1766 -126.0000000000
1825 -125.0000000000
1879 -124.0000000000
1937 -123.0000000000
1962 -122.0000000000
1996 -120.0000000000
2052 -119.0000000000
2087 -118.0000000000
2126 -117.0000000000
2140 -116.0000000000
2186 -115.0000000000
2286 -114.0000000000
2358 -113.0000000000
2374 -112.0000000000
2514 -111.0000000000
2580 -110.0000000000
2596 -109.0000000000
2632 -108.0000000000
2702 -107.0000000000
2753 -105.0000000000
2831 -104.0000000000
2844 -103.0000000000
2845 -102.0000000000
2910 -101.0000000000
2916 -100.0000000000
2930 -99.0000000000
2960 -98.0000000000
3005 -97.0000000000
3098 -95.0000000000
3117 -94.0000000000
3156 -93.0000000000
3210 -92.0000000000
3222 -91.0000000000
3276 -90.0000000000
3341 -89.0000000000
3356 -88.0000000000
3412 -87.0000000000
3526 -86.0000000000
3618 -85.0000000000
3632 -84.0000000000
3771 -83.0000000000
3802 -82.0000000000
3887 -81.0000000000
3956 -80.0000000000
3985 -79.0000000000
4126 -78.0000000000
4164 -77.0000000000
4225 -76.0000000000
4231 -75.0000000000
4297 -74.0000000000
4368 -73.0000000000
4437 -72.0000000000
4505 -71.0000000000
4557 -69.0000000000
4592 -68.0000000000
4643 -67.0000000000
4769 -66.0000000000
4796 -65.0000000000
4858 -64.0000000000
4956 -63.0000000000
5016 -62.0000000000
5095 -61.0000000000
5117 -60.0000000000
5180 -59.0000000000
5271 -58.0000000000
5446 -57.0000000000
5503 -56.0000000000
5534 -55.0000000000
5628 -54.0000000000
5656 -53.0000000000
5799 -52.0000000000
5845 -51.0000000000
5896 -50.0000000000
5899 -49.0000000000
5958 -48.0000000000
5991 -46.0000000000
6131 -45.0000000000
6261 -44.0000000000
6382 -43.0000000000
6470 -42.0000000000
6566 -41.0000000000
6638 -40.0000000000
6741 -39.0000000000
6858 -38.0000000000
6960 -37.0000000000
7015 -36.0000000000
7023 -35.0000000000
7090 -34.0000000000
7182 -33.0000000000
7313 -32.0000000000
7471 -31.0000000000
7608 -30.0000000000
7723 -29.0000000000
7931 -28.0000000000
7950 -27.0000000000
8006 -26.0000000000
8093 -25.0000000000
8219 -24.0000000000
8391 -23.0000000000
8588 -22.0000000000
8649 -21.0000000000
8857 -20.0000000000
8986 -19.0000000000
9209 -18.0000000000
9255 -17.0000000000
9583 -16.0000000000
9615 -15.0000000000
9711 -14.0000000000
9866 -13.0000000000
10050 -14.0000000000
evaluations raw_y
1 -223.0000000000
3 -217.0000000000
4 -213.0000000000
5 -212.0000000000
7 -209.0000000000
24 -201.0000000000
27 -191.0000000000
129 -190.0000000000
164 -188.0000000000
218 -187.0000000000
255 -186.0000000000
273 -185.0000000000
313 -184.0000000000
345 -183.0000000000
373 -182.0000000000
395 -180.0000000000
464 -179.0000000000
487 -178.0000000000
515 -177.0000000000
526 -176.0000000000
586 -175.0000000000
655 -173.0000000000
674 -172.0000000000
686 -171.0000000000
701 -170.0000000000
754 -169.0000000000
779 -168.0000000000
810 -167.0000000000
815 -166.0000000000
849 -165.0000000000
913 -164.0000000000
957 -163.0000000000
997 -162.0000000000
1013 -161.0000000000
1046 -160.0000000000
1078 -157.0000000000
1170 -156.0000000000
1251 -155.0000000000
1257 -154.0000000000
1311 -153.0000000000
1318 -152.0000000000
1368 -151.0000000000
1392 -150.0000000000
1394 -149.0000000000
1486 -148.0000000000
1518 -147.0000000000
1548 -145.0000000000
1649 -144.0000000000
1683 -142.0000000000
1778 -141.0000000000
1814 -139.0000000000
1837 -138.0000000000
1904 -137.0000000000
1988 -136.0000000000
2039 -135.0000000000
2062 -134.0000000000
2097 -133.0000000000
2154 -132.0000000000
2197 -131.0000000000
2256 -130.0000000000
2307 -129.0000000000
2347 -128.0000000000
2412 -127.0000000000
2416 -126.0000000000
2472 -125.0000000000
2537 -124.0000000000
2585 -123.0000000000
2621 -122.0000000000
2635 -121.0000000000
2674 -120.0000000000
2720 -119.0000000000
2753 -118.0000000000
2773 -117.0000000000
2826 -116.0000000000
2909 -114.0000000000
2957 -113.0000000000
3012 -112.0000000000
3053 -111.0000000000
3095 -110.0000000000
3180 -109.0000000000
3226 -108.0000000000
3241 -107.0000000000
3259 -106.0000000000
3310 -105.0000000000
3343 -104.0000000000
3391 -102.0000000000
3448 -101.0000000000
3513 -100.0000000000
3570 -99.0000000000
3701 -97.0000000000
3758 -95.0000000000
3825 -94.0000000000
3852 -93.0000000000
3982 -92.0000000000
4043 -90.0000000000
4097 -89.0000000000
4145 -87.0000000000
4218 -86.0000000000
4256 -85.0000000000
4347 -82.0000000000
4470 -81.0000000000
4523 -80.0000000000
4532 -79.0000000000
4563 -78.0000000000
4599 -77.0000000000
4608 -76.0000000000
4708 -75.0000000000
4806 -74.0000000000
4950 -73.0000000000
4994 -72.0000000000
5028 -71.0000000000
5092 -70.0000000000
5211 -69.0000000000
5216 -68.0000000000
5385 -67.0000000000
5429 -66.0000000000
5508 -64.0000000000
5522 -63.0000000000
5623 -62.0000000000
5637 -61.0000000000
5711 -60.0000000000
5746 -59.0000000000
5805 -58.0000000000
5841 -57.0000000000
5936 -56.0000000000
5964 -55.0000000000
6087 -54.0000000000
6183 -53.0000000000
6201 -52.0000000000
6306 -51.0000000000
6344 -50.0000000000
6465 -49.0000000000
6491 -48.0000000000
6665 -47.0000000000
6848 -46.0000000000
6929 -45.0000000000
6998 -44.0000000000
7028 -43.0000000000
7067 -42.0000000000
7164 -41.0000000000
7451 -40.0000000000
7468 -39.0000000000
7601 -38.0000000000
7681 -37.0000000000
7837 -36.0000000000
7886 -35.0000000000
7918 -34.0000000000
8082 -33.0000000000
8198 -32.0000000000
8241 -31.0000000000
8311 -30.0000000000
8541 -29.0000000000
8682 -28.0000000000
8906 -27.0000000000
8945 -26.0000000000
9033 -25.0000000000
9161 -24.0000000000
9371 -23.0000000000
9506 -22.0000000000
9713 -21.0000000000
9828 -20.0000000000
10050 -21.0000000000
evaluations raw_y
1 -206.0000000000
2 -203.0000000000
7 -195.0000000000
36 -194.0000000000
108 -193.0000000000
135 -190.0000000000
138 -189.0000000000
147 -188.0000000000
153 -187.0000000000
190 -185.0000000000
255 -183.0000000000
306 -180.0000000000
429 -179.0000000000
445 -178.0000000000
506 -177.0000000000
537 -176.0000000000
584 -175.0000000000
614 -174.0000000000
636 -173.0000000000
644 -172.0000000000
706 -171.0000000000
745 -168.0000000000
791 -167.0000000000
821 -166.0000000000
857 -165.0000000000
914 -164.0000000000
969 -163.0000000000
979 -162.0000000000
999 -161.0000000000
1078 -160.0000000000
1095 -159.0000000000
1108 -157.0000000000
1219 -156.0000000000
1240 -155.0000000000
1267 -153.0000000000
1303 -151.0000000000
1363 -150.0000000000
1461 -148.0000000000
1535 -147.0000000000
1624 -146.0000000000
1641 -145.0000000000
1700 -144.0000000000
1744 -143.0000000000
1765 -142.0000000000
1787 -141.0000000000
1843 -140.0000000000
1859 -139.0000000000
1883 -138.0000000000
1957 -137.0000000000
1969 -136.0000000000
1992 -135.0000000000
2047 -134.0000000000
2069 -133.0000000000
2138 -130.0000000000
2150 -128.0000000000
2159 -127.0000000000
2258 -126.0000000000
2277 -125.0000000000
2283 -124.0000000000
2304 -123.0000000000
2439 -122.0000000000
2446 -121.0000000000
2537 -120.0000000000
2539 -119.0000000000
2612 -117.0000000000
2687 -116.0000000000
2706 -115.0000000000
2795 -114.0000000000
2818 -113.0000000000
2829 -112.0000000000
2835 -110.0000000000
3006 -109.0000000000
3105 -108.0000000000
3155 -107.0000000000
3193 -105.0000000000
3238 -104.0000000000
3370 -102.0000000000
3458 -101.0000000000
3553 -100.0000000000
3594 -99.0000000000
3596 -98.0000000000
3680 -97.0000000000
3783 -96.0000000000
3828 -95.0000000000
3834 -94.0000000000
3848 -93.0000000000
3875 -92.0000000000
3918 -91.0000000000
3961 -90.0000000000
3968 -88.0000000000
4067 -87.0000000000
4116 -86.0000000000
4120 -85.0000000000
4141 -83.0000000000
4200 -82.0000000000
4338 -81.0000000000
4432 -80.0000000000
4481 -79.0000000000
4584 -77.0000000000
4705 -76.0000000000
4755 -75.0000000000
4766 -74.0000000000
4769 -73.0000000000
4895 -72.0000000000
4937 -70.0000000000
5013 -69.0000000000
5035 -68.0000000000
5199 -67.0000000000
5260 -66.0000000000
5341 -63.0000000000
5380 -62.0000000000
5460 -61.0000000000
5530 -60.0000000000
5708 -59.0000000000
5775 -57.0000000000
5892 -56.0000000000
6013 -55.0000000000
6089 -54.0000000000
6100 -53.0000000000
6144 -52.0000000000
6319 -51.0000000000
6378 -50.0000000000
6487 -49.0000000000
6580 -48.0000000000
6615 -47.0000000000
6653 -46.0000000000
6744 -45.0000000000
6848 -44.0000000000
6961 -43.0000000000
7082 -42.0000000000
7123 -41.0000000000
7248 -40.0000000000
7278 -39.0000000000
7300 -38.0000000000
7303 -37.0000000000
7568 -36.0000000000
7624 -35.0000000000
7776 -34.0000000000
7919 -33.0000000000
7962 -32.0000000000
8236 -31.0000000000
8318 -30.0000000000
8473 -29.0000000000
8583 -28.0000000000
8638 -27.0000000000
8746 -26.0000000000
8905 -25.0000000000
9055 -24.0000000000
9154 -23.0000000000
9299 -22.0000000000
9347 -21.0000000000
9486 -20.0000000000
9494 -19.0000000000
9763 -18.0000000000
9866 -17.0000000000
10050 -18.0000000000
evaluations raw_y
1 -219.0000000000
3 -216.0000000000
4 -213.0000000000
5 -211.0000000000
6 -206.0000000000
12 -204.0000000000
16 -201.0000000000
19 -199.0000000000
22 -194.0000000000
137 -193.0000000000
162 -192.0000000000
200 -191.0000000000
213 -190.0000000000
251 -188.0000000000
284 -187.0000000000
293 -186.0000000000
329 -185.0000000000
396 -184.0000000000
407 -183.0000000000
425 -182.0000000000
478 -181.0000000000
529 -180.0000000000
575 -179.0000000000
610 -178.0000000000
640 -177.0000000000
688 -176.0000000000
700 -174.0000000000
736 -173.0000000000
802 -171.0000000000
813 -169.0000000000
886 -168.0000000000
940 -167.0000000000
955 -165.0000000000
1028 -164.0000000000
1044 -163.0000000000
1081 -162.0000000000
1127 -161.0000000000
1139 -160.0000000000
1210 -159.0000000000
1230 -157.0000000000
1315 -156.0000000000
1358 -155.0000000000
1361 -154.0000000000
1389 -153.0000000000
1424 -152.0000000000
1440 -151.0000000000
1487 -150.0000000000
1512 -149.0000000000
1535 -148.0000000000
1615 -147.0000000000
1644 -146.0000000000
1666 -145.0000000000
1725 -144.0000000000
1729 -143.0000000000
1766 -142.0000000000
1767 -141.0000000000
1817 -140.0000000000
1841 -139.0000000000
1867 -138.0000000000
1944 -137.0000000000
1963 -136.0000000000
1983 -135.0000000000
2096 -134.0000000000
2136 -133.0000000000
2151 -132.0000000000
2181 -131.0000000000
2254 -130.0000000000
2291 -129.0000000000
2299 -128.0000000000
2370 -127.0000000000
2409 -126.0000000000
2490 -124.0000000000
2557 -123.0000000000
2607 -122.0000000000
2622 -121.0000000000
2682 -120.0000000000
2703 -119.0000000000
2735 -118.0000000000
2832 -115.0000000000
2891 -114.0000000000
2956 -113.0000000000
3014 -112.0000000000
3069 -111.0000000000
3112 -110.0000000000
3167 -109.0000000000
3182 -108.0000000000
3190 -107.0000000000
3265 -106.0000000000
3282 -105.0000000000
3386 -104.0000000000
3448 -103.0000000000
3474 -102.0000000000
3490 -101.0000000000
3560 -100.0000000000
3587 -99.0000000000
3633 -98.0000000000
3653 -97.0000000000
3676 -96.0000000000
3708 -95.0000000000
3756 -94.0000000000
3815 -93.0000000000
3909 -92.0000000000
3940 -91.0000000000
4005 -90.0000000000
4100 -89.0000000000
4118 -88.0000000000
4195 -87.0000000000
4283 -86.0000000000
4321 -85.0000000000
4369 -84.0000000000
4450 -83.0000000000
4561 -82.0000000000
4617 -81.0000000000
4672 -80.0000000000
4790 -79.0000000000
4831 -78.0000000000
4889 -77.0000000000
4993 -76.0000000000
5072 -75.0000000000
5241 -74.0000000000
5297 -73.0000000000
5367 -72.0000000000
5508 -71.0000000000
5535 -70.0000000000
5637 -69.0000000000
5679 -68.0000000000
5799 -67.0000000000
5881 -66.0000000000
5904 -65.0000000000
5923 -64.0000000000
5975 -63.0000000000
6067 -62.0000000000
6183 -61.0000000000
6342 -60.0000000000
6360 -58.0000000000
6457 -57.0000000000
6528 -56.0000000000
6618 -55.0000000000
6702 -54.0000000000
6789 -52.0000000000
6815 -51.0000000000
6835 -50.0000000000
6891 -49.0000000000
7006 -48.0000000000
7130 -47.0000000000
7170 -46.0000000000
7231 -45.0000000000
7233 -44.0000000000
7347 -43.0000000000
7483 -42.0000000000
7558 -41.0000000000
7593 -40.0000000000
7795 -39.0000000000
7914 -38.0000000000
7956 -37.0000000000
8062 -36.0000000000
8191 -35.0000000000
8243 -34.0000000000
8386 -33.0000000000
8586 -32.0000000000
8650 -31.0000000000
8719 -30.0000000000
8858 -29.0000000000
9009 -28.0000000000
9240 -27.0000000000
9446 -26.0000000000
9450 -25.0000000000
9536 -24.0000000000
9725 -23.0000000000
9922 -22.0000000000
10050 -22.0000000000
evaluations raw_y
1 -212.0000000000
2 -181.0000000000
82 -180.0000000000
141 -179.0000000000
171 -178.0000000000
208 -177.0000000000
238 -176.0000000000
263 -174.0000000000
318 -173.0000000000
347 -172.0000000000
399 -171.0000000000
408 -170.0000000000
450 -168.0000000000
510 -167.0000000000
520 -166.0000000000
530 -165.0000000000
554 -164.0000000000
584 -163.0000000000
612 -162.0000000000
613 -161.0000000000
656 -160.0000000000
664 -159.0000000000
673 -156.0000000000
710 -155.0000000000
729 -153.0000000000
816 -152.0000000000
833 -151.0000000000
864 -150.0000000000
926 -149.0000000000
941 -148.0000000000
959 -147.0000000000
972 -146.0000000000
991 -144.0000000000
1076 -143.0000000000
1134 -142.0000000000
1193 -141.0000000000
1197 -140.0000000000
1237 -139.0000000000
1252 -138.0000000000
1253 -137.0000000000
1337 -136.0000000000
1377 -135.0000000000
1495 -134.0000000000
1506 -133.0000000000
1549 -132.0000000000
1562 -131.0000000000
1582 -130.0000000000
1615 -129.0000000000
1727 -128.0000000000
1756 -127.0000000000
1787 -125.0000000000
1818 -124.0000000000
1878 -123.0000000000
1900 -122.0000000000
1954 -121.0000000000
2001 -120.0000000000
2010 -119.0000000000
2044 -118.0000000000
2058 -117.0000000000
2081 -116.0000000000
2109 -115.0000000000
2202 -114.0000000000
2275 -113.0000000000
2309 -112.0000000000
2374 -110.0000000000
2436 -109.0000000000
2468 -107.0000000000
2590 -106.0000000000
2610 -105.0000000000
2656 -104.0000000000
2684 -103.0000000000
2715 -102.0000000000
2729 -101.0000000000
2801 -100.0000000000
2835 -99.0000000000
2856 -98.0000000000
2967 -97.0000000000
2995 -96.0000000000
3002 -95.0000000000
3061 -94.0000000000
3076 -93.0000000000
3105 -92.0000000000
3167 -91.0000000000
3190 -90.0000000000
3250 -89.0000000000
3279 -88.0000000000
3417 -87.0000000000
3424 -84.0000000000
3468 -83.0000000000
3626 -82.0000000000
3711 -81.0000000000
3808 -80.0000000000
3840 -79.0000000000
3931 -78.0000000000
4019 -77.0000000000
4081 -76.0000000000
4142 -75.0000000000
4147 -73.0000000000
4252 -72.0000000000
4378 -71.0000000000
4412 -70.0000000000
4433 -69.0000000000
4470 -68.0000000000
4526 -67.0000000000
4647 -66.0000000000
4723 -65.0000000000
4788 -64.0000000000
4793 -63.0000000000
4892 -61.0000000000
4900 -60.0000000000
4976 -59.0000000000
5022 -58.0000000000
5122 -57.0000000000
5258 -56.0000000000
5298 -55.0000000000
5435 -54.0000000000
5487 -53.0000000000
5583 -52.0000000000
5690 -51.0000000000
5725 -50.0000000000
5802 -49.0000000000
5962 -48.0000000000
6006 -47.0000000000
6192 -46.0000000000
6222 -45.0000000000
6320 -44.0000000000
6515 -42.0000000000
6593 -41.0000000000
6676 -40.0000000000
6701 -39.0000000000
6707 -38.0000000000
6847 -37.0000000000
6897 -36.0000000000
6988 -35.0000000000
7140 -34.0000000000
7328 -33.0000000000
7442 -32.0000000000
7502 -30.0000000000
7716 -28.0000000000
7928 -26.0000000000
8088 -25.0000000000
8227 -24.0000000000
8501 -23.0000000000
8556 -22.0000000000
8673 -21.0000000000
8814 -20.0000000000
8944 -19.0000000000
9094 -18.0000000000
9326 -17.0000000000
9429 -16.0000000000
9597 -15.0000000000
9966 -14.0000000000
10020 -13.0000000000
10050 -16.0000000000
evaluations raw_y
1 -211.0000000000
2 -201.0000000000
5 -197.0000000000
7 -193.0000000000
108 -192.0000000000
131 -191.0000000000
167 -190.0000000000
209 -189.0000000000
262 -188.0000000000
278 -187.0000000000
318 -186.0000000000
387 -185.0000000000
421 -184.0000000000
439 -183.0000000000
465 -182.0000000000
474 -181.0000000000
530 -180.0000000000
551 -179.0000000000
561 -178.0000000000
565 -177.0000000000
592 -174.0000000000
627 -173.0000000000
683 -172.0000000000
700 -171.0000000000
744 -170.0000000000
796 -169.0000000000
834 -168.0000000000
845 -167.0000000000
940 -166.0000000000
963 -165.0000000000
973 -164.0000000000
1019 -163.0000000000
1039 -162.0000000000
1082 -161.0000000000
1102 -160.0000000000
1138 -159.0000000000
1150 -157.0000000000
1224 -156.0000000000
1243 -155.0000000000
1271 -154.0000000000
1289 -153.0000000000
1315 -152.0000000000
1344 -151.0000000000
1388 -150.0000000000
1391 -149.0000000000
1438 -148.0000000000
1450 -147.0000000000
1492 -145.0000000000
1507 -144.0000000000
1540 -143.0000000000
1565 -142.0000000000
1623 -141.0000000000
1675 -139.0000000000
1683 -138.0000000000
1745 -136.0000000000
1832 -135.0000000000
1915 -134.0000000000
1918 -133.0000000000
1955 -132.0000000000
2011 -131.0000000000
2020 -130.0000000000
2104 -129.0000000000
2114 -128.0000000000
2149 -127.0000000000
2186 -126.0000000000
2207 -125.0000000000
2264 -123.0000000000
2365 -122.0000000000
2420 -121.0000000000
2436 -120.0000000000
2485 -119.0000000000
2557 -117.0000000000
2572 -114.0000000000
2586 -113.0000000000
2700 -112.0000000000
2774 -111.0000000000
2810 -110.0000000000
2917 -109.0000000000
2952 -108.0000000000
2977 -107.0000000000
3009 -106.0000000000
3021 -104.0000000000
3165 -103.0000000000
3221 -102.0000000000
3275 -101.0000000000
3343 -100.0000000000
3398 -99.0000000000
3434 -98.0000000000
3503 -97.0000000000
3567 -96.0000000000
3600 -95.0000000000
3668 -94.0000000000
3724 -93.0000000000
3771 -92.0000000000
3825 -91.0000000000
3928 -90.0000000000
3943 -89.0000000000
3963 -88.0000000000
4034 -87.0000000000
4038 -86.0000000000
4109 -85.0000000000
4194 -84.0000000000
4224 -83.0000000000
4319 -82.0000000000
4387 -81.0000000000
4438 -80.0000000000
4471 -79.0000000000
4521 -78.0000000000
4619 -77.0000000000
4708 -76.0000000000
4727 -75.0000000000
4901 -74.0000000000
4967 -73.0000000000
5008 -72.0000000000
5050 -71.0000000000
5081 -70.0000000000
5156 -69.0000000000
5252 -68.0000000000
5339 -67.0000000000
5428 -66.0000000000
5556 -65.0000000000
5717 -64.0000000000
5759 -63.0000000000
5863 -62.0000000000
5939 -61.0000000000
6044 -60.0000000000
6152 -59.0000000000
6187 -58.0000000000
6317 -57.0000000000
6433 -56.0000000000
6541 -55.0000000000
6672 -54.0000000000
6689 -53.0000000000
6784 -52.0000000000
6854 -51.0000000000
6954 -50.0000000000
6993 -49.0000000000
7176 -48.0000000000
7272 -47.0000000000
7415 -46.0000000000
7470 -45.0000000000
7537 -44.0000000000
7694 -43.0000000000
7735 -42.0000000000
7813 -41.0000000000
8028 -40.0000000000
8031 -39.0000000000
8146 -38.0000000000
8289 -37.0000000000
8298 -36.0000000000
8406 -35.0000000000
8477 -34.0000000000
8559 -33.0000000000
8695 -32.0000000000
8846 -31.0000000000
8951 -30.0000000000
9035 -29.0000000000
9088 -28.0000000000
9144 -27.0000000000
9224 -26.0000000000
9425 -25.0000000000
9540 -24.0000000000
9680 -23.0000000000
9688 -22.0000000000
9934 -21.0000000000
10027 -20.0000000000
10042 -19.0000000000
10050 -24.0000000000
evaluations raw_y
1 -215.0000000000
3 -212.0000000000
4 -196.0000000000
41 -194.0000000000
74 -193.0000000000
97 -192.0000000000
129 -191.0000000000
159 -190.0000000000
193 -189.0000000000
212 -188.0000000000
238 -187.0000000000
260 -186.0000000000
281 -183.0000000000
366 -182.0000000000
470 -181.0000000000
484 -180.0000000000
495 -179.0000000000
525 -178.0000000000
572 -177.0000000000
600 -176.0000000000
614 -175.0000000000
619 -174.0000000000
666 -173.0000000000
684 -172.0000000000
721 -171.0000000000
751 -170.0000000000
776 -169.0000000000
783 -168.0000000000
815 -167.0000000000
821 -166.0000000000
889 -165.0000000000
928 -163.0000000000
980 -162.0000000000
1032 -160.0000000000
1071 -159.0000000000
1137 -158.0000000000
1164 -157.0000000000
1184 -155.0000000000
1194 -153.0000000000
1262 -152.0000000000
1313 -150.0000000000
1365 -149.0000000000
1405 -148.0000000000
1417 -146.0000000000
1436 -145.0000000000
1534 -144.0000000000
1597 -142.0000000000
1634 -141.0000000000
1644 -140.0000000000
1677 -138.0000000000
1784 -137.0000000000
1809 -136.0000000000
1843 -135.0000000000
1884 -134.0000000000
1966 -133.0000000000
1996 -132.0000000000
2041 -131.0000000000
2045 -130.0000000000
2075 -129.0000000000
2124 -128.0000000000
2155 -127.0000000000
2229 -126.0000000000
2259 -125.0000000000
2336 -124.0000000000
2379 -123.0000000000
2403 -122.0000000000
2422 -121.0000000000
2453 -120.0000000000
2491 -119.0000000000
2563 -118.0000000000
2590 -117.0000000000
2627 -116.0000000000
2652 -115.0000000000
2738 -114.0000000000
2744 -113.0000000000
2752 -112.0000000000
2840 -111.0000000000
2856 -110.0000000000
2951 -109.0000000000
2955 -108.0000000000
3026 -107.0000000000
3058 -106.0000000000
3130 -105.0000000000
3150 -104.0000000000
3258 -103.0000000000
3277 -102.0000000000
3410 -101.0000000000
3442 -100.0000000000
3545 -99.0000000000
3584 -98.0000000000
3660 -97.0000000000
3694 -95.0000000000
3729 -94.0000000000
3755 -93.0000000000
3823 -92.0000000000
3898 -91.0000000000
3913 -90.0000000000
3960 -89.0000000000
3998 -88.0000000000
4021 -87.0000000000
4051 -86.0000000000
4105 -85.0000000000
4197 -83.0000000000
4331 -82.0000000000
4404 -81.0000000000
4462 -80.0000000000
4557 -79.0000000000
4621 -78.0000000000
4757 -77.0000000000
4780 -76.0000000000
4809 -75.0000000000
4870 -72.0000000000
4938 -71.0000000000
5051 -70.0000000000
5157 -69.0000000000
5176 -67.0000000000
5239 -66.0000000000
5346 -65.0000000000
5430 -63.0000000000
5472 -62.0000000000
5493 -61.0000000000
5548 -60.0000000000
5717 -59.0000000000
5764 -58.0000000000
5884 -57.0000000000
5973 -56.0000000000
6051 -55.0000000000
6099 -54.0000000000
6162 -53.0000000000
6232 -52.0000000000
6285 -51.0000000000
6429 -50.0000000000
6541 -49.0000000000
6564 -48.0000000000
6701 -47.0000000000
6766 -46.0000000000
6875 -44.0000000000
7031 -43.0000000000
7169 -42.0000000000
7235 -41.0000000000
7354 -40.0000000000
7390 -38.0000000000
7426 -37.0000000000
7427 -36.0000000000
7503 -35.0000000000
7587 -34.0000000000
7701 -33.0000000000
7716 -32.0000000000
7845 -31.0000000000
7935 -30.0000000000
8138 -29.0000000000
8320 -27.0000000000
8541 -26.0000000000
8585 -25.0000000000
8847 -24.0000000000
9023 -23.0000000000
9189 -22.0000000000
9441 -21.0000000000
9480 -20.0000000000
9708 -19.0000000000
9882 -18.0000000000
10049 -17.0000000000
10050 -19.0000000000
evaluations raw_y
1 -209.0000000000
3 -201.0000000000
18 -195.0000000000
28 -179.0000000000
218 -178.0000000000
224 -177.0000000000
255 -176.0000000000
276 -175.0000000000
287 -172.0000000000
309 -171.0000000000
316 -170.0000000000
341 -169.0000000000
443 -168.0000000000
468 -167.0000000000
503 -166.0000000000
554 -165.0000000000
558 -164.0000000000
575 -163.0000000000
624 -162.0000000000
648 -161.0000000000
653 -160.0000000000
695 -159.0000000000
725 -158.0000000000
750 -157.0000000000
758 -156.0000000000
833 -154.0000000000
844 -153.0000000000
891 -152.0000000000
957 -151.0000000000
1014 -149.0000000000
1125 -148.0000000000
1178 -147.0000000000
1190 -146.0000000000
1210 -143.0000000000
1251 -141.0000000000
1301 -140.0000000000
1335 -139.0000000000
1417 -137.0000000000
1432 -136.0000000000
1466 -135.0000000000
1534 -134.0000000000
1569 -133.0000000000
1624 -132.0000000000
1689 -131.0000000000
1706 -130.0000000000
1788 -129.0000000000
1792 -128.0000000000
1832 -127.0000000000
1859 -125.0000000000
1930 -124.0000000000
2048 -123.0000000000
2113 -122.0000000000
2141 -121.0000000000
2200 -120.0000000000
2234 -119.0000000000
2269 -118.0000000000
2289 -117.0000000000
2302 -116.0000000000
2375 -114.0000000000
2425 -113.0000000000
2500 -112.0000000000
2557 -111.0000000000
2628 -110.0000000000
2647 -108.0000000000
2741 -107.0000000000
2799 -106.0000000000
2934 -105.0000000000
2956 -104.0000000000
2984 -103.0000000000
3037 -101.0000000000
3095 -100.0000000000
3128 -99.0000000000
3165 -98.0000000000
3199 -97.0000000000
3244 -96.0000000000
3273 -95.0000000000
3356 -94.0000000000
3440 -93.0000000000
3512 -92.0000000000
3565 -91.0000000000
3567 -90.0000000000
3577 -89.0000000000
3639 -88.0000000000
3749 -87.0000000000
3754 -86.0000000000
3827 -85.0000000000
3854 -84.0000000000
3914 -83.0000000000
3940 -82.0000000000
4038 -81.0000000000
4063 -79.0000000000
4179 -78.0000000000
4218 -77.0000000000
4244 -76.0000000000
4338 -75.0000000000
4404 -74.0000000000
4457 -73.0000000000
4513 -72.0000000000
4565 -71.0000000000
4638 -70.0000000000
4730 -69.0000000000
4829 -68.0000000000
4857 -66.0000000000
5041 -64.0000000000
5098 -63.0000000000
5231 -62.0000000000
5294 -61.0000000000
5334 -60.0000000000
5373 -58.0000000000
5492 -57.0000000000
5558 -56.0000000000
5593 -55.0000000000
5674 -54.0000000000
5782 -53.0000000000
5821 -52.0000000000
5909 -51.0000000000
5945 -50.0000000000
6037 -49.0000000000
6114 -48.0000000000
6323 -47.0000000000
6389 -46.0000000000
6466 -45.0000000000
6545 -44.0000000000
6573 -43.0000000000
6672 -42.0000000000
6758 -41.0000000000
6854 -40.0000000000
7007 -39.0000000000
7172 -38.0000000000
7268 -37.0000000000
7386 -36.0000000000
7561 -35.0000000000
7617 -34.0000000000
7725 -33.0000000000
7923 -32.0000000000
7945 -31.0000000000
8197 -30.0000000000
8319 -29.0000000000
8561 -28.0000000000
8674 -27.0000000000
8741 -26.0000000000
8853 -25.0000000000
8973 -24.0000000000
9155 -23.0000000000
9329 -22.0000000000
9386 -21.0000000000
9466 -20.0000000000
9532 -19.0000000000
9696 -18.0000000000
10015 -16.0000000000
10050 -21.0000000000
evaluations raw_y
1 -220.0000000000
2 -203.0000000000
5 -200.0000000000
13 -198.0000000000
15 -186.0000000000
76 -184.0000000000
156 -183.0000000000
161 -182.0000000000
197 -181.0000000000
251 -180.0000000000
263 -179.0000000000
293 -178.0000000000
304 -177.0000000000
322 -176.0000000000
381 -175.0000000000
419 -174.0000000000
438 -173.0000000000
445 -172.0000000000
446 -171.0000000000
494 -170.0000000000
534 -169.0000000000
553 -168.0000000000
594 -167.0000000000
621 -166.0000000000
679 -165.0000000000
752 -164.0000000000
782 -163.0000000000
783 -162.0000000000
800 -161.0000000000
836 -160.0000000000
871 -159.0000000000
883 -158.0000000000
922 -157.0000000000
997 -156.0000000000
1028 -155.0000000000
1077 -154.0000000000
1109 -151.0000000000
1113 -150.0000000000
1177 -149.0000000000
1188 -147.0000000000
1246 -146.0000000000
1281 -145.0000000000
1353 -144.0000000000
1361 -143.0000000000
1436 -142.0000000000
1469 -141.0000000000
1472 -139.0000000000
1533 -138.0000000000
1599 -137.0000000000
1646 -136.0000000000
1730 -135.0000000000
1747 -134.0000000000
1806 -133.0000000000
1834 -132.0000000000
1844 -131.0000000000
1911 -129.0000000000
1967 -128.0000000000
2006 -127.0000000000
2036 -126.0000000000
2040 -125.0000000000
2075 -124.0000000000
2096 -123.0000000000
2141 -122.0000000000
2197 -121.0000000000
2247 -120.0000000000
2255 -119.0000000000
2291 -118.0000000000
2326 -117.0000000000
2398 -116.0000000000
2410 -115.0000000000
2458 -113.0000000000
2483 -112.0000000000
2586 -111.0000000000
2633 -110.0000000000
2642 -109.0000000000
2655 -108.0000000000
2703 -107.0000000000
2747 -106.0000000000
2779 -105.0000000000
2841 -103.0000000000
2949 -102.0000000000
2974 -101.0000000000
3070 -100.0000000000
3088 -99.0000000000
3138 -97.0000000000
3246 -96.0000000000
3336 -95.0000000000
3366 -94.0000000000
3426 -93.0000000000
3509 -92.0000000000
3576 -91.0000000000
3577 -90.0000000000
3733 -89.0000000000
3766 -88.0000000000
3884 -87.0000000000
3911 -86.0000000000
3953 -85.0000000000
4035 -84.0000000000
4076 -83.0000000000
4165 -82.0000000000
4289 -81.0000000000
4378 -80.0000000000
4439 -79.0000000000
4541 -78.0000000000
4576 -77.0000000000
4640 -76.0000000000
4698 -75.0000000000
4824 -74.0000000000
4872 -72.0000000000
4893 -71.0000000000
4957 -70.0000000000
5069 -68.0000000000
5160 -67.0000000000
5243 -66.0000000000
5289 -65.0000000000
5326 -64.0000000000
5481 -63.0000000000
5509 -62.0000000000
5515 -61.0000000000
5613 -60.0000000000
5719 -57.0000000000
5871 -56.0000000000
5927 -55.0000000000
6051 -54.0000000000
6103 -53.0000000000
6179 -51.0000000000
6334 -50.0000000000
6356 -49.0000000000
6408 -48.0000000000
6549 -47.0000000000
6728 -46.0000000000
6763 -45.0000000000
6858 -44.0000000000
7042 -43.0000000000
7107 -42.0000000000
7223 -41.0000000000
7263 -40.0000000000
7391 -39.0000000000
7542 -38.0000000000
7596 -37.0000000000
7603 -36.0000000000
7653 -35.0000000000
7797 -34.0000000000
7804 -33.0000000000
7938 -32.0000000000
8009 -31.0000000000
8107 -30.0000000000
8279 -29.0000000000
8296 -28.0000000000
8434 -27.0000000000
8564 -26.0000000000
8745 -25.0000000000
8906 -24.0000000000
9090 -23.0000000000
9278 -22.0000000000
9464 -21.0000000000
9555 -20.0000000000
9852 -19.0000000000
10050 -21.0000000000
evaluations raw_y
1 -202.0000000000
7 -195.0000000000
10 -188.0000000000
109 -187.0000000000
141 -186.0000000000
163 -184.0000000000
174 -183.0000000000
228 -182.0000000000
245 -179.0000000000
300 -178.0000000000
315 -177.0000000000
327 -176.0000000000
382 -175.0000000000
429 -174.0000000000
439 -173.0000000000
483 -172.0000000000
517 -170.0000000000
569 -169.0000000000
593 -167.0000000000
645 -166.0000000000
671 -165.0000000000
719 -164.0000000000
726 -163.0000000000
774 -162.0000000000
831 -161.0000000000
834 -159.0000000000
864 -158.0000000000
878 -157.0000000000
908 -156.0000000000
913 -155.0000000000
965 -154.0000000000
1000 -152.0000000000
1091 -151.0000000000
1099 -150.0000000000
1134 -149.0000000000
1224 -148.0000000000
1245 -147.0000000000
1324 -146.0000000000
1352 -145.0000000000
1405 -143.0000000000
1407 -141.0000000000
1501 -140.0000000000
1519 -139.0000000000
1543 -137.0000000000
1576 -136.0000000000
1610 -135.0000000000
1641 -134.0000000000
1727 -133.0000000000
1766 -132.0000000000
1792 -131.0000000000
1865 -129.0000000000
1975 -127.0000000000
1988 -126.0000000000
2005 -124.0000000000
2089 -122.0000000000
2208 -121.0000000000
2220 -119.0000000000
2261 -117.0000000000
2388 -116.0000000000
2412 -115.0000000000
2445 -114.0000000000
2459 -113.0000000000
2509 -112.0000000000
2588 -111.0000000000
2640 -110.0000000000
2682 -109.0000000000
2745 -108.0000000000
2793 -107.0000000000
2846 -106.0000000000
2889 -105.0000000000
2912 -104.0000000000
3035 -102.0000000000
3085 -101.0000000000
3091 -100.0000000000
3171 -99.0000000000
3249 -98.0000000000
3310 -97.0000000000
3350 -96.0000000000
3377 -95.0000000000
3448 -94.0000000000
3496 -92.0000000000
3554 -91.0000000000
3601 -90.0000000000
3654 -89.0000000000
3682 -88.0000000000
3736 -87.0000000000
3749 -85.0000000000
3833 -84.0000000000
3899 -83.0000000000
4043 -82.0000000000
4062 -81.0000000000
4173 -80.0000000000
4253 -78.0000000000
4328 -77.0000000000
4441 -76.0000000000
4516 -74.0000000000
4646 -73.0000000000
4659 -72.0000000000
4692 -71.0000000000
4775 -70.0000000000
4779 -69.0000000000
4869 -68.0000000000
5008 -67.0000000000
5053 -66.0000000000
5152 -65.0000000000
5155 -64.0000000000
5262 -63.0000000000
5314 -62.0000000000
5361 -61.0000000000
5479 -60.0000000000
5588 -59.0000000000
5627 -58.0000000000
5641 -57.0000000000
5811 -56.0000000000
5945 -55.0000000000
5958 -54.0000000000
6021 -53.0000000000
6039 -52.0000000000
6181 -51.0000000000
6317 -50.0000000000
6446 -49.0000000000
6497 -48.0000000000
6588 -47.0000000000
6658 -46.0000000000
6726 -45.0000000000
6738 -44.0000000000
6799 -43.0000000000
6893 -42.0000000000
6933 -41.0000000000
7044 -40.0000000000
7106 -38.0000000000
7226 -37.0000000000
7260 -36.0000000000
7375 -35.0000000000
7528 -34.0000000000
7808 -33.0000000000
7881 -32.0000000000
7919 -31.0000000000
8040 -30.0000000000
8097 -29.0000000000
8368 -28.0000000000
8436 -27.0000000000
8594 -26.0000000000
8736 -24.0000000000
8804 -23.0000000000
9047 -22.0000000000
9156 -21.0000000000
9165 -20.0000000000
9209 -19.0000000000
9365 -18.0000000000
9621 -17.0000000000
9866 -16.0000000000
9957 -15.0000000000
10050 -17.0000000000
evaluations raw_y
1 -211.0000000000
4 -200.0000000000
18 -199.0000000000
20 -198.0000000000
37 -193.0000000000
82 -192.0000000000
117 -191.0000000000
160 -190.0000000000
189 -189.0000000000
213 -188.0000000000
269 -187.0000000000
283 -186.0000000000
287 -185.0000000000
321 -184.0000000000
374 -183.0000000000
408 -181.0000000000
445 -180.0000000000
463 -179.0000000000
508 -178.0000000000
546 -177.0000000000
578 -175.0000000000
594 -174.0000000000
629 -172.0000000000
657 -171.0000000000
682 -170.0000000000
700 -169.0000000000
709 -168.0000000000
742 -167.0000000000
756 -166.0000000000
786 -165.0000000000
792 -164.0000000000
797 -162.0000000000
811 -161.0000000000
859 -160.0000000000
885 -158.0000000000
965 -157.0000000000
1021 -156.0000000000
1061 -153.0000000000
1184 -152.0000000000
1224 -151.0000000000
1242 -150.0000000000
1263 -149.0000000000
1323 -148.0000000000
1340 -147.0000000000
1372 -146.0000000000
1446 -145.0000000000
1470 -144.0000000000
1491 -143.0000000000
1536 -142.0000000000
1565 -140.0000000000
1668 -139.0000000000
1719 -138.0000000000
1738 -137.0000000000
1743 -136.0000000000
1827 -135.0000000000
1853 -134.0000000000
1899 -131.0000000000
2014 -130.0000000000
2045 -129.0000000000
2127 -128.0000000000
2159 -127.0000000000
2235 -126.0000000000
2251 -125.0000000000
2307 -124.0000000000
2347 -123.0000000000
2433 -122.0000000000
2476 -121.0000000000
2576 -120.0000000000
2594 -119.0000000000
2622 -118.0000000000
2628 -117.0000000000
2742 -116.0000000000
2755 -115.0000000000
2807 -114.0000000000
2876 -113.0000000000
2916 -112.0000000000
2941 -111.0000000000
3036 -110.0000000000
3079 -109.0000000000
3150 -108.0000000000
3196 -107.0000000000
3203 -106.0000000000
3233 -105.0000000000
3305 -104.0000000000
3335 -103.0000000000
3439 -102.0000000000
3515 -101.0000000000
3598 -100.0000000000
3607 -99.0000000000
3658 -98.0000000000
3721 -97.0000000000
3724 -96.0000000000
3788 -95.0000000000
3924 -94.0000000000
3988 -93.0000000000
3991 -92.0000000000
4120 -91.0000000000
4160 -90.0000000000
4190 -89.0000000000
4195 -88.0000000000
4291 -86.0000000000
4349 -85.0000000000
4467 -84.0000000000
4473 -83.0000000000
4490 -81.0000000000
4557 -80.0000000000
4664 -79.0000000000
4711 -78.0000000000
4789 -77.0000000000
4879 -76.0000000000
5003 -75.0000000000
5086 -74.0000000000
5102 -73.0000000000
5200 -71.0000000000
5226 -69.0000000000
5312 -68.0000000000
5397 -67.0000000000
5424 -66.0000000000
5504 -65.0000000000
5566 -63.0000000000
5580 -62.0000000000
5676 -61.0000000000
5809 -60.0000000000
5827 -59.0000000000
5901 -58.0000000000
6038 -57.0000000000
6106 -56.0000000000
6223 -55.0000000000
6321 -54.0000000000
6413 -53.0000000000
6530 -52.0000000000
6617 -51.0000000000
6698 -50.0000000000
6759 -49.0000000000
6824 -48.0000000000
6980 -47.0000000000
7024 -46.0000000000
7097 -45.0000000000
7153 -44.0000000000
7232 -43.0000000000
7277 -42.0000000000
7321 -41.0000000000
7452 -40.0000000000
7506 -39.0000000000
7815 -38.0000000000
7830 -37.0000000000
7903 -36.0000000000
8047 -35.0000000000
8181 -34.0000000000
8329 -33.0000000000
8375 -32.0000000000
8524 -31.0000000000
8731 -30.0000000000
8832 -29.0000000000
9006 -28.0000000000
9054 -27.0000000000
9270 -26.0000000000
9394 -25.0000000000
9406 -24.0000000000
9642 -23.0000000000
9853 -22.0000000000
9977 -21.0000000000
10050 -22.0000000000
evaluations raw_y
1 -232.0000000000
2 -224.0000000000
4 -217.0000000000
5 -189.0000000000
7 -187.0000000000
89 -186.0000000000
122 -185.0000000000
143 -183.0000000000
173 -182.0000000000
206 -181.0000000000
267 -180.0000000000
291 -179.0000000000
333 -178.0000000000
377 -177.0000000000
397 -176.0000000000
423 -175.0000000000
488 -174.0000000000
496 -172.0000000000
515 -171.0000000000
563 -170.0000000000
616 -169.0000000000
644 -167.0000000000
675 -166.0000000000
707 -165.0000000000
737 -163.0000000000
772 -162.0000000000
842 -160.0000000000
891 -159.0000000000
908 -158.0000000000
913 -157.0000000000
917 -156.0000000000
960 -155.0000000000
967 -154.0000000000
1022 -153.0000000000
1047 -152.0000000000
1092 -151.0000000000
1141 -150.0000000000
1156 -149.0000000000
1188 -148.0000000000
1203 -147.0000000000
1265 -146.0000000000
1315 -145.0000000000
1356 -144.0000000000
1361 -143.0000000000
1374 -142.0000000000
1394 -141.0000000000
1424 -140.0000000000
1430 -139.0000000000
1474 -138.0000000000
1509 -137.0000000000
1524 -136.0000000000
1562 -134.0000000000
1648 -133.0000000000
1713 -132.0000000000
1718 -130.0000000000
1760 -129.0000000000
1808 -128.0000000000
1822 -127.0000000000
1850 -126.0000000000
1885 -123.0000000000
1963 -121.0000000000
2053 -119.0000000000
2174 -118.0000000000
2258 -117.0000000000
2301 -116.0000000000
2382 -115.0000000000
2486 -114.0000000000
2493 -113.0000000000
2546 -112.0000000000
2623 -111.0000000000
2664 -110.0000000000
2734 -109.0000000000
2782 -108.0000000000
2869 -107.0000000000
2957 -106.0000000000
2971 -105.0000000000
3033 -104.0000000000
3070 -103.0000000000
3077 -101.0000000000
3109 -100.0000000000
3139 -98.0000000000
3188 -97.0000000000
3219 -96.0000000000
3295 -95.0000000000
3307 -93.0000000000
3379 -91.0000000000
3445 -89.0000000000
3504 -88.0000000000
3580 -87.0000000000
3596 -86.0000000000
3665 -85.0000000000
3746 -84.0000000000
3898 -83.0000000000
3953 -82.0000000000
4078 -81.0000000000
4123 -80.0000000000
4221 -79.0000000000
4298 -78.0000000000
4357 -77.0000000000
4458 -76.0000000000
4515 -75.0000000000
4580 -74.0000000000
4737 -73.0000000000
4869 -72.0000000000
4923 -71.0000000000
4998 -69.0000000000
5099 -68.0000000000
5192 -67.0000000000
5250 -66.0000000000
5274 -65.0000000000
5390 -64.0000000000
5481 -63.0000000000
5508 -62.0000000000
5581 -61.0000000000
5606 -60.0000000000
5694 -59.0000000000
5772 -58.0000000000
5778 -57.0000000000
5826 -56.0000000000
5891 -55.0000000000
6017 -54.0000000000
6082 -53.0000000000
6155 -52.0000000000
6248 -51.0000000000
6262 -50.0000000000
6316 -49.0000000000
6507 -48.0000000000
6555 -47.0000000000
6686 -46.0000000000
6762 -45.0000000000
6909 -44.0000000000
7012 -43.0000000000
7022 -42.0000000000
7087 -41.0000000000
7150 -40.0000000000
7204 -39.0000000000
7387 -38.0000000000
7588 -37.0000000000
7654 -36.0000000000
8114 -35.0000000000
8207 -34.0000000000
8253 -33.0000000000
8355 -32.0000000000
8512 -31.0000000000
8555 -30.0000000000
8805 -29.0000000000
8890 -28.0000000000
8938 -27.0000000000
9129 -26.0000000000
9232 -25.0000000000
9506 -24.0000000000
9581 -23.0000000000
9676 -22.0000000000
9791 -21.0000000000
9977 -20.0000000000
10050 -19.0000000000
evaluations raw_y
1 -200.0000000000
4 -191.0000000000
126 -189.0000000000
153 -187.0000000000
192 -186.0000000000
243 -185.0000000000
271 -184.0000000000
327 -181.0000000000
380 -180.0000000000
442 -178.0000000000
511 -177.0000000000
548 -175.0000000000
552 -173.0000000000
638 -171.0000000000
667 -170.0000000000
751 -169.0000000000
758 -167.0000000000
838 -165.0000000000
862 -164.0000000000
917 -163.0000000000
969 -162.0000000000
979 -161.0000000000
999 -159.0000000000
1078 -158.0000000000
1095 -157.0000000000
1155 -156.0000000000
1181 -155.0000000000
1213 -154.0000000000
1221 -152.0000000000
1296 -150.0000000000
1337 -148.0000000000
1357 -147.0000000000
1438 -146.0000000000
1492 -145.0000000000
1541 -144.0000000000
1547 -143.0000000000
1569 -142.0000000000
1614 -141.0000000000
1650 -140.0000000000
1731 -139.0000000000
1771 -138.0000000000
1785 -137.0000000000
1792 -136.0000000000
1898 -135.0000000000
1935 -134.0000000000
1988 -133.0000000000
1990 -132.0000000000
2027 -131.0000000000
2085 -130.0000000000
2095 -129.0000000000
2152 -128.0000000000
2182 -127.0000000000
2261 -126.0000000000
2323 -125.0000000000
2362 -124.0000000000
2371 -123.0000000000
2425 -121.0000000000
2443 -120.0000000000
2451 -119.0000000000
2570 -118.0000000000
2606 -117.0000000000
2674 -116.0000000000
2712 -115.0000000000
2783 -114.0000000000
2801 -113.0000000000
2848 -112.0000000000
2890 -111.0000000000
3016 -109.0000000000
3139 -108.0000000000
3178 -107.0000000000
3227 -106.0000000000
3293 -105.0000000000
3370 -104.0000000000
3418 -103.0000000000
3457 -102.0000000000
3526 -101.0000000000
3602 -100.0000000000
3643 -98.0000000000
3796 -97.0000000000
3799 -96.0000000000
3836 -95.0000000000
3851 -93.0000000000
3944 -92.0000000000
4008 -91.0000000000
4063 -90.0000000000
4112 -89.0000000000
4233 -88.0000000000
4238 -87.0000000000
4303 -86.0000000000
4354 -85.0000000000
4440 -84.0000000000
4444 -83.0000000000
4499 -82.0000000000
4608 -81.0000000000
4644 -80.0000000000
4750 -79.0000000000
4809 -78.0000000000
4872 -77.0000000000
4995 -76.0000000000
5048 -74.0000000000
5070 -73.0000000000
5109 -72.0000000000
5132 -71.0000000000
5168 -70.0000000000
5218 -69.0000000000
5343 -68.0000000000
5423 -67.0000000000
5529 -66.0000000000
5597 -65.0000000000
5697 -64.0000000000
5731 -63.0000000000
5780 -62.0000000000
5837 -61.0000000000
5956 -60.0000000000
5961 -59.0000000000
6061 -58.0000000000
6164 -57.0000000000
6277 -56.0000000000
6316 -55.0000000000
6465 -54.0000000000
6555 -53.0000000000
6722 -52.0000000000
6783 -51.0000000000
6913 -50.0000000000
6963 -49.0000000000
7050 -48.0000000000
7113 -47.0000000000
7154 -46.0000000000
7179 -45.0000000000
7246 -44.0000000000
7352 -43.0000000000
7423 -42.0000000000
7505 -41.0000000000
7605 -40.0000000000
7634 -39.0000000000
7743 -38.0000000000
7800 -36.0000000000
7911 -35.0000000000
7982 -34.0000000000
8093 -33.0000000000
8224 -32.0000000000
8259 -31.0000000000
8353 -30.0000000000
8402 -29.0000000000
8627 -28.0000000000
8675 -27.0000000000
8768 -26.0000000000
8877 -25.0000000000
8975 -24.0000000000
9087 -23.0000000000
9302 -22.0000000000
9352 -21.0000000000
9526 -20.0000000000
9635 -19.0000000000
9643 -18.0000000000
9853 -17.0000000000
9976 -16.0000000000
9981 -15.0000000000
10050 -15.0000000000
evaluations raw_y
1 -221.0000000000
3 -207.0000000000
4 -199.0000000000
14 -198.0000000000
46 -195.0000000000
135 -194.0000000000
217 -193.0000000000
238 -191.0000000000
300 -190.0000000000
343 -189.0000000000
362 -187.0000000000
420 -186.0000000000
478 -185.0000000000
509 -183.0000000000
531 -182.0000000000
557 -181.0000000000
622 -180.0000000000
635 -179.0000000000
654 -178.0000000000
698 -177.0000000000
730 -176.0000000000
775 -175.0000000000
806 -174.0000000000
815 -173.0000000000
853 -172.0000000000
870 -171.0000000000
882 -170.0000000000
918 -169.0000000000
926 -167.0000000000
932 -166.0000000000
977 -165.0000000000
987 -164.0000000000
998 -163.0000000000
1059 -162.0000000000
1107 -161.0000000000
1120 -160.0000000000
1152 -159.0000000000
1189 -158.0000000000
1252 -157.0000000000
1298 -156.0000000000
1325 -155.0000000000
1354 -154.0000000000
1374 -153.0000000000
1414 -152.0000000000
1428 -151.0000000000
1475 -150.0000000000
1483 -149.0000000000
1537 -148.0000000000
1614 -147.0000000000
1633 -146.0000000000
1674 -144.0000000000
1677 -143.0000000000
1734 -142.0000000000
1801 -141.0000000000
1811 -140.0000000000
1871 -138.0000000000
1874 -137.0000000000
1939 -135.0000000000
1943 -134.0000000000
2020 -133.0000000000
2042 -132.0000000000
2111 -131.0000000000
2147 -130.0000000000
2164 -129.0000000000
2170 -128.0000000000
2243 -126.0000000000
2255 -125.0000000000
2302 -124.0000000000
2337 -123.0000000000
2407 -122.0000000000
2412 -121.0000000000
2477 -120.0000000000
2494 -119.0000000000
2547 -118.0000000000
2638 -117.0000000000
2641 -116.0000000000
2680 -115.0000000000
2681 -114.0000000000
2739 -113.0000000000
2761 -112.0000000000
2800 -111.0000000000
2886 -110.0000000000
2931 -109.0000000000
2947 -108.0000000000
3084 -107.0000000000
3109 -106.0000000000
3131 -105.0000000000
3197 -104.0000000000
3238 -103.0000000000
3266 -102.0000000000
3323 -101.0000000000
3356 -100.0000000000
3364 -99.0000000000
3444 -98.0000000000
3539 -97.0000000000
3611 -96.0000000000
3649 -95.0000000000
3741 -94.0000000000
3810 -93.0000000000
3847 -92.0000000000
3898 -91.0000000000
3983 -90.0000000000
4011 -89.0000000000
4067 -88.0000000000
4072 -86.0000000000
4208 -85.0000000000
4244 -84.0000000000
4355 -83.0000000000
4475 -82.0000000000
4519 -81.0000000000
4625 -80.0000000000
4691 -79.0000000000
4757 -78.0000000000
4853 -76.0000000000
4920 -75.0000000000
5098 -74.0000000000
5120 -73.0000000000
5178 -72.0000000000
5234 -71.0000000000
5334 -69.0000000000
5376 -68.0000000000
5450 -67.0000000000
5466 -66.0000000000
5506 -65.0000000000
5557 -64.0000000000
5660 -63.0000000000
5738 -62.0000000000
5841 -61.0000000000
5875 -60.0000000000
6021 -59.0000000000
6071 -58.0000000000
6202 -57.0000000000
6286 -56.0000000000
6424 -55.0000000000
6491 -54.0000000000
6588 -53.0000000000
6781 -52.0000000000
6937 -51.0000000000
6976 -50.0000000000
7092 -49.0000000000
7133 -48.0000000000
7256 -47.0000000000
7289 -46.0000000000
7344 -45.0000000000
7393 -44.0000000000
7514 -43.0000000000
7619 -42.0000000000
7723 -41.0000000000
7857 -40.0000000000
7885 -39.0000000000
8000 -38.0000000000
8119 -37.0000000000
8289 -36.0000000000
8323 -35.0000000000
8402 -34.0000000000
8533 -33.0000000000
8649 -32.0000000000
8967 -31.0000000000
9114 -29.0000000000
9291 -28.0000000000
9365 -27.0000000000
9461 -26.0000000000
9579 -25.0000000000
9695 -24.0000000000
9894 -23.0000000000
10050 -24.0000000000
evaluations raw_y
1 -205.0000000000
7 -204.0000000000
18 -197.0000000000
101 -194.0000000000
176 -193.0000000000
218 -192.0000000000
221 -190.0000000000
241 -189.0000000000
278 -187.0000000000
320 -186.0000000000
355 -185.0000000000
421 -184.0000000000
433 -183.0000000000
495 -182.0000000000
516 -181.0000000000
565 -180.0000000000
566 -179.0000000000
601 -178.0000000000
638 -177.0000000000
655 -176.0000000000
657 -175.0000000000
684 -174.0000000000
730 -173.0000000000
782 -172.0000000000
785 -171.0000000000
796 -170.0000000000
834 -169.0000000000
850 -168.0000000000
885 -166.0000000000
931 -165.0000000000
977 -164.0000000000
984 -163.0000000000
1006 -162.0000000000
1014 -160.0000000000
1097 -157.0000000000
1141 -156.0000000000
1173 -155.0000000000
1193 -153.0000000000
1263 -152.0000000000
1293 -151.0000000000
1380 -150.0000000000
1416 -149.0000000000
1440 -148.0000000000
1486 -147.0000000000
1525 -146.0000000000
1551 -145.0000000000
1589 -143.0000000000
1661 -141.0000000000
1756 -140.0000000000
1794 -139.0000000000
1852 -137.0000000000
1890 -136.0000000000
1951 -135.0000000000
2041 -134.0000000000
2061 -133.0000000000
2130 -131.0000000000
2139 -130.0000000000
2243 -129.0000000000
2253 -127.0000000000
2320 -126.0000000000
2372 -125.0000000000
2416 -124.0000000000
2418 -123.0000000000
2486 -122.0000000000
2506 -121.0000000000
2532 -120.0000000000
2594 -119.0000000000
2644 -118.0000000000
2695 -117.0000000000
2794 -115.0000000000
2865 -113.0000000000
3002 -112.0000000000
3065 -110.0000000000
3144 -109.0000000000
3182 -108.0000000000
3231 -107.0000000000
3248 -106.0000000000
3321 -105.0000000000
3357 -104.0000000000
3420 -102.0000000000
3488 -101.0000000000
3490 -100.0000000000
3533 -99.0000000000
3638 -98.0000000000
3642 -97.0000000000
3774 -96.0000000000
3840 -95.0000000000
3854 -94.0000000000
3930 -93.0000000000
3985 -92.0000000000
4014 -91.0000000000
4085 -90.0000000000
4093 -89.0000000000
4140 -87.0000000000
4281 -85.0000000000
4304 -84.0000000000
4398 -83.0000000000
4465 -82.0000000000
4562 -80.0000000000
4633 -79.0000000000
4702 -78.0000000000
4722 -77.0000000000
4809 -76.0000000000
4900 -75.0000000000
4922 -74.0000000000
4987 -73.0000000000
5027 -72.0000000000
5076 -71.0000000000
5188 -70.0000000000
5312 -69.0000000000
5365 -68.0000000000
5385 -67.0000000000
5439 -66.0000000000
5563 -65.0000000000
5632 -64.0000000000
5643 -63.0000000000
5752 -62.0000000000
5771 -61.0000000000
5914 -60.0000000000
6001 -59.0000000000
6123 -58.0000000000
6186 -57.0000000000
6400 -56.0000000000
6463 -55.0000000000
6500 -54.0000000000
6593 -53.0000000000
6664 -52.0000000000
6749 -51.0000000000
6820 -50.0000000000
6875 -49.0000000000
6945 -48.0000000000
7045 -46.0000000000
7074 -43.0000000000
7159 -42.0000000000
7317 -40.0000000000
7452 -39.0000000000
7544 -38.0000000000
7713 -37.0000000000
7791 -36.0000000000
7799 -35.0000000000
7866 -34.0000000000
8059 -33.0000000000
8261 -32.0000000000
8316 -31.0000000000
8472 -30.0000000000
8511 -29.0000000000
8616 -28.0000000000
8738 -27.0000000000
8889 -26.0000000000
9041 -25.0000000000
9138 -24.0000000000
9156 -23.0000000000
9279 -22.0000000000
9345 -21.0000000000
9417 -20.0000000000
9580 -19.0000000000
9865 -18.0000000000
10050 -18.0000000000
evaluations raw_y
1 -229.0000000000
2 -212.0000000000
3 -206.0000000000
5 -205.0000000000
12 -202.0000000000
23 -197.0000000000
27 -192.0000000000
147 -191.0000000000
172 -189.0000000000
204 -188.0000000000
264 -187.0000000000
317 -186.0000000000
351 -185.0000000000
370 -184.0000000000
433 -183.0000000000
451 -182.0000000000
501 -181.0000000000
541 -180.0000000000
584 -178.0000000000
622 -177.0000000000
641 -174.0000000000
670 -172.0000000000
680 -171.0000000000
750 -170.0000000000
768 -168.0000000000
810 -166.0000000000
892 -165.0000000000
920 -163.0000000000
1001 -162.0000000000
1032 -161.0000000000
1082 -159.0000000000
1119 -158.0000000000
1132 -157.0000000000
1164 -156.0000000000
1209 -155.0000000000
1258 -154.0000000000
1337 -153.0000000000
1340 -152.0000000000
1379 -151.0000000000
1416 -150.0000000000
1456 -149.0000000000
1477 -148.0000000000
1512 -147.0000000000
1529 -145.0000000000
1553 -144.0000000000
1584 -143.0000000000
1690 -142.0000000000
1739 -141.0000000000
1749 -140.0000000000
1789 -139.0000000000
1859 -138.0000000000
1934 -136.0000000000
2017 -135.0000000000
2038 -134.0000000000
2122 -133.0000000000
2235 -132.0000000000
2242 -130.0000000000
2362 -129.0000000000
2451 -128.0000000000
2464 -127.0000000000
2517 -125.0000000000
2695 -124.0000000000
2750 -123.0000000000
2777 -122.0000000000
2845 -121.0000000000
2890 -120.0000000000
2980 -119.0000000000
3033 -118.0000000000
3050 -117.0000000000
3140 -116.0000000000
3158 -115.0000000000
3215 -113.0000000000
3319 -112.0000000000
3403 -111.0000000000
3470 -110.0000000000
3524 -108.0000000000
3585 -107.0000000000
3634 -106.0000000000
3690 -105.0000000000
3706 -104.0000000000
3781 -103.0000000000
3878 -102.0000000000
3959 -101.0000000000
3973 -100.0000000000
4038 -99.0000000000
4061 -98.0000000000
4096 -97.0000000000
4153 -96.0000000000
4183 -95.0000000000
4187 -94.0000000000
4189 -93.0000000000
4217 -92.0000000000
4327 -91.0000000000
4385 -90.0000000000
4506 -89.0000000000
4532 -88.0000000000
4579 -87.0000000000
4617 -86.0000000000
4710 -85.0000000000
4749 -84.0000000000
4891 -83.0000000000
4903 -82.0000000000
5006 -80.0000000000
5105 -79.0000000000
5181 -78.0000000000
5204 -77.0000000000
5273 -75.0000000000
5359 -74.0000000000
5483 -73.0000000000
5529 -72.0000000000
5536 -71.0000000000
5622 -70.0000000000
5761 -69.0000000000
5830 -67.0000000000
5941 -66.0000000000
5971 -65.0000000000
6065 -63.0000000000
6129 -61.0000000000
6220 -60.0000000000
6292 -59.0000000000
6370 -58.0000000000
6417 -57.0000000000
6497 -56.0000000000
6522 -55.0000000000
6609 -54.0000000000
6654 -53.0000000000
6655 -52.0000000000
6802 -51.0000000000
6877 -50.0000000000
6975 -49.0000000000
7014 -48.0000000000
7025 -47.0000000000
7169 -46.0000000000
7181 -45.0000000000
7228 -44.0000000000
7367 -43.0000000000
7476 -42.0000000000
7552 -41.0000000000
7689 -40.0000000000
7698 -39.0000000000
7831 -38.0000000000
7905 -37.0000000000
8061 -36.0000000000
8105 -35.0000000000
8444 -34.0000000000
8528 -33.0000000000
8641 -32.0000000000
8887 -31.0000000000
9021 -30.0000000000
9047 -29.0000000000
9122 -28.0000000000
9267 -27.0000000000
9358 -26.0000000000
9426 -25.0000000000
9554 -24.0000000000
9595 -23.0000000000
9706 -22.0000000000
9870 -21.0000000000
10050 -22.0000000000
evaluations raw_y
1 -210.0000000000
4 -201.0000000000
17 -187.0000000000
27 -183.0000000000
82 -182.0000000000
106 -180.0000000000
122 -179.0000000000
153 -178.0000000000
182 -177.0000000000
204 -176.0000000000
234 -174.0000000000
242 -173.0000000000
270 -172.0000000000
286 -170.0000000000
338 -169.0000000000
371 -168.0000000000
429 -167.0000000000
466 -166.0000000000
495 -165.0000000000
521 -164.0000000000
569 -162.0000000000
621 -161.0000000000
673 -160.0000000000
727 -159.0000000000
735 -158.0000000000
773 -157.0000000000
780 -156.0000000000
818 -155.0000000000
877 -154.0000000000
907 -153.0000000000
911 -152.0000000000
954 -151.0000000000
987 -150.0000000000
1016 -149.0000000000
1054 -148.0000000000
1103 -147.0000000000
1140 -146.0000000000
1185 -145.0000000000
1190 -144.0000000000
1191 -142.0000000000
1257 -141.0000000000
1307 -140.0000000000
1351 -139.0000000000
1374 -138.0000000000
1398 -136.0000000000
1507 -135.0000000000
1551 -134.0000000000
1571 -133.0000000000
1574 -132.0000000000
1634 -131.0000000000
1710 -130.0000000000
1783 -128.0000000000
1816 -127.0000000000
1899 -126.0000000000
1916 -125.0000000000
1930 -124.0000000000
1989 -123.0000000000
2031 -122.0000000000
2051 -121.0000000000
2110 -120.0000000000
2172 -119.0000000000
2201 -118.0000000000
2244 -117.0000000000
2255 -116.0000000000
2299 -114.0000000000
2337 -113.0000000000
2365 -112.0000000000
2402 -111.0000000000
2452 -110.0000000000
2461 -109.0000000000
2620 -108.0000000000
2663 -106.0000000000
2788 -105.0000000000
2857 -104.0000000000
2905 -103.0000000000
2945 -102.0000000000
2959 -101.0000000000
2990 -100.0000000000
3068 -99.0000000000
3077 -98.0000000000
3153 -97.0000000000
3177 -96.0000000000
3181 -95.0000000000
3325 -94.0000000000
3397 -93.0000000000
3524 -92.0000000000
3621 -91.0000000000
3705 -90.0000000000
3734 -89.0000000000
3763 -88.0000000000
3834 -87.0000000000
3843 -86.0000000000
3858 -85.0000000000
3920 -84.0000000000
3935 -83.0000000000
4129 -82.0000000000
4179 -81.0000000000
4209 -80.0000000000
4273 -79.0000000000
4341 -78.0000000000
4391 -77.0000000000
4398 -76.0000000000
4436 -75.0000000000
4500 -74.0000000000
4560 -73.0000000000
4679 -71.0000000000
4821 -70.0000000000
4877 -69.0000000000
4987 -68.0000000000
5016 -67.0000000000
5088 -66.0000000000
5125 -65.0000000000
5185 -64.0000000000
5214 -63.0000000000
5238 -62.0000000000
5346 -61.0000000000
5416 -60.0000000000
5437 -59.0000000000
5492 -58.0000000000
5561 -57.0000000000
5650 -56.0000000000
5709 -55.0000000000
5757 -54.0000000000
5773 -53.0000000000
5912 -52.0000000000
6081 -51.0000000000
6131 -50.0000000000
6148 -49.0000000000
6348 -48.0000000000
6408 -47.0000000000
6485 -46.0000000000
6538 -45.0000000000
6564 -44.0000000000
6594 -42.0000000000
6671 -41.0000000000
6760 -40.0000000000
6948 -39.0000000000
7067 -38.0000000000
7213 -37.0000000000
7262 -36.0000000000
7455 -35.0000000000
7483 -34.0000000000
7522 -33.0000000000
7683 -32.0000000000
7756 -31.0000000000
7881 -30.0000000000
7998 -29.0000000000
8024 -28.0000000000
8242 -27.0000000000
8322 -26.0000000000
8409 -25.0000000000
8597 -24.0000000000
8744 -23.0000000000
8891 -22.0000000000
9205 -21.0000000000
9263 -20.0000000000
9324 -19.0000000000
9340 -18.0000000000
9524 -17.0000000000
9600 -16.0000000000
9808 -15.0000000000
9879 -14.0000000000
10050 -16.0000000000
evaluations raw_y
1 -203.0000000000
5 -189.0000000000
110 -188.0000000000
115 -187.0000000000
143 -186.0000000000
202 -185.0000000000
209 -184.0000000000
244 -183.0000000000
266 -182.0000000000
325 -181.0000000000
329 -179.0000000000
372 -178.0000000000
376 -177.0000000000
382 -175.0000000000
499 -174.0000000000
514 -173.0000000000
552 -172.0000000000
573 -171.0000000000
613 -170.0000000000
649 -169.0000000000
673 -167.0000000000
691 -166.0000000000
741 -165.0000000000
780 -164.0000000000
822 -163.0000000000
842 -162.0000000000
899 -161.0000000000
942 -160.0000000000
966 -159.0000000000
977 -158.0000000000
1003 -157.0000000000
1031 -156.0000000000
1036 -155.0000000000
1068 -154.0000000000
1084 -153.0000000000
1139 -151.0000000000
1183 -150.0000000000
1228 -149.0000000000
1241 -148.0000000000
1317 -147.0000000000
1343 -146.0000000000
1375 -145.0000000000
1386 -144.0000000000
1453 -143.0000000000
1481 -142.0000000000
1578 -141.0000000000
1595 -140.0000000000
1664 -139.0000000000
1693 -138.0000000000
1733 -137.0000000000
1775 -136.0000000000
1787 -135.0000000000
1811 -134.0000000000
1814 -133.0000000000
1928 -132.0000000000
1946 -131.0000000000
2013 -130.0000000000
2043 -129.0000000000
2049 -128.0000000000
2119 -127.0000000000
2162 -126.0000000000
2200 -125.0000000000
2211 -124.0000000000
2298 -121.0000000000
2340 -120.0000000000
2407 -119.0000000000
2425 -118.0000000000
2497 -117.0000000000
2550 -115.0000000000
2658 -114.0000000000
2667 -113.0000000000
2681 -112.0000000000
2742 -111.0000000000
2819 -110.0000000000
2845 -109.0000000000
2908 -108.0000000000
2981 -107.0000000000
3016 -106.0000000000
3045 -105.0000000000
3100 -104.0000000000
3133 -103.0000000000
3162 -102.0000000000
3229 -101.0000000000
3263 -100.0000000000
3382 -99.0000000000
3391 -98.0000000000
3466 -96.0000000000
3520 -95.0000000000
3569 -94.0000000000
3645 -93.0000000000
3655 -91.0000000000
3739 -89.0000000000
3785 -87.0000000000
3850 -86.0000000000
3995 -85.0000000000
4109 -84.0000000000
4139 -83.0000000000
4288 -82.0000000000
4321 -81.0000000000
4365 -80.0000000000
4367 -78.0000000000
4463 -77.0000000000
4488 -76.0000000000
4609 -75.0000000000
4616 -74.0000000000
4728 -73.0000000000
4841 -71.0000000000
4955 -70.0000000000
4969 -69.0000000000
5098 -68.0000000000
5131 -67.0000000000
5198 -66.0000000000
5348 -65.0000000000
5349 -64.0000000000
5433 -63.0000000000
5554 -62.0000000000
5612 -61.0000000000
5691 -60.0000000000
5706 -58.0000000000
5782 -57.0000000000
5814 -55.0000000000
5902 -54.0000000000
5996 -53.0000000000
6126 -52.0000000000
6222 -51.0000000000
6313 -49.0000000000
6586 -48.0000000000
6616 -47.0000000000
6701 -46.0000000000
6720 -45.0000000000
6806 -44.0000000000
6886 -43.0000000000
6900 -42.0000000000
7044 -41.0000000000
7149 -40.0000000000
7276 -39.0000000000
7356 -38.0000000000
7453 -37.0000000000
7638 -36.0000000000
7688 -35.0000000000
7828 -33.0000000000
7911 -31.0000000000
8035 -30.0000000000
8236 -29.0000000000
8370 -28.0000000000
8501 -27.0000000000
8728 -25.0000000000
8808 -24.0000000000
9029 -23.0000000000
9152 -22.0000000000
9208 -21.0000000000
9441 -20.0000000000
9543 -19.0000000000
9710 -18.0000000000
9761 -17.0000000000
9886 -16.0000000000
10044 -15.0000000000
10050 -16.0000000000
evaluations raw_y
1 -220.0000000000
2 -204.0000000000
13 -190.0000000000
84 -189.0000000000
122 -188.0000000000
163 -186.0000000000
224 -185.0000000000
251 -184.0000000000
256 -183.0000000000
331 -182.0000000000
355 -181.0000000000
421 -180.0000000000
433 -179.0000000000
434 -178.0000000000
511 -177.0000000000
578 -176.0000000000
621 -175.0000000000
654 -174.0000000000
681 -173.0000000000
731 -172.0000000000
766 -171.0000000000
806 -170.0000000000
810 -169.0000000000
858 -168.0000000000
885 -167.0000000000
903 -166.0000000000
961 -165.0000000000
972 -164.0000000000
981 -163.0000000000
1039 -162.0000000000
1083 -161.0000000000
1084 -160.0000000000
1085 -159.0000000000
1093 -157.0000000000
1147 -156.0000000000
1187 -155.0000000000
1198 -154.0000000000
1273 -153.0000000000
1291 -152.0000000000
1333 -151.0000000000
1345 -150.0000000000
1434 -149.0000000000
1444 -148.0000000000
1459 -147.0000000000
1487 -145.0000000000
1565 -144.0000000000
1590 -143.0000000000
1610 -142.0000000000
1629 -141.0000000000
1697 -140.0000000000
1700 -139.0000000000
1756 -138.0000000000
1777 -137.0000000000
1792 -136.0000000000
1829 -135.0000000000
1837 -134.0000000000
1881 -133.0000000000
1892 -132.0000000000
1919 -131.0000000000
2014 -130.0000000000
2038 -129.0000000000
2082 -128.0000000000
2131 -126.0000000000
2225 -125.0000000000
2255 -124.0000000000
2348 -123.0000000000
2405 -122.0000000000
2440 -121.0000000000
2506 -120.0000000000
2558 -119.0000000000
2580 -118.0000000000
2631 -117.0000000000
2701 -116.0000000000
2755 -115.0000000000
2776 -114.0000000000
2866 -113.0000000000
2956 -112.0000000000
2961 -111.0000000000
2983 -110.0000000000
3039 -109.0000000000
3066 -107.0000000000
3150 -106.0000000000
3212 -104.0000000000
3364 -103.0000000000
3425 -102.0000000000
3450 -101.0000000000
3475 -100.0000000000
3548 -99.0000000000
3606 -98.0000000000
3636 -97.0000000000
3697 -96.0000000000
3796 -95.0000000000
3866 -94.0000000000
3959 -92.0000000000
4134 -91.0000000000
4287 -90.0000000000
4359 -89.0000000000
4363 -87.0000000000
4454 -86.0000000000
4518 -85.0000000000
4543 -84.0000000000
4623 -83.0000000000
4720 -82.0000000000
4773 -81.0000000000
4810 -79.0000000000
4846 -78.0000000000
4880 -77.0000000000
4921 -76.0000000000
4956 -75.0000000000
4982 -74.0000000000
5026 -73.0000000000
5069 -72.0000000000
5078 -70.0000000000
5177 -69.0000000000
5283 -68.0000000000
5319 -66.0000000000
5446 -65.0000000000
5572 -64.0000000000
5690 -62.0000000000
5797 -61.0000000000
5821 -60.0000000000
5876 -59.0000000000
5927 -57.0000000000
5994 -56.0000000000
6085 -55.0000000000
6238 -54.0000000000
6385 -53.0000000000
6407 -52.0000000000
6504 -51.0000000000
6579 -50.0000000000
6682 -49.0000000000
6705 -48.0000000000
6818 -47.0000000000
6898 -46.0000000000
6994 -45.0000000000
7094 -44.0000000000
7240 -43.0000000000
7359 -42.0000000000
7446 -41.0000000000
7572 -40.0000000000
7741 -38.0000000000
7984 -37.0000000000
8032 -36.0000000000
8175 -35.0000000000
8246 -34.0000000000
8364 -33.0000000000
8472 -32.0000000000
8497 -31.0000000000
8601 -30.0000000000
8692 -29.0000000000
8907 -28.0000000000
8919 -27.0000000000
8924 -26.0000000000
9054 -25.0000000000
9101 -24.0000000000
9344 -23.0000000000
9442 -22.0000000000
9455 -21.0000000000
9506 -20.0000000000
9646 -19.0000000000
9664 -18.0000000000
9732 -17.0000000000
9863 -16.0000000000
10050 -17.0000000000
evaluations raw_y
1 -208.0000000000
2 -197.0000000000
11 -193.0000000000
49 -192.0000000000
117 -191.0000000000
175 -190.0000000000
179 -189.0000000000
252 -188.0000000000
293 -186.0000000000
319 -184.0000000000
354 -183.0000000000
380 -182.0000000000
395 -181.0000000000
435 -180.0000000000
496 -179.0000000000
508 -178.0000000000
547 -177.0000000000
582 -174.0000000000
676 -173.0000000000
691 -172.0000000000
712 -171.0000000000
750 -170.0000000000
774 -169.0000000000
831 -168.0000000000
834 -166.0000000000
941 -164.0000000000
1007 -163.0000000000
1026 -161.0000000000
1068 -160.0000000000
1128 -159.0000000000
1164 -158.0000000000
1176 -157.0000000000
1214 -156.0000000000
1235 -155.0000000000
1268 -154.0000000000
1294 -153.0000000000
1306 -152.0000000000
1372 -151.0000000000
1422 -150.0000000000
1425 -149.0000000000
1495 -148.0000000000
1549 -147.0000000000
1590 -146.0000000000
1604 -145.0000000000
1614 -144.0000000000
1625 -143.0000000000
1643 -141.0000000000
1692 -139.0000000000
1746 -138.0000000000
1834 -136.0000000000
1872 -135.0000000000
1958 -134.0000000000
1963 -133.0000000000
2029 -132.0000000000
2042 -131.0000000000
2066 -130.0000000000
2137 -129.0000000000
2150 -127.0000000000
2251 -126.0000000000
2336 -125.0000000000
2342 -124.0000000000
2365 -123.0000000000
2413 -122.0000000000
2455 -121.0000000000
2469 -120.0000000000
2493 -119.0000000000
2559 -118.0000000000
2571 -117.0000000000
2589 -116.0000000000
2629 -115.0000000000
2648 -114.0000000000
2718 -113.0000000000
2771 -112.0000000000
2870 -111.0000000000
2934 -110.0000000000
2990 -109.0000000000
3014 -108.0000000000
3107 -107.0000000000
3113 -106.0000000000
3191 -105.0000000000
3214 -104.0000000000
3257 -102.0000000000
3302 -101.0000000000
3350 -100.0000000000
3431 -99.0000000000
3448 -98.0000000000
3456 -97.0000000000
3497 -96.0000000000
3557 -95.0000000000
3703 -94.0000000000
3800 -93.0000000000
3806 -92.0000000000
3916 -91.0000000000
3953 -89.0000000000
4016 -88.0000000000
4103 -87.0000000000
4166 -86.0000000000
4227 -85.0000000000
4253 -84.0000000000
4335 -83.0000000000
4376 -82.0000000000
4402 -80.0000000000
4503 -79.0000000000
4588 -78.0000000000
4654 -77.0000000000
4697 -76.0000000000
4818 -75.0000000000
4841 -74.0000000000
4920 -73.0000000000
4956 -72.0000000000
5013 -71.0000000000
5152 -70.0000000000
5199 -69.0000000000
5232 -68.0000000000
5242 -67.0000000000
5322 -66.0000000000
5383 -65.0000000000
5387 -64.0000000000
5556 -63.0000000000
5587 -62.0000000000
5605 -61.0000000000
5770 -60.0000000000
5784 -59.0000000000
5884 -58.0000000000
5914 -57.0000000000
5967 -56.0000000000
6099 -55.0000000000
6210 -54.0000000000
6291 -53.0000000000
6321 -52.0000000000
6426 -51.0000000000
6552 -50.0000000000
6636 -49.0000000000
6687 -48.0000000000
6833 -47.0000000000
6951 -46.0000000000
6990 -45.0000000000
7124 -44.0000000000
7168 -43.0000000000
7382 -42.0000000000
7641 -41.0000000000
7698 -40.0000000000
7815 -39.0000000000
7933 -38.0000000000
8106 -37.0000000000
8259 -36.0000000000
8404 -35.0000000000
8611 -34.0000000000
8641 -33.0000000000
8797 -32.0000000000
8911 -31.0000000000
9114 -30.0000000000
9203 -29.0000000000
9302 -28.0000000000
9454 -27.0000000000
9642 -26.0000000000
9772 -25.0000000000
9958 -24.0000000000
10050 -24.0000000000
evaluations raw_y
1 -225.0000000000
2 -209.0000000000
3 -202.0000000000
4 -193.0000000000
25 -184.0000000000
96 -183.0000000000
121 -182.0000000000
126 -181.0000000000
142 -180.0000000000
179 -179.0000000000
208 -178.0000000000
227 -177.0000000000
278 -176.0000000000
313 -174.0000000000
359 -172.0000000000
443 -171.0000000000
476 -170.0000000000
515 -169.0000000000
542 -168.0000000000
550 -167.0000000000
613 -166.0000000000
623 -165.0000000000
655 -163.0000000000
764 -162.0000000000
787 -161.0000000000
825 -160.0000000000
887 -159.0000000000
897 -158.0000000000
944 -157.0000000000
1000 -156.0000000000
1028 -155.0000000000
1068 -154.0000000000
1112 -153.0000000000
1129 -152.0000000000
1144 -151.0000000000
1149 -150.0000000000
1218 -149.0000000000
1229 -148.0000000000
1311 -147.0000000000
1361 -146.0000000000
1369 -145.0000000000
1463 -144.0000000000
1529 -143.0000000000
1553 -142.0000000000
1576 -141.0000000000
1690 -140.0000000000
1764 -139.0000000000
1767 -138.0000000000
1799 -137.0000000000
1899 -136.0000000000
1902 -135.0000000000
1983 -134.0000000000
1996 -133.0000000000
2017 -132.0000000000
2034 -131.0000000000
2168 -129.0000000000
2212 -128.0000000000
2254 -127.0000000000
2290 -126.0000000000
2297 -125.0000000000
2348 -123.0000000000
2415 -122.0000000000
2466 -120.0000000000
2535 -119.0000000000
2554 -118.0000000000
2641 -117.0000000000
2656 -116.0000000000
2693 -115.0000000000
2769 -114.0000000000
2836 -113.0000000000
2921 -112.0000000000
2944 -111.0000000000
3025 -110.0000000000
3045 -108.0000000000
3081 -107.0000000000
3156 -106.0000000000
3184 -105.0000000000
3254 -104.0000000000
3312 -103.0000000000
3349 -102.0000000000
3444 -101.0000000000
3459 -100.0000000000
3467 -99.0000000000
3504 -98.0000000000
3532 -97.0000000000
3611 -96.0000000000
3725 -94.0000000000
3755 -93.0000000000
3770 -92.0000000000
3838 -91.0000000000
3878 -90.0000000000
4025 -89.0000000000
4086 -88.0000000000
4210 -86.0000000000
4311 -85.0000000000
4404 -84.0000000000
4467 -83.0000000000
4517 -82.0000000000
4574 -81.0000000000
4622 -80.0000000000
4754 -79.0000000000
4788 -78.0000000000
4895 -77.0000000000
4900 -76.0000000000
5023 -75.0000000000
5045 -74.0000000000
5138 -73.0000000000
5280 -71.0000000000
5283 -70.0000000000
5367 -69.0000000000
5446 -68.0000000000
5469 -67.0000000000
5506 -66.0000000000
5579 -65.0000000000
5582 -64.0000000000
5649 -63.0000000000
5735 -62.0000000000
5832 -61.0000000000
5948 -60.0000000000
6088 -59.0000000000
6158 -58.0000000000
6185 -57.0000000000
6255 -55.0000000000
6317 -54.0000000000
6354 -53.0000000000
6566 -52.0000000000
6635 -51.0000000000
6772 -50.0000000000
6832 -49.0000000000
6904 -48.0000000000
7031 -47.0000000000
7055 -46.0000000000
7065 -45.0000000000
7120 -44.0000000000
7273 -43.0000000000
7340 -42.0000000000
7395 -41.0000000000
7402 -40.0000000000
7464 -39.0000000000
7686 -38.0000000000
7780 -37.0000000000
7887 -36.0000000000
7988 -35.0000000000
8120 -34.0000000000
8311 -32.0000000000
8372 -31.0000000000
8468 -30.0000000000
8581 -29.0000000000
8591 -28.0000000000
8638 -27.0000000000
8712 -26.0000000000
8837 -25.0000000000
8985 -24.0000000000
9071 -23.0000000000
9196 -22.0000000000
9382 -21.0000000000
9595 -20.0000000000
9629 -19.0000000000
9863 -18.0000000000
10031 -17.0000000000
10050 -20.0000000000
evaluations raw_y
1 -213.0000000000
4 -206.0000000000
18 -200.0000000000
25 -193.0000000000
104 -190.0000000000
152 -189.0000000000
178 -188.0000000000
195 -187.0000000000
229 -186.0000000000
265 -185.0000000000
283 -184.0000000000
286 -183.0000000000
301 -182.0000000000
349 -181.0000000000
389 -180.0000000000
440 -179.0000000000
480 -178.0000000000
525 -176.0000000000
549 -175.0000000000
601 -173.0000000000
619 -172.0000000000
663 -171.0000000000
668 -169.0000000000
719 -168.0000000000
747 -166.0000000000
778 -165.0000000000
821 -164.0000000000
854 -163.0000000000
890 -162.0000000000
939 -161.0000000000
993 -160.0000000000
999 -159.0000000000
1028 -158.0000000000
1116 -157.0000000000
1144 -156.0000000000
1157 -155.0000000000
1188 -154.0000000000
1235 -153.0000000000
1282 -152.0000000000
1346 -151.0000000000
1427 -150.0000000000
1447 -149.0000000000
1458 -147.0000000000
1528 -146.0000000000
1545 -145.0000000000
1595 -144.0000000000
1646 -143.0000000000
1651 -141.0000000000
1712 -140.0000000000
1787 -139.0000000000
1829 -138.0000000000
1858 -137.0000000000
1928 -136.0000000000
1979 -135.0000000000
1996 -132.0000000000
2063 -131.0000000000
2069 -130.0000000000
2115 -128.0000000000
2164 -127.0000000000
2253 -126.0000000000
2307 -125.0000000000
2352 -124.0000000000
2358 -123.0000000000
2396 -122.0000000000
2474 -120.0000000000
2484 -117.0000000000
2601 -116.0000000000
2609 -115.0000000000
2678 -114.0000000000
2709 -112.0000000000
2774 -111.0000000000
2867 -110.0000000000
2869 -108.0000000000
2903 -107.0000000000
2944 -106.0000000000
3036 -105.0000000000
3139 -104.0000000000
3217 -103.0000000000
3268 -102.0000000000
3330 -101.0000000000
3338 -100.0000000000
3399 -99.0000000000
3448 -98.0000000000
3482 -97.0000000000
3515 -96.0000000000
3570 -95.0000000000
3621 -94.0000000000
3718 -93.0000000000
3764 -92.0000000000
3785 -91.0000000000
3844 -90.0000000000
3937 -89.0000000000
3957 -88.0000000000
4023 -86.0000000000
4130 -85.0000000000
4196 -84.0000000000
4270 -83.0000000000
4317 -82.0000000000
4378 -81.0000000000
4407 -80.0000000000
4475 -79.0000000000
4539 -78.0000000000
4560 -77.0000000000
4593 -75.0000000000
4687 -74.0000000000
4757 -73.0000000000
4855 -72.0000000000
4952 -71.0000000000
5005 -70.0000000000
5010 -69.0000000000
5112 -68.0000000000
5219 -67.0000000000
5336 -65.0000000000
5337 -64.0000000000
5397 -63.0000000000
5421 -62.0000000000
5459 -60.0000000000
5491 -59.0000000000
5635 -58.0000000000
5677 -57.0000000000
5795 -56.0000000000
5811 -55.0000000000
5865 -54.0000000000
5875 -53.0000000000
6046 -51.0000000000
6189 -50.0000000000
6235 -49.0000000000
6496 -48.0000000000
6584 -47.0000000000
6737 -45.0000000000
6821 -44.0000000000
6918 -43.0000000000
7040 -41.0000000000
7083 -40.0000000000
7203 -39.0000000000
7285 -38.0000000000
7425 -37.0000000000
7536 -36.0000000000
7650 -35.0000000000
7752 -34.0000000000
7888 -32.0000000000
8034 -31.0000000000
8056 -30.0000000000
8287 -29.0000000000
8333 -28.0000000000
8359 -27.0000000000
8443 -26.0000000000
8554 -25.0000000000
8679 -24.0000000000
8958 -23.0000000000
9102 -22.0000000000
9248 -21.0000000000
9288 -20.0000000000
9436 -19.0000000000
9765 -18.0000000000
9947 -17.0000000000
10050 -20.0000000000
evaluations raw_y
1 -213.0000000000
7 -208.0000000000
9 -201.0000000000
14 -196.0000000000
20 -191.0000000000
35 -182.0000000000
132 -181.0000000000
165 -179.0000000000
223 -178.0000000000
265 -176.0000000000
300 -175.0000000000
352 -173.0000000000
369 -172.0000000000
405 -171.0000000000
447 -170.0000000000
481 -169.0000000000
547 -168.0000000000
561 -166.0000000000
693 -165.0000000000
721 -164.0000000000
762 -163.0000000000
815 -162.0000000000
856 -161.0000000000
874 -160.0000000000
908 -159.0000000000
967 -158.0000000000
982 -156.0000000000
1030 -155.0000000000
1043 -154.0000000000
1128 -153.0000000000
1172 -152.0000000000
1175 -151.0000000000
1203 -150.0000000000
1270 -149.0000000000
1295 -148.0000000000
1308 -147.0000000000
1325 -146.0000000000
1414 -145.0000000000
1428 -144.0000000000
1507 -143.0000000000
1519 -142.0000000000
1609 -141.0000000000
1648 -140.0000000000
1686 -139.0000000000
1701 -138.0000000000
1760 -136.0000000000
1793 -135.0000000000
1858 -134.0000000000
1889 -133.0000000000
1923 -132.0000000000
1949 -131.0000000000
1987 -130.0000000000
2058 -129.0000000000
2105 -128.0000000000
2160 -127.0000000000
2223 -126.0000000000
2292 -125.0000000000
2328 -124.0000000000
2342 -123.0000000000
2358 -122.0000000000
2375 -121.0000000000
2443 -120.0000000000
2476 -119.0000000000
2514 -117.0000000000
2648 -116.0000000000
2666 -115.0000000000
2691 -113.0000000000
2706 -111.0000000000
2767 -109.0000000000
2874 -108.0000000000
2893 -107.0000000000
2926 -106.0000000000
2979 -105.0000000000
3031 -104.0000000000
3111 -103.0000000000
3178 -102.0000000000
3266 -101.0000000000
3273 -100.0000000000
3277 -99.0000000000
3321 -98.0000000000
3345 -97.0000000000
3379 -96.0000000000
3411 -95.0000000000
3465 -94.0000000000
3481 -93.0000000000
3520 -92.0000000000
3588 -91.0000000000
3636 -90.0000000000
3684 -89.0000000000
3803 -88.0000000000
3913 -87.0000000000
3950 -86.0000000000
4044 -85.0000000000
4123 -84.0000000000
4186 -83.0000000000
4221 -82.0000000000
4319 -81.0000000000
4371 -80.0000000000
4472 -79.0000000000
4546 -78.0000000000
4608 -76.0000000000
4682 -74.0000000000
4779 -73.0000000000
4897 -72.0000000000
5034 -71.0000000000
5079 -70.0000000000
5097 -69.0000000000
5249 -68.0000000000
5280 -67.0000000000
5436 -66.0000000000
5569 -65.0000000000
5648 -64.0000000000
5822 -63.0000000000
5837 -62.0000000000
5867 -61.0000000000
5993 -60.0000000000
6039 -59.0000000000
6073 -58.0000000000
6102 -57.0000000000
6200 -56.0000000000
6278 -55.0000000000
6361 -54.0000000000
6488 -53.0000000000
6524 -52.0000000000
6542 -51.0000000000
6649 -50.0000000000
6704 -49.0000000000
6768 -48.0000000000
6811 -47.0000000000
6915 -46.0000000000
6963 -45.0000000000
7155 -44.0000000000
7157 -43.0000000000
7232 -42.0000000000
7363 -41.0000000000
7557 -40.0000000000
7694 -39.0000000000
7780 -38.0000000000
7883 -37.0000000000
7958 -36.0000000000
8089 -35.0000000000
8156 -34.0000000000
8371 -33.0000000000
8463 -32.0000000000
8522 -31.0000000000
8570 -30.0000000000
8732 -29.0000000000
8824 -28.0000000000
8973 -27.0000000000
9184 -26.0000000000
9279 -25.0000000000
9491 -24.0000000000
9648 -23.0000000000
9809 -22.0000000000
10050 -25.0000000000
evaluations raw_y
1 -208.0000000000
2 -199.0000000000
4 -194.0000000000
61 -191.0000000000
78 -190.0000000000
123 -189.0000000000
144 -188.0000000000
230 -187.0000000000
239 -186.0000000000
249 -184.0000000000
319 -183.0000000000
370 -181.0000000000
380 -180.0000000000
445 -178.0000000000
495 -176.0000000000
549 -175.0000000000
586 -174.0000000000
606 -173.0000000000
623 -172.0000000000
660 -170.0000000000
718 -169.0000000000
730 -168.0000000000
796 -167.0000000000
818 -166.0000000000
861 -165.0000000000
880 -164.0000000000
910 -162.0000000000
988 -161.0000000000
1043 -159.0000000000
1112 -158.0000000000
1180 -157.0000000000
1232 -156.0000000000
1302 -155.0000000000
1355 -154.0000000000
1381 -153.0000000000
1409 -152.0000000000
1435 -151.0000000000
1456 -150.0000000000
1495 -149.0000000000
1548 -148.0000000000
1634 -147.0000000000
1635 -146.0000000000
1687 -145.0000000000
1749 -144.0000000000
1765 -143.0000000000
1789 -142.0000000000
1820 -140.0000000000
1883 -138.0000000000
1970 -137.0000000000
1994 -136.0000000000
2076 -135.0000000000
2154 -133.0000000000
2161 -132.0000000000
2254 -131.0000000000
2306 -130.0000000000
2327 -129.0000000000
2335 -128.0000000000
2400 -127.0000000000
2439 -125.0000000000
2532 -124.0000000000
2537 -123.0000000000
2556 -122.0000000000
2597 -121.0000000000
2635 -120.0000000000
2643 -119.0000000000
2715 -118.0000000000
2773 -117.0000000000
2816 -116.0000000000
2867 -115.0000000000
2886 -114.0000000000
2945 -113.0000000000
2996 -111.0000000000
3062 -110.0000000000
3086 -109.0000000000
3152 -108.0000000000
3208 -107.0000000000
3267 -106.0000000000
3327 -105.0000000000
3367 -104.0000000000
3408 -103.0000000000
3434 -102.0000000000
3480 -101.0000000000
3494 -100.0000000000
3521 -99.0000000000
3523 -98.0000000000
3637 -97.0000000000
3708 -96.0000000000
3787 -95.0000000000
3878 -94.0000000000
3908 -93.0000000000
3949 -92.0000000000
4061 -91.0000000000
4084 -89.0000000000
4178 -88.0000000000
4205 -87.0000000000
4223 -86.0000000000
4252 -85.0000000000
4357 -84.0000000000
4359 -83.0000000000
4370 -82.0000000000
4393 -81.0000000000
4418 -80.0000000000
4530 -79.0000000000
4590 -78.0000000000
4631 -76.0000000000
4702 -75.0000000000
4709 -74.0000000000
4881 -73.0000000000
4893 -72.0000000000
4896 -71.0000000000
5031 -70.0000000000
5102 -69.0000000000
5126 -68.0000000000
5176 -67.0000000000
5221 -66.0000000000
5295 -65.0000000000
5365 -64.0000000000
5371 -63.0000000000
5385 -62.0000000000
5413 -61.0000000000
5445 -60.0000000000
5559 -59.0000000000
5627 -58.0000000000
5825 -57.0000000000
5897 -56.0000000000
5956 -55.0000000000
6061 -54.0000000000
6236 -53.0000000000
6314 -52.0000000000
6413 -50.0000000000
6462 -49.0000000000
6556 -48.0000000000
6707 -47.0000000000
6842 -46.0000000000
6935 -45.0000000000
7027 -44.0000000000
7132 -43.0000000000
7270 -42.0000000000
7467 -41.0000000000
7563 -40.0000000000
7663 -39.0000000000
7717 -38.0000000000
7764 -37.0000000000
7814 -36.0000000000
7905 -35.0000000000
8048 -34.0000000000
8251 -33.0000000000
8254 -32.0000000000
8255 -31.0000000000
8338 -30.0000000000
8570 -29.0000000000
8608 -28.0000000000
8627 -27.0000000000
8818 -26.0000000000
8933 -25.0000000000
9124 -24.0000000000
9293 -23.0000000000
9416 -22.0000000000
9620 -21.0000000000
9675 -20.0000000000
9918 -19.0000000000
10050 -20.0000000000
evaluations raw_y
1 -219.0000000000
2 -204.0000000000
3 -200.0000000000
10 -195.0000000000
37 -192.0000000000
52 -191.0000000000
63 -190.0000000000
94 -189.0000000000
151 -188.0000000000
191 -187.0000000000
217 -186.0000000000
263 -185.0000000000
288 -184.0000000000
303 -183.0000000000
316 -182.0000000000
383 -181.0000000000
406 -180.0000000000
487 -179.0000000000
502 -178.0000000000
523 -177.0000000000
553 -176.0000000000
585 -175.0000000000
641 -174.0000000000
658 -173.0000000000
695 -172.0000000000
732 -171.0000000000
764 -170.0000000000
789 -169.0000000000
822 -168.0000000000
846 -167.0000000000
872 -166.0000000000
891 -165.0000000000
939 -164.0000000000
973 -163.0000000000
1070 -162.0000000000
1080 -161.0000000000
1157 -160.0000000000
1183 -159.0000000000
1189 -157.0000000000
1228 -155.0000000000
1272 -154.0000000000
1287 -153.0000000000
1307 -152.0000000000
1341 -151.0000000000
1427 -150.0000000000
1450 -149.0000000000
1455 -148.0000000000
1511 -147.0000000000
1552 -146.0000000000
1553 -144.0000000000
1565 -143.0000000000
1655 -142.0000000000
1703 -141.0000000000
1713 -140.0000000000
1714 -139.0000000000
1736 -138.0000000000
1818 -137.0000000000
1838 -136.0000000000
1865 -135.0000000000
1891 -133.0000000000
1984 -132.0000000000
2020 -131.0000000000
2066 -130.0000000000
2095 -129.0000000000
2122 -128.0000000000
2149 -127.0000000000
2228 -126.0000000000
2295 -125.0000000000
2319 -123.0000000000
2436 -122.0000000000
2470 -121.0000000000
2493 -120.0000000000
2577 -119.0000000000
2650 -118.0000000000
2685 -117.0000000000
2713 -116.0000000000
2817 -115.0000000000
2849 -114.0000000000
2884 -113.0000000000
2940 -112.0000000000
2970 -111.0000000000
2977 -110.0000000000
3121 -109.0000000000
3133 -108.0000000000
3152 -107.0000000000
3242 -106.0000000000
3318 -105.0000000000
3379 -104.0000000000
3450 -103.0000000000
3494 -102.0000000000
3501 -101.0000000000
3545 -100.0000000000
3618 -99.0000000000
3676 -98.0000000000
3677 -97.0000000000
3706 -95.0000000000
3756 -94.0000000000
3826 -93.0000000000
3845 -92.0000000000
3941 -91.0000000000
3992 -90.0000000000
4059 -89.0000000000
4093 -88.0000000000
4168 -87.0000000000
4249 -86.0000000000
4279 -85.0000000000
4288 -84.0000000000
4370 -83.0000000000
4394 -82.0000000000
4452 -81.0000000000
4503 -80.0000000000
4629 -79.0000000000
4699 -78.0000000000
4821 -77.0000000000
4873 -76.0000000000
4940 -75.0000000000
4949 -74.0000000000
4992 -73.0000000000
5084 -72.0000000000
5160 -71.0000000000
5267 -70.0000000000
5350 -69.0000000000
5436 -68.0000000000
5586 -67.0000000000
5606 -66.0000000000
5682 -65.0000000000
5767 -64.0000000000
5884 -63.0000000000
5908 -61.0000000000
5997 -60.0000000000
6049 -59.0000000000
6161 -58.0000000000
6172 -57.0000000000
6266 -56.0000000000
6292 -55.0000000000
6402 -54.0000000000
6481 -53.0000000000
6559 -52.0000000000
6666 -51.0000000000
6756 -50.0000000000
6877 -49.0000000000
6883 -48.0000000000
7014 -47.0000000000
7033 -46.0000000000
7050 -45.0000000000
7138 -44.0000000000
7177 -43.0000000000
7266 -42.0000000000
7331 -41.0000000000
7514 -40.0000000000
7674 -39.0000000000
7818 -38.0000000000
7895 -37.0000000000
8033 -36.0000000000
8111 -35.0000000000
8267 -34.0000000000
8297 -33.0000000000
8453 -32.0000000000
8595 -31.0000000000
8713 -30.0000000000
8824 -29.0000000000
8943 -28.0000000000
8994 -27.0000000000
9150 -26.0000000000
9295 -25.0000000000
9362 -23.0000000000
9468 -21.0000000000
9617 -20.0000000000
9809 -19.0000000000
9971 -18.0000000000
10050 -19.0000000000
evaluations raw_y
1 -216.0000000000
2 -186.0000000000
62 -185.0000000000
84 -184.0000000000
100 -179.0000000000
215 -177.0000000000
240 -176.0000000000
270 -175.0000000000
341 -174.0000000000
378 -173.0000000000
400 -172.0000000000
414 -171.0000000000
446 -170.0000000000
459 -169.0000000000
462 -168.0000000000
492 -166.0000000000
532 -165.0000000000
554 -164.0000000000
566 -163.0000000000
607 -162.0000000000
632 -161.0000000000
653 -160.0000000000
709 -159.0000000000
723 -157.0000000000
741 -156.0000000000
758 -155.0000000000
773 -154.0000000000
833 -153.0000000000
864 -152.0000000000
900 -149.0000000000
927 -147.0000000000
988 -146.0000000000
1080 -145.0000000000
1149 -144.0000000000
1173 -143.0000000000
1181 -142.0000000000
1198 -141.0000000000
1254 -140.0000000000
1267 -139.0000000000
1341 -137.0000000000
1384 -134.0000000000
1430 -133.0000000000
1468 -132.0000000000
1540 -131.0000000000
1575 -130.0000000000
1613 -129.0000000000
1691 -128.0000000000
1731 -127.0000000000
1751 -126.0000000000
1775 -125.0000000000
1825 -124.0000000000
1920 -123.0000000000
1944 -121.0000000000
2038 -120.0000000000
2080 -119.0000000000
2092 -118.0000000000
2148 -117.0000000000
2171 -116.0000000000
2247 -115.0000000000
2274 -114.0000000000
2309 -113.0000000000
2375 -112.0000000000
2378 -111.0000000000
2458 -110.0000000000
2547 -108.0000000000
2555 -107.0000000000
2596 -106.0000000000
2612 -105.0000000000
2648 -104.0000000000
2695 -103.0000000000
2718 -102.0000000000
2773 -101.0000000000
2810 -99.0000000000
2881 -98.0000000000
2933 -97.0000000000
2981 -96.0000000000
3007 -95.0000000000
3051 -94.0000000000
3111 -93.0000000000
3139 -92.0000000000
3168 -91.0000000000
3286 -90.0000000000
3347 -89.0000000000
3438 -87.0000000000
3464 -86.0000000000
3603 -85.0000000000
3643 -84.0000000000
3708 -83.0000000000
3848 -82.0000000000
3907 -81.0000000000
3984 -80.0000000000
4054 -79.0000000000
4171 -78.0000000000
4255 -77.0000000000
4294 -76.0000000000
4387 -75.0000000000
4401 -74.0000000000
4440 -73.0000000000
4471 -72.0000000000
4572 -71.0000000000
4590 -70.0000000000
4755 -69.0000000000
4910 -68.0000000000
4927 -67.0000000000
5017 -66.0000000000
5071 -65.0000000000
5124 -64.0000000000
5162 -63.0000000000
5275 -62.0000000000
5464 -61.0000000000
5532 -60.0000000000
5625 -59.0000000000
5666 -58.0000000000
5822 -57.0000000000
5909 -56.0000000000
6001 -55.0000000000
6096 -54.0000000000
6252 -53.0000000000
6293 -52.0000000000
6378 -51.0000000000
6489 -50.0000000000
6562 -49.0000000000
6567 -47.0000000000
6605 -46.0000000000
6650 -45.0000000000
6781 -44.0000000000
6969 -42.0000000000
7040 -41.0000000000
7103 -40.0000000000
7217 -39.0000000000
7248 -38.0000000000
7386 -37.0000000000
7423 -36.0000000000
7521 -35.0000000000
7597 -34.0000000000
7733 -33.0000000000
7885 -31.0000000000
8045 -30.0000000000
8257 -29.0000000000
8391 -28.0000000000
8402 -27.0000000000
8593 -26.0000000000
8793 -25.0000000000
8874 -24.0000000000
8885 -23.0000000000
9013 -22.0000000000
9201 -21.0000000000
9264 -20.0000000000
9382 -19.0000000000
9596 -18.0000000000
9713 -17.0000000000
10038 -16.0000000000
10050 -18.0000000000
evaluations raw_y
1 -209.0000000000
2 -202.0000000000
3 -194.0000000000
98 -193.0000000000
99 -192.0000000000
177 -190.0000000000
214 -189.0000000000
237 -188.0000000000
270 -187.0000000000
308 -186.0000000000
369 -185.0000000000
371 -184.0000000000
395 -183.0000000000
448 -182.0000000000
459 -180.0000000000
487 -179.0000000000
537 -177.0000000000
540 -176.0000000000
560 -175.0000000000
587 -174.0000000000
626 -173.0000000000
642 -172.0000000000
665 -171.0000000000
710 -169.0000000000
791 -168.0000000000
820 -166.0000000000
869 -165.0000000000
877 -164.0000000000
928 -163.0000000000
929 -162.0000000000
956 -161.0000000000
973 -160.0000000000
1014 -159.0000000000
1076 -157.0000000000
1117 -156.0000000000
1128 -155.0000000000
1134 -154.0000000000
1186 -153.0000000000
1241 -151.0000000000
1275 -150.0000000000
1331 -148.0000000000
1412 -146.0000000000
1451 -145.0000000000
1454 -144.0000000000
1457 -143.0000000000
1576 -142.0000000000
1578 -141.0000000000
1627 -140.0000000000
1677 -139.0000000000
1704 -138.0000000000
1732 -137.0000000000
1740 -136.0000000000
1806 -135.0000000000
1860 -134.0000000000
1866 -133.0000000000
1903 -132.0000000000
1968 -130.0000000000
2002 -129.0000000000
2033 -128.0000000000
2085 -127.0000000000
2188 -126.0000000000
2319 -125.0000000000
2321 -124.0000000000
2339 -123.0000000000
2387 -122.0000000000
2497 -121.0000000000
2575 -120.0000000000
2618 -119.0000000000
2652 -118.0000000000
2703 -116.0000000000
2728 -115.0000000000
2774 -114.0000000000
2788 -113.0000000000
2824 -112.0000000000
2863 -111.0000000000
2883 -110.0000000000
2956 -109.0000000000
2969 -108.0000000000
3067 -107.0000000000
3077 -106.0000000000
3124 -105.0000000000
3174 -104.0000000000
3224 -103.0000000000
3280 -101.0000000000
3351 -100.0000000000
3460 -99.0000000000
3483 -98.0000000000
3529 -97.0000000000
3591 -96.0000000000
3622 -95.0000000000
3730 -94.0000000000
3782 -93.0000000000
3805 -90.0000000000
3866 -89.0000000000
3896 -88.0000000000
3981 -87.0000000000
4028 -86.0000000000
4153 -85.0000000000
4227 -84.0000000000
4341 -83.0000000000
4417 -82.0000000000
4447 -81.0000000000
4487 -80.0000000000
4559 -79.0000000000
4609 -78.0000000000
4712 -77.0000000000
4754 -76.0000000000
4796 -75.0000000000
4864 -74.0000000000
4949 -73.0000000000
4968 -72.0000000000
4990 -71.0000000000
5058 -70.0000000000
5122 -69.0000000000
5214 -68.0000000000
5240 -67.0000000000
5352 -66.0000000000
5397 -65.0000000000
5454 -64.0000000000
5550 -63.0000000000
5627 -62.0000000000
5767 -61.0000000000
5789 -60.0000000000
5882 -59.0000000000
5889 -58.0000000000
6012 -57.0000000000
6141 -56.0000000000
6204 -55.0000000000
6208 -54.0000000000
6363 -53.0000000000
6416 -52.0000000000
6447 -51.0000000000
6473 -50.0000000000
6576 -48.0000000000
6715 -47.0000000000
6819 -46.0000000000
6982 -45.0000000000
7038 -44.0000000000
7105 -43.0000000000
7212 -42.0000000000
7291 -41.0000000000
7359 -40.0000000000
7509 -39.0000000000
7557 -38.0000000000
7656 -37.0000000000
7748 -36.0000000000
7787 -35.0000000000
7968 -34.0000000000
8039 -33.0000000000
8191 -32.0000000000
8200 -31.0000000000
8341 -30.0000000000
8503 -29.0000000000
8636 -28.0000000000
8702 -27.0000000000
8809 -26.0000000000
8984 -25.0000000000
9016 -24.0000000000
9146 -23.0000000000
9155 -22.0000000000
9177 -21.0000000000
9350 -20.0000000000
9434 -19.0000000000
9659 -18.0000000000
9835 -17.0000000000
10029 -16.0000000000
10050 -19.0000000000
evaluations raw_y
1 -196.0000000000
22 -192.0000000000
86 -191.0000000000
120 -190.0000000000
129 -189.0000000000
212 -188.0000000000
227 -187.0000000000
256 -186.0000000000
284 -184.0000000000
302 -183.0000000000
400 -182.0000000000
421 -181.0000000000
450 -180.0000000000
467 -179.0000000000
486 -178.0000000000
513 -177.0000000000
589 -176.0000000000
635 -174.0000000000
644 -173.0000000000
715 -172.0000000000
755 -170.0000000000
801 -169.0000000000
861 -168.0000000000
909 -167.0000000000
936 -166.0000000000
944 -165.0000000000
985 -164.0000000000
1007 -163.0000000000
1017 -162.0000000000
1053 -161.0000000000
1129 -160.0000000000
1139 -159.0000000000
1174 -158.0000000000
1238 -157.0000000000
1273 -156.0000000000
1331 -155.0000000000
1340 -152.0000000000
1440 -151.0000000000
1458 -150.0000000000
1493 -149.0000000000
1541 -148.0000000000
1572 -147.0000000000
1629 -146.0000000000
1649 -145.0000000000
1701 -144.0000000000
1745 -143.0000000000
1774 -142.0000000000
1875 -141.0000000000
1881 -140.0000000000
1945 -139.0000000000
1953 -137.0000000000
2007 -136.0000000000
2082 -135.0000000000
2132 -134.0000000000
2155 -133.0000000000
2169 -132.0000000000
2201 -131.0000000000
2258 -130.0000000000
2312 -129.0000000000
2379 -128.0000000000
2437 -127.0000000000
2492 -126.0000000000
2547 -125.0000000000
2573 -124.0000000000
2617 -123.0000000000
2623 -122.0000000000
2677 -121.0000000000
2743 -120.0000000000
2764 -119.0000000000
2797 -118.0000000000
2830 -117.0000000000
2833 -116.0000000000
2911 -115.0000000000
2937 -114.0000000000
2997 -112.0000000000
3068 -111.0000000000
3111 -110.0000000000
3129 -109.0000000000
3147 -108.0000000000
3214 -106.0000000000
3240 -105.0000000000
3283 -104.0000000000
3293 -103.0000000000
3307 -101.0000000000
3381 -100.0000000000
3434 -99.0000000000
3486 -98.0000000000
3522 -97.0000000000
3570 -95.0000000000
3593 -94.0000000000
3641 -93.0000000000
3646 -92.0000000000
3669 -91.0000000000
3687 -90.0000000000
3777 -89.0000000000
3825 -88.0000000000
3845 -86.0000000000
3872 -85.0000000000
3891 -84.0000000000
3904 -83.0000000000
3948 -82.0000000000
3969 -81.0000000000
4025 -80.0000000000
4072 -79.0000000000
4158 -78.0000000000
4229 -77.0000000000
4249 -76.0000000000
4295 -75.0000000000
4327 -74.0000000000
4406 -73.0000000000
4499 -72.0000000000
4552 -71.0000000000
4641 -70.0000000000
4807 -69.0000000000
4858 -67.0000000000
4911 -66.0000000000
5080 -65.0000000000
5150 -64.0000000000
5252 -63.0000000000
5360 -62.0000000000
5401 -61.0000000000
5549 -60.0000000000
5607 -59.0000000000
5689 -58.0000000000
5743 -57.0000000000
5796 -56.0000000000
5881 -55.0000000000
6002 -54.0000000000
6092 -53.0000000000
6174 -52.0000000000
6260 -51.0000000000
6366 -50.0000000000
6466 -49.0000000000
6631 -48.0000000000
6684 -47.0000000000
6844 -46.0000000000
6951 -45.0000000000
7018 -44.0000000000
7119 -43.0000000000
7157 -42.0000000000
7175 -41.0000000000
7199 -40.0000000000
7334 -38.0000000000
7415 -37.0000000000
7453 -36.0000000000
7502 -35.0000000000
7602 -34.0000000000
7762 -33.0000000000
7887 -32.0000000000
7976 -31.0000000000
8290 -30.0000000000
8375 -29.0000000000
8513 -28.0000000000
8654 -27.0000000000
8755 -26.0000000000
8843 -25.0000000000
8937 -24.0000000000
9077 -23.0000000000
9245 -22.0000000000
9419 -21.0000000000
9583 -20.0000000000
9596 -19.0000000000
9703 -18.0000000000
9908 -17.0000000000
10050 -19.0000000000
evaluations raw_y
1 -205.0000000000
5 -204.0000000000
15 -199.0000000000
20 -188.0000000000
52 -187.0000000000
107 -186.0000000000
131 -185.0000000000
169 -184.0000000000
191 -182.0000000000
251 -181.0000000000
262 -180.0000000000
279 -179.0000000000
333 -177.0000000000
370 -176.0000000000
384 -175.0000000000
416 -173.0000000000
419 -172.0000000000
496 -171.0000000000
508 -170.0000000000
515 -169.0000000000
623 -168.0000000000
666 -167.0000000000
705 -166.0000000000
724 -165.0000000000
770 -164.0000000000
801 -163.0000000000
818 -162.0000000000
851 -161.0000000000
870 -160.0000000000
872 -158.0000000000
884 -157.0000000000
947 -156.0000000000
984 -155.0000000000
991 -154.0000000000
1029 -153.0000000000
1056 -151.0000000000
1110 -150.0000000000
1122 -149.0000000000
1148 -148.0000000000
1211 -147.0000000000
1220 -146.0000000000
1224 -145.0000000000
1286 -144.0000000000
1326 -143.0000000000
1331 -141.0000000000
1346 -140.0000000000
1421 -138.0000000000
1477 -137.0000000000
1550 -136.0000000000
1582 -135.0000000000
1615 -134.0000000000
1642 -133.0000000000
1701 -132.0000000000
1754 -130.0000000000
1805 -129.0000000000
1832 -128.0000000000
1938 -127.0000000000
1961 -126.0000000000
2001 -125.0000000000
2029 -122.0000000000
2042 -120.0000000000
2094 -119.0000000000
2161 -118.0000000000
2208 -117.0000000000
2214 -116.0000000000
2300 -115.0000000000
2341 -114.0000000000
2347 -113.0000000000
2402 -112.0000000000
2501 -111.0000000000
2554 -110.0000000000
2555 -109.0000000000
2619 -108.0000000000
2669 -107.0000000000
2710 -106.0000000000
2748 -105.0000000000
2821 -104.0000000000
2908 -103.0000000000
2940 -102.0000000000
3027 -101.0000000000
3038 -100.0000000000
3040 -99.0000000000
3104 -98.0000000000
3156 -97.0000000000
3160 -96.0000000000
3189 -95.0000000000
3240 -94.0000000000
3277 -93.0000000000
3301 -92.0000000000
3347 -91.0000000000
3378 -90.0000000000
3454 -89.0000000000
3493 -88.0000000000
3523 -87.0000000000
3607 -86.0000000000
3636 -85.0000000000
3666 -84.0000000000
3773 -83.0000000000
3818 -82.0000000000
3955 -81.0000000000
4100 -80.0000000000
4117 -79.0000000000
4160 -78.0000000000
4227 -77.0000000000
4237 -76.0000000000
4307 -74.0000000000
4401 -73.0000000000
4469 -72.0000000000
4537 -70.0000000000
4632 -68.0000000000
4762 -67.0000000000
4819 -66.0000000000
4889 -65.0000000000
4961 -64.0000000000
5007 -63.0000000000
5085 -62.0000000000
5204 -61.0000000000
5258 -60.0000000000
5338 -59.0000000000
5470 -58.0000000000
5476 -57.0000000000
5552 -56.0000000000
5621 -55.0000000000
5719 -54.0000000000
5747 -53.0000000000
5780 -52.0000000000
5823 -51.0000000000
5879 -50.0000000000
5940 -49.0000000000
5966 -48.0000000000
6251 -47.0000000000
6458 -46.0000000000
6472 -44.0000000000
6687 -43.0000000000
6704 -42.0000000000
6780 -41.0000000000
7010 -40.0000000000
7037 -39.0000000000
7077 -38.0000000000
7179 -37.0000000000
7307 -36.0000000000
7391 -35.0000000000
7537 -34.0000000000
7656 -33.0000000000
7760 -32.0000000000
7917 -31.0000000000
7931 -30.0000000000
7978 -29.0000000000
8102 -28.0000000000
8279 -27.0000000000
8506 -26.0000000000
8532 -25.0000000000
8627 -24.0000000000
8762 -23.0000000000
8884 -22.0000000000
8913 -21.0000000000
8955 -20.0000000000
9139 -19.0000000000
9215 -18.0000000000
9266 -17.0000000000
9433 -16.0000000000
9569 -15.0000000000
9645 -14.0000000000
9782 -13.0000000000
9842 -12.0000000000
9902 -11.0000000000
10050 -13.0000000000
