evaluations raw_y
1 -1302.0000000000
3 -1263.0000000000
5 -1224.0000000000
6 -1185.0000000000
7 -1146.0000000000
9 -1107.0000000000
27 -1079.0000000000
32 -1069.0000000000
34 -1040.0000000000
38 -1001.0000000000
39 -962.0000000000
45 -923.0000000000
110 -826.0000000000
116 -787.0000000000
120 -748.0000000000
121 -709.0000000000
123 -670.0000000000
124 -641.0000000000
125 -574.0000000000
130 -535.0000000000
132 -506.0000000000
138 -467.0000000000
146 -448.0000000000
149 -419.0000000000
173 -418.0000000000
174 -399.0000000000
180 -360.0000000000
250 -359.0000000000
251 -330.0000000000
289 -311.0000000000
295 -292.0000000000
300 -263.0000000000
342 -254.0000000000
343 -225.0000000000
345 -206.0000000000
346 -167.0000000000
358 -138.0000000000
640 -129.0000000000
645 -110.0000000000
709 -100.0000000000
711 -81.0000000000
734 -72.0000000000
741 -53.0000000000
940 -42.0000000000
1261 -41.0000000000
1270 -22.0000000000
1851 6.0000000000
1855 7.0000000000
1860 8.0000000000
133987 9.0000000000
1905958 0.0000000000
evaluations raw_y
1 -1566.0000000000
3 -1537.0000000000
4 -1498.0000000000
5 -1459.0000000000
8 -1420.0000000000
9 -1381.0000000000
24 -1371.0000000000
27 -1332.0000000000
29 -1293.0000000000
30 -1254.0000000000
35 -1215.0000000000
45 -1205.0000000000
46 -1166.0000000000
64 -1147.0000000000
65 -1108.0000000000
109 -1089.0000000000
112 -1050.0000000000
113 -418.0000000000
117 -379.0000000000
126 -350.0000000000
128 -321.0000000000
129 -292.0000000000
136 -263.0000000000
237 -253.0000000000
238 -214.0000000000
447 -195.0000000000
448 -176.0000000000
449 -137.0000000000
740 -128.0000000000
744 -99.0000000000
746 -80.0000000000
790 -79.0000000000
791 -60.0000000000
800 -51.0000000000
1097 -22.0000000000
1120 -13.0000000000
2266 -4.0000000000
2272 -3.0000000000
2291 6.0000000000
2657 7.0000000000
2687 8.0000000000
1903177 0.0000000000
evaluations raw_y
1 -1118.0000000000
3 -1079.0000000000
5 -1040.0000000000
8 -1001.0000000000
12 -962.0000000000
13 -933.0000000000
104 -487.0000000000
109 -458.0000000000
112 -429.0000000000
127 -400.0000000000
130 -371.0000000000
131 -342.0000000000
362 -341.0000000000
365 -320.0000000000
368 -291.0000000000
374 -252.0000000000
378 -223.0000000000
389 -214.0000000000
405 -197.0000000000
418 -178.0000000000
420 -139.0000000000
503 -138.0000000000
646 -119.0000000000
657 -100.0000000000
663 -81.0000000000
666 -72.0000000000
675 -71.0000000000
676 -70.0000000000
922 -61.0000000000
937 -52.0000000000
1356 -23.0000000000
1587 -4.0000000000
1594 -3.0000000000
1601 -2.0000000000
2397 5.0000000000
2408 6.0000000000
2419 7.0000000000
4539 8.0000000000
10548 9.0000000000
1900640 0.0000000000
evaluations raw_y
1 -1507.0000000000
4 -1468.0000000000
6 -1439.0000000000
7 -1400.0000000000
9 -1361.0000000000
11 -1322.0000000000
19 -1312.0000000000
21 -1273.0000000000
31 -894.0000000000
33 -865.0000000000
36 -836.0000000000
40 -807.0000000000
44 -768.0000000000
47 -729.0000000000
129 -612.0000000000
135 -573.0000000000
137 -544.0000000000
141 -505.0000000000
149 -466.0000000000
153 -447.0000000000
294 -427.0000000000
299 -388.0000000000
301 -369.0000000000
335 -349.0000000000
343 -320.0000000000
349 -291.0000000000
350 -282.0000000000
351 -243.0000000000
358 -204.0000000000
385 -196.0000000000
395 -187.0000000000
449 -156.0000000000
460 -137.0000000000
763 -119.0000000000
768 -100.0000000000
778 -81.0000000000
804 -72.0000000000
874 -69.0000000000
912 -50.0000000000
961 -43.0000000000
1047 -31.0000000000
1055 -22.0000000000
1059 -13.0000000000
1072 -12.0000000000
1141 -3.0000000000
1606 8.0000000000
6949 9.0000000000
1901896 0.0000000000
evaluations raw_y
1 -1410.0000000000
4 -1371.0000000000
7 -1332.0000000000
11 -1293.0000000000
13 -1254.0000000000
16 -1215.0000000000
31 -1205.0000000000
33 -1166.0000000000
35 -1127.0000000000
38 -1098.0000000000
46 -1079.0000000000
47 -1040.0000000000
57 -1030.0000000000
130 -1020.0000000000
145 -991.0000000000
146 -301.0000000000
150 -272.0000000000
151 -243.0000000000
161 -204.0000000000
181 -165.0000000000
185 -146.0000000000
628 -89.0000000000
642 -60.0000000000
665 -41.0000000000
668 -22.0000000000
683 -21.0000000000
695 -20.0000000000
2131 -13.0000000000
2137 -12.0000000000
2407 2.0000000000
2409 3.0000000000
2411 4.0000000000
2417 5.0000000000
2432 6.0000000000
2436 7.0000000000
3833 8.0000000000
1067612 9.0000000000
1908500 0.0000000000
evaluations raw_y
1 -1079.0000000000
4 -1050.0000000000
5 -1021.0000000000
6 -992.0000000000
7 -953.0000000000
8 -924.0000000000
108 -904.0000000000
111 -875.0000000000
112 -623.0000000000
122 -584.0000000000
123 -555.0000000000
126 -516.0000000000
129 -487.0000000000
130 -458.0000000000
156 -340.0000000000
161 -301.0000000000
168 -272.0000000000
171 -243.0000000000
175 -214.0000000000
178 -185.0000000000
711 -167.0000000000
712 -138.0000000000
717 -129.0000000000
718 -100.0000000000
720 -81.0000000000
925 -62.0000000000
949 -61.0000000000
963 -52.0000000000
981 -33.0000000000
994 -32.0000000000
999 -23.0000000000
1625 -22.0000000000
1691 -13.0000000000
1893 -5.0000000000
1894 -4.0000000000
1899 -3.0000000000
1928 6.0000000000
2767 7.0000000000
2799 8.0000000000
7492 9.0000000000
1903298 1.0000000000
evaluations raw_y
1 -1634.0000000000
3 -1595.0000000000
5 -1556.0000000000
8 -1517.0000000000
9 -1478.0000000000
13 -1439.0000000000
14 -1137.0000000000
16 -1098.0000000000
20 -1059.0000000000
23 -1020.0000000000
28 -981.0000000000
31 -942.0000000000
51 -933.0000000000
54 -894.0000000000
55 -855.0000000000
56 -826.0000000000
124 -816.0000000000
126 -777.0000000000
133 -738.0000000000
134 -709.0000000000
135 -680.0000000000
137 -641.0000000000
140 -602.0000000000
141 -563.0000000000
143 -534.0000000000
147 -495.0000000000
158 -486.0000000000
161 -447.0000000000
168 -428.0000000000
201 -399.0000000000
203 -370.0000000000
207 -331.0000000000
294 -302.0000000000
295 -283.0000000000
307 -254.0000000000
314 -225.0000000000
317 -186.0000000000
398 -148.0000000000
421 -127.0000000000
542 -100.0000000000
568 -80.0000000000
569 -61.0000000000
781 -53.0000000000
806 -52.0000000000
1039 -42.0000000000
1266 -23.0000000000
1272 -22.0000000000
1499 -12.0000000000
2441 -4.0000000000
2443 -3.0000000000
2462 6.0000000000
3120 7.0000000000
4213 8.0000000000
59876 9.0000000000
1897414 1.0000000000
evaluations raw_y
1 -1089.0000000000
6 -1050.0000000000
7 -1011.0000000000
12 -972.0000000000
13 -933.0000000000
27 -894.0000000000
141 -622.0000000000
144 -593.0000000000
146 -554.0000000000
147 -525.0000000000
148 -496.0000000000
154 -467.0000000000
259 -447.0000000000
270 -408.0000000000
271 -379.0000000000
274 -350.0000000000
281 -321.0000000000
385 -292.0000000000
388 -263.0000000000
391 -254.0000000000
392 -224.0000000000
395 -195.0000000000
397 -166.0000000000
399 -147.0000000000
400 -138.0000000000
413 -109.0000000000
645 -100.0000000000
650 -71.0000000000
666 -52.0000000000
682 -33.0000000000
1541 -24.0000000000
1550 -23.0000000000
1588 -22.0000000000
1597 -13.0000000000
1755 -12.0000000000
2516 5.0000000000
2528 6.0000000000
2555 7.0000000000
4871 8.0000000000
10004 9.0000000000
1904083 0.0000000000
evaluations raw_y
1 -1712.0000000000
4 -1683.0000000000
5 -1644.0000000000
7 -1615.0000000000
12 -1576.0000000000
14 -1537.0000000000
15 -1273.0000000000
17 -1234.0000000000
19 -1195.0000000000
22 -1156.0000000000
24 -1117.0000000000
30 -1078.0000000000
42 -1040.0000000000
43 -1001.0000000000
118 -651.0000000000
122 -632.0000000000
123 -593.0000000000
126 -554.0000000000
137 -525.0000000000
141 -496.0000000000
142 -399.0000000000
145 -370.0000000000
148 -341.0000000000
149 -302.0000000000
157 -273.0000000000
160 -244.0000000000
411 -234.0000000000
426 -215.0000000000
486 -204.0000000000
488 -185.0000000000
554 -176.0000000000
555 -167.0000000000
564 -166.0000000000
631 -156.0000000000
633 -117.0000000000
647 -98.0000000000
752 -90.0000000000
762 -81.0000000000
821 -71.0000000000
1069 -60.0000000000
1174 -42.0000000000
1184 -33.0000000000
1318 -32.0000000000
1385 -23.0000000000
1632 -14.0000000000
1633 -5.0000000000
1635 -4.0000000000
1642 5.0000000000
1657 6.0000000000
2338 7.0000000000
4882 8.0000000000
408222 9.0000000000
1895690 0.0000000000
evaluations raw_y
1 -1449.0000000000
10 -1410.0000000000
12 -1371.0000000000
14 -1332.0000000000
15 -1293.0000000000
21 -1254.0000000000
67 -1215.0000000000
72 -1186.0000000000
73 -1030.0000000000
78 -991.0000000000
79 -952.0000000000
81 -923.0000000000
85 -884.0000000000
92 -845.0000000000
163 -670.0000000000
169 -651.0000000000
170 -622.0000000000
174 -603.0000000000
184 -574.0000000000
185 -545.0000000000
186 -495.0000000000
188 -456.0000000000
192 -427.0000000000
197 -398.0000000000
206 -369.0000000000
209 -330.0000000000
252 -312.0000000000
259 -273.0000000000
442 -234.0000000000
449 -215.0000000000
450 -196.0000000000
457 -177.0000000000
464 -158.0000000000
465 -129.0000000000
705 -110.0000000000
711 -109.0000000000
723 -108.0000000000
752 -100.0000000000
758 -71.0000000000
774 -70.0000000000
911 -61.0000000000
1150 -51.0000000000
1171 -32.0000000000
1193 -13.0000000000
2042 -5.0000000000
2734 4.0000000000
2837 5.0000000000
3023 6.0000000000
3025 7.0000000000
6355 8.0000000000
517093 9.0000000000
1905745 0.0000000000
