evaluations raw_y
1 -0.4715927856
7 -0.4697471820
9 -0.4617716148
15 -0.4613318856
19 -0.4576183394
23 -0.4453334610
34 -0.4411390126
39 -0.4362640063
41 -0.4233135848
52 -0.4195231528
53 -0.4137358843
72 -0.4113184913
80 -0.4049916005
105 -0.4006264148
107 -0.3859754185
116 -0.3829180402
118 -0.3768769229
119 -0.3762603406
131 -0.3675056061
137 -0.3670476266
141 -0.3600604722
160 -0.3553997571
162 -0.3547546196
171 -0.3529832406
172 -0.3469404405
179 -0.3469320554
182 -0.3434917662
219 -0.3402447406
227 -0.3387232022
236 -0.3364437538
243 -0.3354347420
252 -0.3316150182
261 -0.3308221727
340 -0.3290507937
349 -0.3263966637
361 -0.3221228427
413 -0.3205672999
450 -0.3192957916
461 -0.3182947512
587 -0.3164917988
588 -0.3159575594
658 -0.3153409772
673 -0.3115768842
843 -0.3102526805
858 -0.3096827965
945 -0.3096076599
984 -0.3089540949
1021 -0.3082580440
1080 -0.3047952853
1113 -0.3042570004
1164 -0.3037768804
1363 -0.3020659849
1709 -0.3010649445
10738 -0.2992262596
13571 -0.2962780025
30319 -0.2934963250
30510 -0.2928002742
81299 -0.2920664943
100001 -0.3053768771
evaluations raw_y
1 -0.5074396146
2 -0.5057573896
3 -0.5048764007
7 -0.4973716471
9 -0.4799543349
10 -0.4742670300
14 -0.4711896998
15 -0.4643537518
26 -0.4622117702
30 -0.4574002387
31 -0.4534192891
36 -0.4432421745
42 -0.4403707520
45 -0.4400391780
46 -0.4396623876
54 -0.4387250019
57 -0.4321997316
59 -0.4268908557
63 -0.4120927597
64 -0.4021744612
66 -0.3998667108
67 -0.3932053461
70 -0.3905799269
73 -0.3832974445
82 -0.3806433144
84 -0.3763575973
87 -0.3699799540
99 -0.3683728784
110 -0.3629557571
138 -0.3622597062
144 -0.3615186889
162 -0.3598912767
168 -0.3520536139
169 -0.3496932838
187 -0.3472554310
207 -0.3434913381
230 -0.3420173435
245 -0.3379443995
268 -0.3379360143
297 -0.3362237231
321 -0.3313487168
366 -0.3298271784
397 -0.3287401601
408 -0.3252998709
415 -0.3233618862
453 -0.3203689045
591 -0.3191158010
638 -0.3179233708
736 -0.3169227441
836 -0.3169143590
1405 -0.3156840688
3028 -0.3155662613
3124 -0.3102070655
8746 -0.3101657998
9122 -0.3086918052
10434 -0.3059921685
10599 -0.3052140769
23994 -0.3038880790
60847 -0.3022994776
60916 -0.3021730721
61035 -0.2971850103
61271 -0.2968534363
79820 -0.2939051792
100001 -0.3041448983
evaluations raw_y
1 -0.4918555526
8 -0.4849697764
9 -0.4806480448
16 -0.4720286612
17 -0.4672942686
24 -0.4572735095
26 -0.4516826200
27 -0.4512818060
31 -0.4483485633
32 -0.4412598837
33 -0.4387324642
36 -0.4384488526
39 -0.4351267130
42 -0.4325646378
50 -0.4295261602
53 -0.4282958700
57 -0.4270427664
64 -0.4179712208
66 -0.4178333183
70 -0.4171372675
71 -0.4141917189
72 -0.4138601449
82 -0.4125395823
83 -0.4058492680
86 -0.4027143724
87 -0.3962987507
91 -0.3933323240
94 -0.3870442717
96 -0.3771259732
101 -0.3758651772
117 -0.3753268923
123 -0.3738528977
125 -0.3685440217
133 -0.3683608427
151 -0.3660005126
159 -0.3642896171
208 -0.3641632116
209 -0.3590758968
220 -0.3583348794
265 -0.3565319270
285 -0.3515779384
288 -0.3476885381
293 -0.3466874978
306 -0.3413678620
321 -0.3384014353
355 -0.3362817087
386 -0.3349611461
397 -0.3298742658
474 -0.3237792186
502 -0.3225489284
503 -0.3220688084
530 -0.3182890613
538 -0.3142237964
782 -0.3124524174
845 -0.3083993364
1232 -0.3071588027
1252 -0.3065422205
8168 -0.3054445529
8200 -0.3007953212
8260 -0.3000543038
9895 -0.2971060467
17028 -0.2962222805
17053 -0.2960370218
17388 -0.2954204395
29121 -0.2939051792
88145 -0.2920664943
100001 -0.2920664943
evaluations raw_y
1 -0.5003937371
4 -0.4886015823
6 -0.4825560527
13 -0.4704976326
14 -0.4701558035
21 -0.4698078464
24 -0.4686154163
28 -0.4606360808
32 -0.4563143493
39 -0.4507525807
41 -0.4498306930
43 -0.4441130558
48 -0.4429599078
50 -0.4357100988
51 -0.4343427665
56 -0.4339982483
69 -0.4331964073
73 -0.4175006022
80 -0.4171892958
95 -0.4157438098
105 -0.4133811889
109 -0.4116989639
112 -0.4099275849
115 -0.4002071481
125 -0.3967779526
134 -0.3906392080
136 -0.3898611164
155 -0.3859975086
158 -0.3840925212
172 -0.3817321910
174 -0.3805019008
177 -0.3792411048
184 -0.3779699385
190 -0.3761747874
195 -0.3706294581
197 -0.3668497110
224 -0.3664099818
230 -0.3594086673
255 -0.3594002821
262 -0.3592329548
265 -0.3557270313
284 -0.3553346024
290 -0.3545935850
292 -0.3504712573
297 -0.3424681119
332 -0.3421564369
378 -0.3387161477
408 -0.3371936478
414 -0.3314987287
423 -0.3314903436
456 -0.3234677970
474 -0.3224667567
511 -0.3211425529
530 -0.3178171955
615 -0.3160142431
661 -0.3153976608
695 -0.3147016100
712 -0.3142214900
21476 -0.3107437617
24674 -0.3077955046
50660 -0.3059568197
88151 -0.3044415594
100001 -0.3081281181
evaluations raw_y
1 -0.5282532887
3 -0.5243217258
5 -0.5134462538
10 -0.5115008626
11 -0.5113007507
12 -0.5039321184
20 -0.4848121315
22 -0.4694694795
27 -0.4620407429
30 -0.4585183660
34 -0.4453157234
42 -0.4339014709
45 -0.4325545302
50 -0.4311677324
51 -0.4306876124
54 -0.4282499846
56 -0.4171988472
59 -0.4115162583
61 -0.4085232766
64 -0.4067203241
76 -0.4018754695
79 -0.3985326760
91 -0.3968406132
102 -0.3944027605
106 -0.3928014101
124 -0.3901351267
125 -0.3837574834
128 -0.3729616315
132 -0.3729532464
168 -0.3699667210
173 -0.3671736743
176 -0.3633100665
209 -0.3626435901
211 -0.3602795027
223 -0.3592947858
225 -0.3586605412
239 -0.3586362463
261 -0.3574438162
315 -0.3561907126
358 -0.3555809446
361 -0.3552151825
379 -0.3530959250
380 -0.3523998742
383 -0.3511695840
392 -0.3477422994
410 -0.3473276540
421 -0.3452149777
427 -0.3439744441
439 -0.3425918224
442 -0.3399512965
452 -0.3398176708
469 -0.3386252406
495 -0.3378842233
523 -0.3353319268
566 -0.3297865975
579 -0.3297453794
587 -0.3294138053
816 -0.3287972231
830 -0.3283471236
886 -0.3278128842
939 -0.3271168334
953 -0.3258495725
961 -0.3248485321
967 -0.3222993457
989 -0.3210385497
1189 -0.3133593576
3742 -0.3124424217
3744 -0.3122355121
3941 -0.3065330279
7223 -0.3059041382
24826 -0.3045781403
31399 -0.3039905792
31751 -0.3029895388
31948 -0.3028631334
32102 -0.2999038277
32248 -0.2975434976
68340 -0.2974256900
68443 -0.2920664943
100001 -0.2943742447
evaluations raw_y
1 -0.5132127936
6 -0.5102198119
7 -0.5089895217
10 -0.5070441306
12 -0.5012117785
18 -0.5002770688
21 -0.4886209588
22 -0.4838040147
27 -0.4820010622
28 -0.4796407321
33 -0.4683234811
36 -0.4633540675
42 -0.4543122162
43 -0.4508277751
49 -0.4495562668
59 -0.4488196273
64 -0.4449560194
71 -0.4417057986
72 -0.4404652650
73 -0.4392044690
74 -0.4365503390
75 -0.4261826416
78 -0.4199784829
83 -0.4142759988
86 -0.4117075106
89 -0.4087742679
101 -0.4079117570
116 -0.4074459301
119 -0.4007475669
133 -0.4006642369
152 -0.3985222553
160 -0.3882854628
174 -0.3856191795
180 -0.3835176273
185 -0.3827395358
206 -0.3823977066
226 -0.3817811244
234 -0.3810738180
242 -0.3664527220
269 -0.3651812137
281 -0.3583374067
282 -0.3540401143
310 -0.3530390740
356 -0.3513280183
366 -0.3464530119
418 -0.3426986789
478 -0.3421075818
510 -0.3416906916
569 -0.3399365385
633 -0.3381651595
646 -0.3323778910
676 -0.3300701405
708 -0.3278092066
717 -0.3246265970
964 -0.3211023049
988 -0.3193309259
1600 -0.3174922410
12605 -0.3138957541
12649 -0.3093818665
13122 -0.3080558685
38744 -0.3079380610
38945 -0.3025788653
43195 -0.3009902639
43273 -0.2955442226
58631 -0.2926363782
58788 -0.2920664943
100001 -0.2964471695
evaluations raw_y
1 -0.5228622386
6 -0.5132449786
10 -0.5070803169
20 -0.5066795029
28 -0.4965023883
34 -0.4790850761
37 -0.4761012766
38 -0.4727220376
39 -0.4709782127
53 -0.4691419735
58 -0.4687899319
60 -0.4654860932
62 -0.4637945903
64 -0.4549153959
67 -0.4492766291
68 -0.4404062922
78 -0.4327271000
82 -0.4297341184
84 -0.4290380675
88 -0.4288707402
90 -0.4269540937
94 -0.4219043857
99 -0.4170928542
106 -0.4157288046
124 -0.4117501701
129 -0.4032361476
130 -0.3984318857
139 -0.3957291303
160 -0.3900622479
169 -0.3851082594
173 -0.3848283435
175 -0.3787969361
179 -0.3769259168
187 -0.3765112714
189 -0.3755022596
193 -0.3732715433
195 -0.3726179782
197 -0.3659196150
210 -0.3615544292
223 -0.3566535931
227 -0.3565271877
230 -0.3557490961
238 -0.3530857205
259 -0.3526849065
265 -0.3526278437
268 -0.3518260026
369 -0.3457309554
387 -0.3444904218
401 -0.3426874694
511 -0.3420708871
522 -0.3367512513
600 -0.3362762279
618 -0.3225248187
687 -0.3212945286
778 -0.3205535112
783 -0.3179650273
823 -0.3179566422
838 -0.3153025122
1028 -0.3152370375
1057 -0.3148223921
2577 -0.3147045846
2632 -0.3093453889
7572 -0.3058210968
13596 -0.3043058365
39141 -0.3036758894
39414 -0.3029798386
54266 -0.2995021103
75112 -0.2977462833
75265 -0.2965538531
100001 -0.3042330453
evaluations raw_y
1 -0.4768158129
4 -0.4605164763
5 -0.4604594135
8 -0.4552252758
9 -0.4543466987
14 -0.4540127763
24 -0.4486219939
28 -0.4475445044
33 -0.4429840234
35 -0.4408644097
36 -0.4403893863
38 -0.4388678479
44 -0.4319292006
52 -0.4273748989
56 -0.4261824688
58 -0.4187537322
74 -0.4063003720
80 -0.4037118881
82 -0.4010577581
89 -0.3958993793
106 -0.3952080891
113 -0.3906637567
125 -0.3843283639
138 -0.3754491695
174 -0.3699582628
181 -0.3685999495
183 -0.3673284412
225 -0.3671620524
227 -0.3618531765
243 -0.3576883689
250 -0.3559659382
260 -0.3537080083
278 -0.3514485690
286 -0.3504963516
290 -0.3503290243
293 -0.3480212738
306 -0.3412928932
327 -0.3386387631
329 -0.3332795674
356 -0.3271845202
412 -0.3264435028
457 -0.3247339383
561 -0.3230604233
563 -0.3208553088
619 -0.3162248267
643 -0.3114132953
647 -0.3091509828
671 -0.3053314254
716 -0.3050931155
789 -0.3047615415
861 -0.3024012113
887 -0.3005982589
1324 -0.3001265240
1412 -0.3001181389
15434 -0.2994892491
30094 -0.2981632512
49749 -0.2963245663
51178 -0.2928002742
100001 -0.2928002742
evaluations raw_y
1 -0.5224085694
3 -0.5201291210
6 -0.5127595174
7 -0.5121980371
10 -0.5055077227
11 -0.5032911597
12 -0.4993159671
14 -0.4802080063
15 -0.4801586196
16 -0.4738699211
19 -0.4734552757
22 -0.4713466138
27 -0.4591488669
30 -0.4561650674
31 -0.4526875760
42 -0.4523411965
44 -0.4511109063
45 -0.4503090653
47 -0.4454084891
48 -0.4356008786
55 -0.4254237640
61 -0.4249095249
63 -0.4231986294
65 -0.4231902443
66 -0.4209851298
68 -0.4164407974
69 -0.4159110546
72 -0.4134896717
73 -0.4111819212
83 -0.4057588789
96 -0.4016859349
114 -0.3910897212
116 -0.3883845151
117 -0.3871542249
132 -0.3797960575
136 -0.3721776591
138 -0.3672768230
145 -0.3666602408
148 -0.3620313744
149 -0.3607705783
150 -0.3535930839
172 -0.3497084033
197 -0.3431750002
209 -0.3359545537
214 -0.3349535134
215 -0.3326120579
225 -0.3318710406
248 -0.3310691996
254 -0.3305890796
255 -0.3262321718
285 -0.3259081335
338 -0.3251300419
382 -0.3225679667
467 -0.3224415613
478 -0.3204316799
512 -0.3192392497
555 -0.3189076757
605 -0.3181453779
679 -0.3128257421
730 -0.3086522223
747 -0.3041383347
2567 -0.3040205272
2985 -0.2986613314
24969 -0.2973353335
39237 -0.2958200732
100001 -0.2981278237
evaluations raw_y
1 -0.5108116703
2 -0.4997396277
7 -0.4925191812
11 -0.4854430749
16 -0.4709271545
23 -0.4655422758
24 -0.4605890133
27 -0.4538639761
28 -0.4514619867
36 -0.4473513257
43 -0.4461210355
53 -0.4396694042
57 -0.4309146696
59 -0.4259034457
69 -0.4207663361
70 -0.4151387867
78 -0.4147535241
79 -0.4130328704
86 -0.3988998095
87 -0.3863372329
90 -0.3796380881
96 -0.3789179538
98 -0.3734897662
101 -0.3669644959
107 -0.3664262110
116 -0.3559380285
121 -0.3542271330
128 -0.3504630401
135 -0.3442983783
139 -0.3410168149
146 -0.3395708842
151 -0.3387197066
163 -0.3300925006
170 -0.3293964498
183 -0.3220019791
187 -0.3216704051
202 -0.3193100749
273 -0.3174390556
285 -0.3147756800
293 -0.3139738390
301 -0.3133572568
379 -0.3133488716
428 -0.3123478313
470 -0.3038338088
867 -0.3020308564
8117 -0.3019130489
8173 -0.3006191180
8249 -0.2965538531
8835 -0.2957589767
9389 -0.2935538622
100001 -0.2935538622
