evaluations raw_y
1 -0.4892881153
6 -0.4887565855
10 -0.4704677233
23 -0.4691261746
25 -0.4649316923
29 -0.4421762321
39 -0.4406629861
41 -0.4227673648
75 -0.4181587949
85 -0.4087992412
92 -0.3987851062
104 -0.3960194780
122 -0.3903245589
133 -0.3898810742
135 -0.3878645536
144 -0.3780816514
166 -0.3768932874
179 -0.3755463466
188 -0.3726482579
201 -0.3706478434
203 -0.3687755878
208 -0.3641168946
209 -0.3636147452
220 -0.3633503517
221 -0.3600516297
229 -0.3571928739
257 -0.3565720752
286 -0.3560021912
352 -0.3552787356
362 -0.3544360793
387 -0.3470270034
409 -0.3451393945
432 -0.3438862909
449 -0.3381686537
461 -0.3376041565
470 -0.3375465266
482 -0.3310507978
508 -0.3295768032
520 -0.3265938920
524 -0.3265369102
529 -0.3250629156
542 -0.3229209340
581 -0.3216804004
739 -0.3210638181
758 -0.3208569086
826 -0.3208485234
970 -0.3201524726
978 -0.3200375987
1002 -0.3199602912
1004 -0.3193415479
1007 -0.3155219905
1043 -0.3153298091
1624 -0.3114451286
40585 -0.3104264111
40623 -0.3098565271
41280 -0.3097301217
41603 -0.3044104858
100010 -0.3044104858
evaluations raw_y
1 -0.4748132250
14 -0.4737467437
17 -0.4465829478
28 -0.4335772521
39 -0.4291246791
49 -0.4191518838
74 -0.4164490108
96 -0.4161921525
105 -0.4143070292
111 -0.4133696435
114 -0.4092053162
149 -0.4059550954
155 -0.4050177097
171 -0.4033666115
181 -0.4024292258
205 -0.4009552313
219 -0.3966271592
249 -0.3951531647
265 -0.3890887773
266 -0.3890105211
274 -0.3876147827
275 -0.3867988904
284 -0.3826615202
298 -0.3814813848
304 -0.3800073902
310 -0.3750195301
324 -0.3734849518
336 -0.3676250594
341 -0.3649709294
357 -0.3633547804
368 -0.3615306402
385 -0.3607525486
408 -0.3601359663
422 -0.3568739191
443 -0.3545944707
454 -0.3519539448
471 -0.3516223707
497 -0.3509558943
509 -0.3454577090
520 -0.3447912326
537 -0.3435988025
554 -0.3425897906
569 -0.3354719347
669 -0.3236797799
739 -0.3222057853
772 -0.3198454552
806 -0.3195214169
1030 -0.3195130318
1057 -0.3177184645
1151 -0.3171018822
1198 -0.3133377893
1260 -0.3058168156
1280 -0.3058084304
1353 -0.3045781403
56779 -0.3044603327
57670 -0.2991011370
80920 -0.2975125356
81095 -0.2973861301
81635 -0.2920664943
100010 -0.2920664943
evaluations raw_y
1 -0.4743809990
9 -0.4627180824
17 -0.4398927557
32 -0.4247075740
58 -0.4226711107
71 -0.4177648207
76 -0.4167568476
78 -0.4043651991
86 -0.4032368976
93 -0.3914707621
112 -0.3906106107
118 -0.3811999409
150 -0.3809100025
160 -0.3793969885
193 -0.3760622795
220 -0.3750532676
231 -0.3734737956
280 -0.3729897530
283 -0.3717687329
287 -0.3616816408
354 -0.3610962021
359 -0.3573164550
381 -0.3554013545
383 -0.3544006015
397 -0.3500924786
413 -0.3482535056
422 -0.3438883198
440 -0.3384674888
472 -0.3358133588
490 -0.3351173080
530 -0.3346371880
572 -0.3298256565
586 -0.3288166447
630 -0.3257603916
640 -0.3235589496
676 -0.3220849551
731 -0.3214683728
742 -0.3206775301
889 -0.3168812528
919 -0.3151098738
962 -0.3138795836
12532 -0.3137617761
33386 -0.3124015785
33511 -0.3103005099
33548 -0.3070423827
41124 -0.3035646544
74868 -0.3031522238
74894 -0.3019760530
75854 -0.3018496475
76549 -0.2965300117
87912 -0.2950147514
100010 -0.2950147514
evaluations raw_y
1 -0.5316357478
2 -0.5303344343
3 -0.5045831905
4 -0.4962385749
7 -0.4739474156
11 -0.4726378192
18 -0.4441257043
31 -0.4368094930
43 -0.4338715832
59 -0.4282146816
67 -0.4262321105
78 -0.4262298493
80 -0.4155530913
89 -0.4109226093
93 -0.4077623458
104 -0.4059911107
111 -0.4042925611
114 -0.4006373907
115 -0.3995320009
134 -0.3985625084
135 -0.3923397289
137 -0.3913386885
140 -0.3899807716
141 -0.3841681998
170 -0.3832243287
174 -0.3826304709
186 -0.3817557502
198 -0.3814241762
201 -0.3792944042
208 -0.3779838870
214 -0.3713800083
219 -0.3701127474
239 -0.3689892087
268 -0.3646919163
293 -0.3609238589
328 -0.3579935531
357 -0.3541807955
367 -0.3535627750
370 -0.3522955141
387 -0.3520886045
393 -0.3482690471
410 -0.3458218266
437 -0.3422727631
477 -0.3399124329
507 -0.3399040478
539 -0.3392874655
568 -0.3389030074
589 -0.3382864251
604 -0.3333331626
618 -0.3271685009
717 -0.3182893065
756 -0.3178746611
891 -0.3171786103
939 -0.3163160993
1049 -0.3159845253
1095 -0.3138921247
1112 -0.3060793068
1131 -0.3057477328
15535 -0.3044217349
42548 -0.3008974428
48430 -0.2993821825
80994 -0.2992643749
81226 -0.2939051792
91721 -0.2920664943
100010 -0.2920664943
evaluations raw_y
1 -0.5183213915
2 -0.4960855170
3 -0.4886212971
13 -0.4856862859
21 -0.4787407662
25 -0.4716172784
26 -0.4655941031
34 -0.4614473382
42 -0.4564121897
46 -0.4506241444
57 -0.4475496655
59 -0.4273192701
72 -0.4217016060
79 -0.4152802496
97 -0.4132629657
101 -0.4120021697
125 -0.4115716876
126 -0.4110824594
134 -0.4006556626
146 -0.3999951655
154 -0.3985211710
157 -0.3866480758
204 -0.3821514486
210 -0.3759945364
218 -0.3677818160
239 -0.3611605516
255 -0.3574286271
271 -0.3567325763
326 -0.3559544847
361 -0.3486541026
389 -0.3479580517
404 -0.3471957540
427 -0.3412714449
447 -0.3405091471
453 -0.3374445441
455 -0.3361439614
477 -0.3318564492
481 -0.3311899728
566 -0.3293870204
571 -0.3271368918
598 -0.3245320983
700 -0.3245237132
739 -0.3240435932
750 -0.3235147013
794 -0.3229448174
884 -0.3217145272
1052 -0.3210305727
1058 -0.3209735099
1191 -0.3204933899
1277 -0.3187824944
1444 -0.3177814540
4886 -0.3148331969
12754 -0.3132445955
12823 -0.3131181900
13016 -0.3077985542
50804 -0.3076807466
91415 -0.3049864026
93393 -0.3042004802
95681 -0.3023617953
100010 -0.3023617953
evaluations raw_y
1 -0.5338008368
2 -0.5138914111
3 -0.5054420405
4 -0.4882316394
13 -0.4873653159
22 -0.4828946782
24 -0.4756264814
26 -0.4695554790
31 -0.4688266740
33 -0.4429131858
37 -0.4245933064
48 -0.4157895800
55 -0.4127225948
59 -0.4112847822
70 -0.4022721769
89 -0.3985934856
94 -0.3982513197
96 -0.3979809657
109 -0.3923805087
118 -0.3904954613
130 -0.3880412023
141 -0.3846799529
146 -0.3790127020
164 -0.3769331655
176 -0.3755331474
195 -0.3702348023
202 -0.3700217304
205 -0.3666963730
221 -0.3620610427
229 -0.3601447097
233 -0.3593814275
245 -0.3579801726
250 -0.3575603697
255 -0.3558251525
282 -0.3555076451
284 -0.3529212482
286 -0.3528587258
306 -0.3525252818
313 -0.3466629522
339 -0.3449520567
358 -0.3389837601
373 -0.3378498975
380 -0.3372728646
393 -0.3371554648
430 -0.3369310355
465 -0.3354445693
472 -0.3351027402
473 -0.3319127996
475 -0.3284725104
499 -0.3267616149
517 -0.3258183804
528 -0.3241074849
552 -0.3236273649
565 -0.3234114341
576 -0.3229313141
588 -0.3194517596
647 -0.3187678050
656 -0.3187023571
691 -0.3125376953
978 -0.3115366550
1103 -0.3112050809
1368 -0.3077423222
9142 -0.3059036373
12554 -0.3024259090
37523 -0.3009106487
43498 -0.2973141618
43836 -0.2928002742
100010 -0.2977542628
evaluations raw_y
1 -0.5290271340
4 -0.4774916713
21 -0.4739319947
34 -0.4725791885
35 -0.4499578588
40 -0.4480275197
43 -0.4479367589
48 -0.4398480416
49 -0.4389823281
52 -0.4382139852
56 -0.4283653345
75 -0.4195234181
78 -0.4182777769
91 -0.4142979425
98 -0.4126408681
111 -0.4103785556
121 -0.4020563976
142 -0.3963602178
146 -0.3960286437
148 -0.3953411749
158 -0.3926322746
176 -0.3914019844
196 -0.3910601553
219 -0.3890416542
221 -0.3876920748
228 -0.3770181927
261 -0.3770016530
262 -0.3743640627
265 -0.3717376716
269 -0.3642189627
288 -0.3617042865
296 -0.3593439563
318 -0.3587273741
328 -0.3521505073
385 -0.3502397238
445 -0.3488909511
455 -0.3479779372
458 -0.3409099961
508 -0.3303361579
597 -0.3215122579
614 -0.3208162071
662 -0.3203764779
707 -0.3197070116
718 -0.3193754375
736 -0.3132803903
901 -0.3120879602
1047 -0.3113469428
1200 -0.3098254044
1278 -0.3093790587
1310 -0.3050138730
2010 -0.3045337530
9409 -0.3039048632
19987 -0.3023162618
20535 -0.3021898563
20629 -0.2968702205
23098 -0.2955442226
100010 -0.2955442226
evaluations raw_y
1 -0.4833109083
4 -0.4767718358
12 -0.4715985197
13 -0.4715578944
22 -0.4526206706
23 -0.4422566743
40 -0.4293428683
51 -0.4224769548
56 -0.3963746065
76 -0.3957194398
86 -0.3930244910
88 -0.3920118516
91 -0.3864408649
116 -0.3856571864
122 -0.3852996038
123 -0.3838093345
130 -0.3814192515
136 -0.3764650904
174 -0.3710661485
238 -0.3704606678
242 -0.3645710103
298 -0.3562382531
326 -0.3539803232
354 -0.3531023836
364 -0.3485401541
376 -0.3484976683
391 -0.3478441033
394 -0.3383630395
423 -0.3379331285
454 -0.3376669887
469 -0.3328177102
472 -0.3321216594
504 -0.3317900853
546 -0.3317330225
612 -0.3305405924
681 -0.3302356029
714 -0.3295395520
838 -0.3271792219
890 -0.3264011303
936 -0.3238126464
1034 -0.3211585164
1120 -0.3198977204
1256 -0.3198893352
1866 -0.3194746898
1887 -0.3184153407
1923 -0.3180006953
5372 -0.3153063512
15398 -0.3146774614
16531 -0.3130888600
17116 -0.3129624545
17198 -0.3076428187
26460 -0.3041185266
39658 -0.3026032663
46409 -0.3024854588
46684 -0.2971262630
52481 -0.2958002651
100010 -0.3055207019
evaluations raw_y
1 -0.4964028214
5 -0.4691820024
13 -0.4500968585
35 -0.4405888532
42 -0.4356839009
44 -0.4195639428
62 -0.4184271277
69 -0.3985570054
78 -0.3964630381
110 -0.3934176248
114 -0.3901750944
118 -0.3895628630
127 -0.3846088744
140 -0.3838618862
146 -0.3826905153
154 -0.3803278944
167 -0.3763805872
209 -0.3761940216
216 -0.3718498011
251 -0.3694871802
260 -0.3635738742
285 -0.3612112533
321 -0.3568835598
344 -0.3545209390
386 -0.3495676765
387 -0.3469135464
433 -0.3465494291
434 -0.3446057960
473 -0.3444587508
478 -0.3397049599
512 -0.3396478971
523 -0.3379825293
559 -0.3379254665
560 -0.3322844902
566 -0.3318178675
580 -0.3316109580
585 -0.3261198285
592 -0.3247204888
636 -0.3246634260
707 -0.3234228923
744 -0.3232202284
755 -0.3226605946
799 -0.3185093229
805 -0.3171348401
857 -0.3122212707
1018 -0.3116046884
1133 -0.3103743982
1353 -0.3096333809
1507 -0.3088710831
1736 -0.3049864026
50096 -0.3042004802
100010 -0.3042004802
evaluations raw_y
1 -0.5031327062
4 -0.5013581310
7 -0.4963317577
12 -0.4601144413
28 -0.4336097690
51 -0.4330197695
54 -0.4313150016
70 -0.4257969511
71 -0.4038933909
101 -0.3941218187
111 -0.3799503544
130 -0.3767937142
163 -0.3711231132
173 -0.3688636536
174 -0.3683819804
175 -0.3660691093
182 -0.3650399486
184 -0.3649699661
204 -0.3648330390
207 -0.3624780683
208 -0.3594787704
223 -0.3590408232
236 -0.3577620432
238 -0.3521269460
263 -0.3445711625
301 -0.3442899881
308 -0.3438301452
310 -0.3408496989
341 -0.3367966179
465 -0.3365897083
475 -0.3364650439
494 -0.3362581343
504 -0.3353594182
512 -0.3350278441
520 -0.3305556501
544 -0.3293253600
560 -0.3257441187
579 -0.3245138285
670 -0.3238602634
803 -0.3215808150
807 -0.3212287331
833 -0.3189492847
843 -0.3183327024
893 -0.3175916851
943 -0.3139951981
1055 -0.3113410681
1404 -0.3068271805
22964 -0.3067093730
23461 -0.3054154421
23494 -0.3013501772
27227 -0.2998349169
37072 -0.2982463155
37858 -0.2981199100
37918 -0.2928002742
100010 -0.2928002742
