evaluations raw_y
1 -215.0000000000
3 -201.0000000000
9 -200.0000000000
20 -199.0000000000
26 -198.0000000000
30 -184.0000000000
59 -182.0000000000
68 -181.0000000000
72 -180.0000000000
82 -176.0000000000
103 -174.0000000000
109 -171.0000000000
120 -170.0000000000
133 -167.0000000000
141 -166.0000000000
157 -165.0000000000
164 -162.0000000000
174 -160.0000000000
180 -159.0000000000
203 -158.0000000000
214 -157.0000000000
218 -156.0000000000
220 -155.0000000000
244 -153.0000000000
246 -152.0000000000
264 -151.0000000000
270 -149.0000000000
293 -148.0000000000
312 -147.0000000000
318 -146.0000000000
329 -144.0000000000
344 -143.0000000000
348 -142.0000000000
360 -141.0000000000
376 -140.0000000000
382 -139.0000000000
385 -137.0000000000
408 -136.0000000000
421 -135.0000000000
440 -134.0000000000
448 -133.0000000000
456 -132.0000000000
481 -131.0000000000
501 -130.0000000000
518 -129.0000000000
532 -128.0000000000
533 -127.0000000000
535 -126.0000000000
546 -125.0000000000
570 -124.0000000000
574 -123.0000000000
592 -121.0000000000
603 -119.0000000000
645 -118.0000000000
659 -117.0000000000
680 -116.0000000000
693 -115.0000000000
695 -114.0000000000
710 -113.0000000000
713 -111.0000000000
766 -110.0000000000
776 -108.0000000000
797 -106.0000000000
815 -104.0000000000
840 -103.0000000000
856 -102.0000000000
881 -101.0000000000
897 -100.0000000000
921 -99.0000000000
940 -98.0000000000
953 -96.0000000000
967 -95.0000000000
985 -94.0000000000
1010 -93.0000000000
1026 -92.0000000000
1038 -91.0000000000
1042 -90.0000000000
1077 -89.0000000000
1120 -87.0000000000
1143 -84.0000000000
1212 -83.0000000000
1226 -81.0000000000
1244 -80.0000000000
1248 -79.0000000000
1273 -78.0000000000
1276 -77.0000000000
1296 -76.0000000000
1334 -75.0000000000
1346 -74.0000000000
1348 -73.0000000000
1381 -72.0000000000
1414 -71.0000000000
1427 -70.0000000000
1432 -69.0000000000
1468 -68.0000000000
1483 -67.0000000000
1486 -66.0000000000
1492 -65.0000000000
1518 -64.0000000000
1543 -63.0000000000
1554 -62.0000000000
1585 -60.0000000000
1593 -59.0000000000
1614 -58.0000000000
1651 -57.0000000000
1682 -56.0000000000
1726 -55.0000000000
1799 -54.0000000000
1818 -53.0000000000
1835 -52.0000000000
1865 -51.0000000000
1879 -50.0000000000
1891 -49.0000000000
1943 -47.0000000000
1988 -46.0000000000
2014 -45.0000000000
2041 -44.0000000000
2092 -43.0000000000
2125 -42.0000000000
2147 -41.0000000000
2151 -40.0000000000
2190 -39.0000000000
2209 -38.0000000000
2233 -37.0000000000
2252 -36.0000000000
2273 -35.0000000000
2282 -34.0000000000
2304 -33.0000000000
2344 -32.0000000000
2363 -31.0000000000
2453 -30.0000000000
2506 -29.0000000000
2512 -28.0000000000
2520 -27.0000000000
2573 -26.0000000000
2609 -25.0000000000
2619 -24.0000000000
2651 -23.0000000000
2675 -22.0000000000
2708 -21.0000000000
2760 -20.0000000000
2919 -19.0000000000
2943 -18.0000000000
2976 -17.0000000000
3013 -16.0000000000
3035 -14.0000000000
3054 -13.0000000000
3091 -12.0000000000
3147 -11.0000000000
3173 -10.0000000000
3178 -9.0000000000
3290 -8.0000000000
3299 -7.0000000000
3319 -6.0000000000
3609 -5.0000000000
3670 -4.0000000000
3848 -3.0000000000
3900 -2.0000000000
3932 -1.0000000000
4049 396.0000000000
5358 404.0000000000
5531 406.0000000000
5533 408.0000000000
7005 412.0000000000
7019 413.0000000000
7088 415.0000000000
8025 420.0000000000
10010 -1.0000000000
evaluations raw_y
1 -221.0000000000
2 -197.0000000000
12 -194.0000000000
23 -192.0000000000
29 -186.0000000000
39 -183.0000000000
46 -181.0000000000
55 -174.0000000000
61 -173.0000000000
66 -171.0000000000
67 -170.0000000000
70 -169.0000000000
75 -167.0000000000
76 -160.0000000000
97 -158.0000000000
111 -157.0000000000
128 -155.0000000000
153 -154.0000000000
155 -153.0000000000
161 -152.0000000000
172 -151.0000000000
181 -150.0000000000
188 -149.0000000000
199 -148.0000000000
217 -147.0000000000
220 -146.0000000000
239 -145.0000000000
248 -143.0000000000
262 -142.0000000000
271 -140.0000000000
281 -139.0000000000
291 -138.0000000000
296 -137.0000000000
305 -136.0000000000
317 -135.0000000000
325 -134.0000000000
327 -133.0000000000
338 -129.0000000000
353 -128.0000000000
361 -127.0000000000
377 -126.0000000000
407 -124.0000000000
428 -123.0000000000
436 -122.0000000000
472 -120.0000000000
486 -119.0000000000
497 -118.0000000000
511 -117.0000000000
531 -115.0000000000
532 -114.0000000000
559 -113.0000000000
563 -111.0000000000
602 -110.0000000000
612 -109.0000000000
625 -108.0000000000
647 -107.0000000000
654 -106.0000000000
668 -105.0000000000
685 -104.0000000000
693 -103.0000000000
703 -102.0000000000
705 -101.0000000000
735 -100.0000000000
760 -99.0000000000
783 -98.0000000000
801 -97.0000000000
818 -96.0000000000
824 -94.0000000000
861 -93.0000000000
869 -92.0000000000
891 -91.0000000000
909 -90.0000000000
916 -89.0000000000
923 -88.0000000000
933 -86.0000000000
944 -85.0000000000
973 -84.0000000000
980 -83.0000000000
1031 -82.0000000000
1040 -81.0000000000
1063 -80.0000000000
1070 -79.0000000000
1097 -78.0000000000
1115 -76.0000000000
1116 -75.0000000000
1153 -74.0000000000
1159 -73.0000000000
1195 -72.0000000000
1232 -70.0000000000
1276 -69.0000000000
1277 -68.0000000000
1299 -67.0000000000
1312 -66.0000000000
1324 -65.0000000000
1326 -64.0000000000
1349 -63.0000000000
1361 -62.0000000000
1373 -61.0000000000
1382 -59.0000000000
1432 -58.0000000000
1458 -57.0000000000
1480 -56.0000000000
1494 -55.0000000000
1500 -54.0000000000
1507 -53.0000000000
1530 -52.0000000000
1547 -51.0000000000
1553 -50.0000000000
1601 -49.0000000000
1626 -48.0000000000
1632 -47.0000000000
1653 -46.0000000000
1670 -45.0000000000
1716 -43.0000000000
1733 -42.0000000000
1765 -41.0000000000
1832 -40.0000000000
1852 -39.0000000000
1883 -38.0000000000
1913 -37.0000000000
1992 -36.0000000000
2202 -35.0000000000
2233 -34.0000000000
2268 -33.0000000000
2303 -32.0000000000
2358 -31.0000000000
2367 -30.0000000000
2406 -29.0000000000
2419 -28.0000000000
2424 -27.0000000000
2445 -26.0000000000
2553 -25.0000000000
2613 -24.0000000000
2621 -22.0000000000
2636 -21.0000000000
2650 -20.0000000000
2655 -19.0000000000
2659 -17.0000000000
2701 -16.0000000000
2807 -15.0000000000
2823 -14.0000000000
2853 -13.0000000000
2874 -12.0000000000
2879 -11.0000000000
2958 -10.0000000000
3039 -9.0000000000
3129 -8.0000000000
3184 -7.0000000000
3204 -6.0000000000
3231 -5.0000000000
3340 -4.0000000000
3427 -3.0000000000
3531 -2.0000000000
3542 -1.0000000000
3589 385.0000000000
4018 387.0000000000
4033 401.0000000000
5314 405.0000000000
5501 407.0000000000
5607 409.0000000000
5648 412.0000000000
5779 413.0000000000
5803 417.0000000000
10010 -1.0000000000
evaluations raw_y
1 -212.0000000000
5 -204.0000000000
9 -201.0000000000
21 -200.0000000000
22 -197.0000000000
29 -196.0000000000
33 -191.0000000000
42 -189.0000000000
52 -187.0000000000
53 -185.0000000000
67 -184.0000000000
70 -179.0000000000
101 -177.0000000000
115 -176.0000000000
145 -174.0000000000
152 -173.0000000000
163 -172.0000000000
165 -171.0000000000
179 -170.0000000000
197 -167.0000000000
228 -166.0000000000
235 -165.0000000000
252 -164.0000000000
259 -163.0000000000
263 -161.0000000000
291 -160.0000000000
302 -159.0000000000
312 -158.0000000000
316 -157.0000000000
341 -156.0000000000
345 -155.0000000000
348 -154.0000000000
359 -153.0000000000
368 -152.0000000000
394 -150.0000000000
396 -149.0000000000
442 -148.0000000000
461 -147.0000000000
472 -146.0000000000
506 -145.0000000000
509 -144.0000000000
538 -143.0000000000
552 -142.0000000000
563 -141.0000000000
581 -139.0000000000
598 -138.0000000000
607 -137.0000000000
620 -136.0000000000
630 -135.0000000000
652 -134.0000000000
670 -133.0000000000
671 -132.0000000000
695 -131.0000000000
718 -130.0000000000
724 -129.0000000000
725 -128.0000000000
741 -127.0000000000
753 -126.0000000000
761 -125.0000000000
764 -123.0000000000
807 -122.0000000000
826 -120.0000000000
849 -119.0000000000
869 -118.0000000000
884 -117.0000000000
886 -116.0000000000
921 -115.0000000000
930 -114.0000000000
948 -112.0000000000
972 -111.0000000000
988 -110.0000000000
996 -109.0000000000
1022 -108.0000000000
1038 -107.0000000000
1070 -106.0000000000
1088 -104.0000000000
1092 -103.0000000000
1121 -102.0000000000
1144 -101.0000000000
1168 -100.0000000000
1174 -99.0000000000
1177 -98.0000000000
1188 -97.0000000000
1203 -96.0000000000
1210 -95.0000000000
1225 -94.0000000000
1247 -93.0000000000
1277 -92.0000000000
1293 -91.0000000000
1300 -90.0000000000
1324 -89.0000000000
1347 -88.0000000000
1350 -86.0000000000
1362 -85.0000000000
1390 -84.0000000000
1408 -83.0000000000
1424 -82.0000000000
1430 -81.0000000000
1448 -80.0000000000
1475 -79.0000000000
1498 -78.0000000000
1540 -77.0000000000
1558 -76.0000000000
1572 -75.0000000000
1575 -74.0000000000
1591 -73.0000000000
1618 -72.0000000000
1658 -71.0000000000
1711 -70.0000000000
1719 -69.0000000000
1751 -68.0000000000
1775 -67.0000000000
1782 -66.0000000000
1804 -65.0000000000
1818 -64.0000000000
1839 -63.0000000000
1877 -62.0000000000
1883 -61.0000000000
1900 -60.0000000000
1950 -59.0000000000
1991 -58.0000000000
2030 -57.0000000000
2061 -56.0000000000
2075 -55.0000000000
2085 -54.0000000000
2139 -53.0000000000
2168 -52.0000000000
2186 -51.0000000000
2218 -50.0000000000
2228 -49.0000000000
2235 -48.0000000000
2262 -47.0000000000
2293 -46.0000000000
2317 -45.0000000000
2345 -44.0000000000
2347 -43.0000000000
2357 -42.0000000000
2413 -41.0000000000
2429 -40.0000000000
2460 -39.0000000000
2482 -38.0000000000
2484 -37.0000000000
2503 -36.0000000000
2542 -35.0000000000
2587 -34.0000000000
2617 -33.0000000000
2653 -32.0000000000
2688 -31.0000000000
2697 -30.0000000000
2705 -29.0000000000
2742 -28.0000000000
2961 -27.0000000000
3005 -25.0000000000
3041 -24.0000000000
3082 -23.0000000000
3118 -22.0000000000
3160 -21.0000000000
3202 -20.0000000000
3244 -19.0000000000
3306 -18.0000000000
3343 -17.0000000000
3400 -16.0000000000
3514 -15.0000000000
3586 -14.0000000000
3644 -13.0000000000
3695 -12.0000000000
3730 -11.0000000000
3764 -10.0000000000
3817 -9.0000000000
3840 -8.0000000000
3938 -7.0000000000
4037 -6.0000000000
4126 -5.0000000000
4131 -4.0000000000
4234 -3.0000000000
4373 -2.0000000000
4503 -1.0000000000
4644 375.0000000000
5274 389.0000000000
6397 394.0000000000
6427 401.0000000000
8736 408.0000000000
10010 408.0000000000
evaluations raw_y
1 -215.0000000000
2 -204.0000000000
3 -202.0000000000
8 -199.0000000000
20 -192.0000000000
26 -191.0000000000
40 -190.0000000000
46 -189.0000000000
52 -186.0000000000
53 -185.0000000000
56 -182.0000000000
57 -177.0000000000
87 -175.0000000000
93 -174.0000000000
100 -171.0000000000
121 -170.0000000000
127 -168.0000000000
140 -167.0000000000
148 -164.0000000000
168 -163.0000000000
177 -162.0000000000
187 -161.0000000000
196 -159.0000000000
223 -158.0000000000
239 -157.0000000000
260 -156.0000000000
261 -155.0000000000
305 -154.0000000000
317 -153.0000000000
336 -151.0000000000
345 -149.0000000000
352 -148.0000000000
353 -147.0000000000
387 -146.0000000000
405 -145.0000000000
445 -143.0000000000
467 -142.0000000000
488 -141.0000000000
505 -140.0000000000
507 -138.0000000000
533 -136.0000000000
562 -135.0000000000
569 -134.0000000000
590 -133.0000000000
591 -132.0000000000
602 -130.0000000000
632 -129.0000000000
645 -128.0000000000
646 -127.0000000000
655 -126.0000000000
686 -124.0000000000
710 -123.0000000000
721 -122.0000000000
767 -121.0000000000
778 -119.0000000000
789 -118.0000000000
799 -117.0000000000
828 -116.0000000000
833 -115.0000000000
854 -114.0000000000
866 -113.0000000000
885 -111.0000000000
930 -109.0000000000
967 -108.0000000000
981 -107.0000000000
992 -106.0000000000
1005 -104.0000000000
1013 -103.0000000000
1042 -101.0000000000
1071 -100.0000000000
1074 -99.0000000000
1109 -98.0000000000
1129 -97.0000000000
1133 -96.0000000000
1148 -95.0000000000
1150 -94.0000000000
1162 -93.0000000000
1196 -92.0000000000
1222 -91.0000000000
1225 -90.0000000000
1256 -89.0000000000
1277 -88.0000000000
1306 -87.0000000000
1333 -86.0000000000
1335 -85.0000000000
1396 -84.0000000000
1430 -83.0000000000
1439 -82.0000000000
1511 -81.0000000000
1522 -80.0000000000
1536 -79.0000000000
1553 -78.0000000000
1567 -77.0000000000
1573 -76.0000000000
1600 -75.0000000000
1603 -74.0000000000
1651 -73.0000000000
1655 -72.0000000000
1663 -71.0000000000
1707 -70.0000000000
1721 -69.0000000000
1743 -68.0000000000
1777 -67.0000000000
1783 -66.0000000000
1801 -65.0000000000
1813 -64.0000000000
1858 -63.0000000000
1905 -62.0000000000
1941 -61.0000000000
1946 -60.0000000000
1947 -59.0000000000
1993 -58.0000000000
2003 -57.0000000000
2033 -56.0000000000
2043 -55.0000000000
2053 -53.0000000000
2088 -52.0000000000
2129 -51.0000000000
2204 -50.0000000000
2215 -49.0000000000
2242 -48.0000000000
2268 -47.0000000000
2287 -46.0000000000
2300 -45.0000000000
2331 -44.0000000000
2335 -43.0000000000
2353 -42.0000000000
2377 -41.0000000000
2424 -40.0000000000
2459 -39.0000000000
2498 -38.0000000000
2540 -37.0000000000
2552 -36.0000000000
2579 -35.0000000000
2610 -34.0000000000
2644 -33.0000000000
2666 -32.0000000000
2696 -31.0000000000
2700 -30.0000000000
2762 -29.0000000000
2807 -28.0000000000
2844 -26.0000000000
2875 -25.0000000000
2920 -24.0000000000
2981 -23.0000000000
3072 -22.0000000000
3113 -21.0000000000
3121 -20.0000000000
3208 -19.0000000000
3229 -18.0000000000
3428 -17.0000000000
3496 -16.0000000000
3514 -15.0000000000
3587 -14.0000000000
3622 -13.0000000000
3716 -12.0000000000
3766 -11.0000000000
3773 -10.0000000000
3953 -9.0000000000
3974 -8.0000000000
4005 -7.0000000000
4102 -6.0000000000
4182 -5.0000000000
4208 -4.0000000000
4261 -3.0000000000
4557 -2.0000000000
4621 -1.0000000000
4730 382.0000000000
6186 384.0000000000
6377 398.0000000000
7566 400.0000000000
7576 405.0000000000
7629 406.0000000000
10010 406.0000000000
evaluations raw_y
1 -216.0000000000
2 -206.0000000000
10 -201.0000000000
13 -196.0000000000
19 -195.0000000000
27 -188.0000000000
48 -184.0000000000
56 -183.0000000000
65 -176.0000000000
86 -174.0000000000
91 -172.0000000000
97 -170.0000000000
108 -166.0000000000
122 -165.0000000000
134 -164.0000000000
142 -163.0000000000
163 -162.0000000000
170 -161.0000000000
174 -160.0000000000
182 -159.0000000000
202 -157.0000000000
213 -156.0000000000
222 -155.0000000000
236 -154.0000000000
238 -153.0000000000
253 -151.0000000000
266 -149.0000000000
289 -148.0000000000
306 -147.0000000000
327 -146.0000000000
351 -145.0000000000
361 -144.0000000000
382 -143.0000000000
399 -142.0000000000
408 -141.0000000000
443 -139.0000000000
445 -138.0000000000
450 -137.0000000000
467 -136.0000000000
488 -135.0000000000
506 -134.0000000000
525 -133.0000000000
539 -132.0000000000
561 -131.0000000000
580 -130.0000000000
611 -129.0000000000
618 -128.0000000000
632 -127.0000000000
639 -126.0000000000
666 -125.0000000000
694 -124.0000000000
701 -123.0000000000
731 -122.0000000000
750 -121.0000000000
753 -120.0000000000
757 -119.0000000000
763 -118.0000000000
773 -117.0000000000
781 -116.0000000000
810 -115.0000000000
817 -113.0000000000
844 -111.0000000000
864 -110.0000000000
866 -109.0000000000
879 -108.0000000000
887 -106.0000000000
908 -105.0000000000
915 -104.0000000000
919 -102.0000000000
934 -101.0000000000
966 -99.0000000000
1010 -98.0000000000
1014 -97.0000000000
1043 -96.0000000000
1048 -95.0000000000
1062 -94.0000000000
1086 -93.0000000000
1096 -92.0000000000
1104 -91.0000000000
1108 -90.0000000000
1116 -89.0000000000
1153 -88.0000000000
1168 -87.0000000000
1172 -86.0000000000
1193 -85.0000000000
1200 -84.0000000000
1224 -82.0000000000
1251 -81.0000000000
1264 -80.0000000000
1289 -79.0000000000
1315 -78.0000000000
1320 -77.0000000000
1330 -76.0000000000
1340 -75.0000000000
1362 -74.0000000000
1363 -73.0000000000
1408 -72.0000000000
1440 -71.0000000000
1466 -70.0000000000
1507 -69.0000000000
1511 -68.0000000000
1527 -67.0000000000
1550 -66.0000000000
1576 -65.0000000000
1600 -64.0000000000
1640 -62.0000000000
1679 -61.0000000000
1688 -60.0000000000
1711 -59.0000000000
1734 -58.0000000000
1743 -57.0000000000
1757 -56.0000000000
1773 -55.0000000000
1799 -54.0000000000
1835 -53.0000000000
1878 -52.0000000000
1932 -50.0000000000
1993 -49.0000000000
1995 -48.0000000000
2001 -47.0000000000
2051 -46.0000000000
2064 -45.0000000000
2068 -44.0000000000
2076 -43.0000000000
2092 -42.0000000000
2099 -41.0000000000
2153 -40.0000000000
2204 -38.0000000000
2266 -37.0000000000
2300 -36.0000000000
2324 -35.0000000000
2357 -34.0000000000
2365 -33.0000000000
2398 -32.0000000000
2465 -31.0000000000
2481 -30.0000000000
2511 -29.0000000000
2533 -28.0000000000
2561 -26.0000000000
2587 -25.0000000000
2612 -24.0000000000
2653 -23.0000000000
2661 -22.0000000000
2727 -21.0000000000
2754 -20.0000000000
2792 -19.0000000000
2847 -18.0000000000
2888 -17.0000000000
3115 -16.0000000000
3147 -15.0000000000
3157 -14.0000000000
3197 -13.0000000000
3245 -12.0000000000
3287 -11.0000000000
3335 -10.0000000000
3390 -9.0000000000
3510 -8.0000000000
3541 -7.0000000000
3581 -6.0000000000
3776 -5.0000000000
3809 -4.0000000000
3868 -3.0000000000
4143 -2.0000000000
4268 -1.0000000000
4507 398.0000000000
4643 400.0000000000
4801 409.0000000000
4931 410.0000000000
4935 411.0000000000
4938 412.0000000000
5687 413.0000000000
5692 416.0000000000
10010 -1.0000000000
evaluations raw_y
1 -236.0000000000
2 -218.0000000000
6 -202.0000000000
22 -201.0000000000
23 -189.0000000000
27 -185.0000000000
42 -181.0000000000
48 -180.0000000000
53 -175.0000000000
70 -172.0000000000
77 -169.0000000000
101 -165.0000000000
106 -164.0000000000
110 -162.0000000000
130 -161.0000000000
146 -159.0000000000
186 -156.0000000000
218 -155.0000000000
220 -154.0000000000
240 -153.0000000000
246 -152.0000000000
249 -151.0000000000
270 -150.0000000000
287 -149.0000000000
294 -147.0000000000
328 -144.0000000000
345 -142.0000000000
361 -141.0000000000
370 -139.0000000000
401 -137.0000000000
430 -136.0000000000
438 -135.0000000000
448 -134.0000000000
473 -132.0000000000
497 -131.0000000000
504 -130.0000000000
533 -128.0000000000
560 -127.0000000000
568 -126.0000000000
570 -125.0000000000
589 -124.0000000000
607 -123.0000000000
622 -122.0000000000
633 -121.0000000000
644 -120.0000000000
666 -119.0000000000
709 -118.0000000000
750 -117.0000000000
753 -116.0000000000
774 -115.0000000000
802 -114.0000000000
833 -113.0000000000
847 -112.0000000000
868 -111.0000000000
873 -110.0000000000
910 -109.0000000000
917 -108.0000000000
950 -107.0000000000
985 -106.0000000000
993 -105.0000000000
999 -104.0000000000
1022 -103.0000000000
1025 -102.0000000000
1034 -100.0000000000
1059 -99.0000000000
1079 -98.0000000000
1088 -97.0000000000
1091 -96.0000000000
1144 -95.0000000000
1190 -93.0000000000
1210 -92.0000000000
1223 -91.0000000000
1259 -90.0000000000
1292 -89.0000000000
1316 -88.0000000000
1335 -87.0000000000
1362 -86.0000000000
1372 -85.0000000000
1373 -84.0000000000
1406 -82.0000000000
1444 -81.0000000000
1471 -80.0000000000
1500 -79.0000000000
1539 -78.0000000000
1559 -77.0000000000
1587 -76.0000000000
1604 -75.0000000000
1624 -74.0000000000
1625 -73.0000000000
1639 -72.0000000000
1647 -71.0000000000
1669 -70.0000000000
1686 -69.0000000000
1695 -68.0000000000
1698 -67.0000000000
1723 -66.0000000000
1738 -65.0000000000
1758 -64.0000000000
1768 -63.0000000000
1783 -62.0000000000
1800 -61.0000000000
1806 -60.0000000000
1830 -59.0000000000
1840 -58.0000000000
1875 -57.0000000000
1893 -56.0000000000
1929 -55.0000000000
1934 -53.0000000000
1953 -52.0000000000
1958 -51.0000000000
1989 -50.0000000000
1998 -49.0000000000
2069 -48.0000000000
2084 -47.0000000000
2117 -45.0000000000
2151 -44.0000000000
2241 -43.0000000000
2268 -42.0000000000
2336 -41.0000000000
2364 -40.0000000000
2434 -39.0000000000
2499 -38.0000000000
2520 -37.0000000000
2537 -36.0000000000
2551 -35.0000000000
2583 -34.0000000000
2619 -33.0000000000
2649 -32.0000000000
2700 -31.0000000000
2741 -30.0000000000
2768 -29.0000000000
2797 -28.0000000000
2824 -27.0000000000
2832 -26.0000000000
2869 -25.0000000000
2885 -24.0000000000
2886 -23.0000000000
2925 -22.0000000000
3010 -21.0000000000
3029 -20.0000000000
3066 -19.0000000000
3250 -18.0000000000
3291 -17.0000000000
3359 -16.0000000000
3532 -15.0000000000
3537 -14.0000000000
3573 -13.0000000000
3616 -12.0000000000
3652 -11.0000000000
3662 -10.0000000000
3663 -9.0000000000
3712 -8.0000000000
3713 -7.0000000000
3762 -6.0000000000
3822 -5.0000000000
3894 -4.0000000000
3926 -3.0000000000
4066 -2.0000000000
4094 -1.0000000000
4143 371.0000000000
6571 372.0000000000
6609 376.0000000000
9482 378.0000000000
9491 387.0000000000
9530 390.0000000000
10010 -2.0000000000
evaluations raw_y
1 -211.0000000000
2 -206.0000000000
23 -205.0000000000
25 -198.0000000000
50 -197.0000000000
54 -196.0000000000
65 -189.0000000000
87 -186.0000000000
99 -179.0000000000
107 -177.0000000000
122 -176.0000000000
127 -172.0000000000
162 -171.0000000000
166 -169.0000000000
181 -167.0000000000
194 -166.0000000000
205 -165.0000000000
208 -164.0000000000
217 -163.0000000000
227 -162.0000000000
233 -160.0000000000
257 -159.0000000000
263 -158.0000000000
279 -157.0000000000
297 -156.0000000000
303 -154.0000000000
317 -153.0000000000
327 -152.0000000000
351 -151.0000000000
372 -150.0000000000
396 -149.0000000000
406 -148.0000000000
408 -147.0000000000
426 -146.0000000000
447 -145.0000000000
451 -144.0000000000
465 -143.0000000000
480 -142.0000000000
483 -141.0000000000
486 -140.0000000000
504 -139.0000000000
526 -137.0000000000
533 -135.0000000000
558 -133.0000000000
586 -132.0000000000
612 -131.0000000000
639 -130.0000000000
652 -129.0000000000
678 -128.0000000000
680 -127.0000000000
702 -126.0000000000
704 -125.0000000000
713 -124.0000000000
726 -123.0000000000
739 -122.0000000000
744 -121.0000000000
769 -120.0000000000
781 -119.0000000000
805 -118.0000000000
829 -117.0000000000
836 -116.0000000000
850 -114.0000000000
859 -112.0000000000
896 -111.0000000000
910 -110.0000000000
947 -109.0000000000
959 -108.0000000000
992 -107.0000000000
1014 -106.0000000000
1017 -105.0000000000
1023 -104.0000000000
1027 -103.0000000000
1054 -102.0000000000
1081 -101.0000000000
1098 -100.0000000000
1142 -99.0000000000
1148 -98.0000000000
1176 -97.0000000000
1186 -96.0000000000
1203 -95.0000000000
1210 -93.0000000000
1224 -92.0000000000
1268 -91.0000000000
1270 -90.0000000000
1306 -89.0000000000
1316 -88.0000000000
1337 -87.0000000000
1340 -86.0000000000
1359 -85.0000000000
1366 -84.0000000000
1372 -83.0000000000
1389 -82.0000000000
1412 -80.0000000000
1442 -79.0000000000
1465 -78.0000000000
1475 -76.0000000000
1481 -74.0000000000
1513 -73.0000000000
1521 -72.0000000000
1539 -71.0000000000
1544 -70.0000000000
1578 -69.0000000000
1616 -68.0000000000
1645 -67.0000000000
1661 -66.0000000000
1672 -65.0000000000
1689 -64.0000000000
1720 -63.0000000000
1732 -62.0000000000
1751 -61.0000000000
1754 -60.0000000000
1793 -59.0000000000
1811 -58.0000000000
1843 -57.0000000000
1856 -56.0000000000
1869 -54.0000000000
1879 -52.0000000000
1890 -51.0000000000
1902 -49.0000000000
1949 -48.0000000000
2021 -47.0000000000
2065 -46.0000000000
2081 -45.0000000000
2101 -44.0000000000
2116 -43.0000000000
2121 -42.0000000000
2152 -41.0000000000
2160 -40.0000000000
2229 -39.0000000000
2252 -38.0000000000
2274 -37.0000000000
2319 -36.0000000000
2354 -35.0000000000
2388 -34.0000000000
2412 -33.0000000000
2434 -32.0000000000
2476 -31.0000000000
2487 -30.0000000000
2518 -29.0000000000
2559 -27.0000000000
2598 -26.0000000000
2688 -25.0000000000
2825 -24.0000000000
2850 -23.0000000000
2933 -22.0000000000
2969 -21.0000000000
3025 -20.0000000000
3037 -19.0000000000
3075 -18.0000000000
3094 -17.0000000000
3129 -16.0000000000
3170 -15.0000000000
3226 -14.0000000000
3235 -13.0000000000
3272 -12.0000000000
3324 -10.0000000000
3411 -9.0000000000
3457 -8.0000000000
3468 -7.0000000000
3587 -6.0000000000
3688 -5.0000000000
3712 -4.0000000000
3874 -3.0000000000
3924 -2.0000000000
3977 -1.0000000000
4060 377.0000000000
4190 386.0000000000
4211 395.0000000000
5932 398.0000000000
5941 400.0000000000
6045 401.0000000000
6060 402.0000000000
6062 407.0000000000
7628 411.0000000000
8109 418.0000000000
10010 418.0000000000
evaluations raw_y
1 -215.0000000000
2 -203.0000000000
3 -201.0000000000
21 -199.0000000000
26 -194.0000000000
43 -193.0000000000
44 -191.0000000000
48 -189.0000000000
61 -186.0000000000
81 -185.0000000000
88 -184.0000000000
89 -182.0000000000
96 -181.0000000000
100 -180.0000000000
109 -179.0000000000
111 -178.0000000000
124 -175.0000000000
139 -174.0000000000
146 -173.0000000000
149 -171.0000000000
188 -170.0000000000
199 -169.0000000000
211 -168.0000000000
214 -167.0000000000
248 -165.0000000000
261 -164.0000000000
264 -163.0000000000
275 -162.0000000000
290 -161.0000000000
296 -160.0000000000
306 -159.0000000000
313 -158.0000000000
322 -157.0000000000
345 -156.0000000000
352 -155.0000000000
369 -154.0000000000
398 -152.0000000000
428 -150.0000000000
459 -149.0000000000
479 -147.0000000000
490 -146.0000000000
499 -144.0000000000
529 -143.0000000000
555 -142.0000000000
558 -141.0000000000
585 -140.0000000000
592 -139.0000000000
596 -138.0000000000
614 -136.0000000000
642 -135.0000000000
655 -134.0000000000
675 -133.0000000000
691 -132.0000000000
703 -130.0000000000
711 -129.0000000000
725 -128.0000000000
737 -127.0000000000
749 -125.0000000000
771 -124.0000000000
807 -123.0000000000
835 -122.0000000000
856 -120.0000000000
864 -119.0000000000
871 -118.0000000000
878 -116.0000000000
892 -115.0000000000
901 -114.0000000000
929 -113.0000000000
941 -112.0000000000
950 -111.0000000000
955 -110.0000000000
970 -109.0000000000
994 -108.0000000000
1011 -107.0000000000
1039 -106.0000000000
1050 -105.0000000000
1080 -104.0000000000
1091 -103.0000000000
1102 -102.0000000000
1108 -101.0000000000
1127 -100.0000000000
1134 -99.0000000000
1135 -98.0000000000
1154 -97.0000000000
1171 -96.0000000000
1174 -94.0000000000
1211 -93.0000000000
1235 -92.0000000000
1249 -91.0000000000
1273 -90.0000000000
1279 -89.0000000000
1289 -88.0000000000
1303 -87.0000000000
1308 -86.0000000000
1327 -85.0000000000
1350 -84.0000000000
1361 -83.0000000000
1377 -82.0000000000
1378 -80.0000000000
1431 -79.0000000000
1468 -78.0000000000
1505 -77.0000000000
1544 -76.0000000000
1576 -75.0000000000
1591 -74.0000000000
1626 -73.0000000000
1630 -72.0000000000
1649 -71.0000000000
1662 -70.0000000000
1692 -69.0000000000
1704 -68.0000000000
1755 -66.0000000000
1794 -65.0000000000
1833 -64.0000000000
1839 -62.0000000000
1877 -61.0000000000
1927 -60.0000000000
1954 -59.0000000000
1976 -58.0000000000
1980 -57.0000000000
1995 -56.0000000000
2055 -55.0000000000
2121 -54.0000000000
2143 -53.0000000000
2162 -52.0000000000
2197 -51.0000000000
2236 -50.0000000000
2251 -49.0000000000
2264 -48.0000000000
2279 -47.0000000000
2294 -46.0000000000
2315 -44.0000000000
2398 -43.0000000000
2431 -42.0000000000
2432 -41.0000000000
2444 -40.0000000000
2482 -39.0000000000
2501 -38.0000000000
2536 -37.0000000000
2549 -36.0000000000
2579 -35.0000000000
2626 -34.0000000000
2639 -33.0000000000
2670 -32.0000000000
2710 -31.0000000000
2755 -30.0000000000
2764 -29.0000000000
2800 -28.0000000000
2813 -27.0000000000
2837 -26.0000000000
3000 -25.0000000000
3069 -24.0000000000
3098 -23.0000000000
3154 -22.0000000000
3187 -21.0000000000
3233 -20.0000000000
3257 -19.0000000000
3321 -17.0000000000
3376 -16.0000000000
3442 -15.0000000000
3443 -14.0000000000
3457 -13.0000000000
3546 -12.0000000000
3555 -11.0000000000
3593 -10.0000000000
3685 -9.0000000000
3727 -8.0000000000
3765 -7.0000000000
3856 -6.0000000000
3894 -5.0000000000
3900 -4.0000000000
4011 -3.0000000000
4040 -2.0000000000
4160 -1.0000000000
4226 374.0000000000
4717 375.0000000000
6100 380.0000000000
6133 381.0000000000
6292 384.0000000000
6412 386.0000000000
6414 397.0000000000
8123 403.0000000000
9509 411.0000000000
9550 413.0000000000
10010 413.0000000000
evaluations raw_y
1 -229.0000000000
2 -212.0000000000
3 -192.0000000000
21 -187.0000000000
45 -182.0000000000
56 -181.0000000000
66 -180.0000000000
79 -176.0000000000
103 -174.0000000000
121 -173.0000000000
124 -171.0000000000
142 -170.0000000000
166 -168.0000000000
181 -167.0000000000
197 -166.0000000000
211 -165.0000000000
237 -164.0000000000
272 -162.0000000000
297 -161.0000000000
307 -160.0000000000
308 -159.0000000000
327 -158.0000000000
330 -157.0000000000
338 -156.0000000000
348 -155.0000000000
365 -154.0000000000
379 -153.0000000000
395 -152.0000000000
410 -151.0000000000
429 -150.0000000000
430 -149.0000000000
456 -147.0000000000
467 -146.0000000000
469 -145.0000000000
491 -144.0000000000
498 -143.0000000000
516 -142.0000000000
517 -141.0000000000
524 -140.0000000000
551 -139.0000000000
558 -138.0000000000
567 -137.0000000000
583 -135.0000000000
616 -134.0000000000
619 -133.0000000000
642 -131.0000000000
662 -130.0000000000
674 -129.0000000000
680 -128.0000000000
688 -127.0000000000
697 -126.0000000000
702 -125.0000000000
723 -124.0000000000
737 -122.0000000000
767 -121.0000000000
783 -120.0000000000
786 -119.0000000000
797 -118.0000000000
818 -117.0000000000
832 -115.0000000000
875 -114.0000000000
898 -113.0000000000
923 -112.0000000000
929 -111.0000000000
934 -109.0000000000
939 -108.0000000000
965 -107.0000000000
970 -106.0000000000
984 -105.0000000000
1004 -104.0000000000
1022 -103.0000000000
1057 -102.0000000000
1058 -101.0000000000
1077 -100.0000000000
1092 -99.0000000000
1126 -98.0000000000
1130 -97.0000000000
1142 -96.0000000000
1143 -95.0000000000
1157 -94.0000000000
1169 -93.0000000000
1193 -91.0000000000
1222 -89.0000000000
1229 -88.0000000000
1259 -87.0000000000
1270 -86.0000000000
1300 -85.0000000000
1316 -83.0000000000
1324 -82.0000000000
1332 -80.0000000000
1354 -79.0000000000
1366 -78.0000000000
1375 -77.0000000000
1443 -76.0000000000
1459 -75.0000000000
1478 -74.0000000000
1498 -73.0000000000
1538 -72.0000000000
1577 -71.0000000000
1589 -70.0000000000
1621 -69.0000000000
1625 -68.0000000000
1660 -67.0000000000
1666 -66.0000000000
1683 -65.0000000000
1702 -64.0000000000
1720 -63.0000000000
1777 -62.0000000000
1812 -61.0000000000
1840 -60.0000000000
1866 -59.0000000000
1898 -58.0000000000
1921 -57.0000000000
1952 -56.0000000000
1961 -55.0000000000
1990 -54.0000000000
2029 -53.0000000000
2056 -52.0000000000
2083 -51.0000000000
2114 -50.0000000000
2146 -49.0000000000
2149 -48.0000000000
2160 -47.0000000000
2194 -46.0000000000
2246 -45.0000000000
2280 -44.0000000000
2295 -43.0000000000
2325 -42.0000000000
2350 -41.0000000000
2395 -39.0000000000
2439 -38.0000000000
2472 -37.0000000000
2504 -36.0000000000
2520 -35.0000000000
2700 -34.0000000000
2751 -33.0000000000
2773 -32.0000000000
2847 -31.0000000000
2865 -30.0000000000
2873 -29.0000000000
2900 -28.0000000000
2906 -27.0000000000
2945 -26.0000000000
2968 -25.0000000000
2990 -24.0000000000
3026 -23.0000000000
3120 -22.0000000000
3225 -21.0000000000
3269 -20.0000000000
3339 -19.0000000000
3399 -18.0000000000
3430 -17.0000000000
3444 -16.0000000000
3476 -15.0000000000
3514 -14.0000000000
3550 -13.0000000000
3641 -12.0000000000
3730 -11.0000000000
3827 -10.0000000000
3891 -9.0000000000
3934 -8.0000000000
3972 -7.0000000000
4002 -5.0000000000
4053 -4.0000000000
4093 -3.0000000000
4117 -2.0000000000
4151 -1.0000000000
4272 380.0000000000
4458 385.0000000000
4544 387.0000000000
4567 395.0000000000
4972 396.0000000000
4980 401.0000000000
5258 402.0000000000
5470 403.0000000000
5967 408.0000000000
6212 409.0000000000
6545 410.0000000000
6894 415.0000000000
10010 -1.0000000000
evaluations raw_y
1 -206.0000000000
3 -189.0000000000
26 -184.0000000000
48 -181.0000000000
60 -174.0000000000
76 -173.0000000000
78 -169.0000000000
90 -167.0000000000
93 -163.0000000000
95 -160.0000000000
109 -159.0000000000
110 -156.0000000000
125 -153.0000000000
136 -152.0000000000
149 -151.0000000000
159 -150.0000000000
176 -149.0000000000
179 -148.0000000000
190 -147.0000000000
191 -146.0000000000
206 -145.0000000000
220 -143.0000000000
234 -142.0000000000
249 -140.0000000000
269 -139.0000000000
278 -138.0000000000
300 -137.0000000000
325 -136.0000000000
355 -135.0000000000
366 -134.0000000000
377 -133.0000000000
380 -132.0000000000
402 -129.0000000000
427 -128.0000000000
430 -127.0000000000
440 -126.0000000000
454 -125.0000000000
463 -123.0000000000
465 -122.0000000000
497 -121.0000000000
502 -120.0000000000
532 -119.0000000000
537 -115.0000000000
565 -114.0000000000
574 -113.0000000000
593 -112.0000000000
608 -111.0000000000
616 -110.0000000000
636 -109.0000000000
640 -108.0000000000
643 -107.0000000000
665 -106.0000000000
681 -105.0000000000
703 -103.0000000000
730 -102.0000000000
737 -101.0000000000
787 -100.0000000000
805 -99.0000000000
819 -98.0000000000
830 -96.0000000000
863 -94.0000000000
903 -93.0000000000
924 -92.0000000000
935 -91.0000000000
950 -90.0000000000
988 -89.0000000000
1002 -88.0000000000
1009 -87.0000000000
1028 -85.0000000000
1039 -84.0000000000
1089 -83.0000000000
1107 -82.0000000000
1135 -81.0000000000
1150 -80.0000000000
1172 -79.0000000000
1214 -77.0000000000
1253 -76.0000000000
1255 -75.0000000000
1277 -74.0000000000
1294 -73.0000000000
1302 -72.0000000000
1308 -71.0000000000
1327 -70.0000000000
1355 -69.0000000000
1362 -68.0000000000
1389 -67.0000000000
1402 -66.0000000000
1406 -65.0000000000
1419 -64.0000000000
1470 -63.0000000000
1524 -62.0000000000
1542 -61.0000000000
1548 -60.0000000000
1568 -58.0000000000
1575 -57.0000000000
1610 -56.0000000000
1628 -55.0000000000
1661 -54.0000000000
1678 -53.0000000000
1700 -52.0000000000
1724 -51.0000000000
1756 -50.0000000000
1778 -49.0000000000
1798 -48.0000000000
1819 -47.0000000000
1851 -46.0000000000
1885 -45.0000000000
1915 -44.0000000000
1931 -43.0000000000
1949 -42.0000000000
1982 -41.0000000000
2039 -39.0000000000
2069 -38.0000000000
2106 -37.0000000000
2121 -36.0000000000
2138 -35.0000000000
2148 -34.0000000000
2176 -33.0000000000
2211 -32.0000000000
2253 -31.0000000000
2265 -30.0000000000
2291 -29.0000000000
2321 -28.0000000000
2344 -27.0000000000
2389 -26.0000000000
2441 -25.0000000000
2512 -24.0000000000
2584 -23.0000000000
2623 -22.0000000000
2815 -21.0000000000
2848 -20.0000000000
2910 -19.0000000000
2985 -18.0000000000
3021 -17.0000000000
3075 -16.0000000000
3114 -15.0000000000
3163 -14.0000000000
3189 -13.0000000000
3233 -12.0000000000
3250 -11.0000000000
3346 -10.0000000000
3408 -9.0000000000
3440 -8.0000000000
3474 -7.0000000000
3498 -6.0000000000
3565 -5.0000000000
3684 -4.0000000000
3776 -3.0000000000
3970 -2.0000000000
3997 -1.0000000000
4023 381.0000000000
4745 391.0000000000
4768 394.0000000000
4991 395.0000000000
6076 396.0000000000
6129 399.0000000000
6389 400.0000000000
6407 403.0000000000
7171 408.0000000000
10010 408.0000000000
evaluations raw_y
1 -227.0000000000
2 -225.0000000000
3 -208.0000000000
13 -207.0000000000
14 -206.0000000000
16 -203.0000000000
19 -199.0000000000
23 -193.0000000000
30 -191.0000000000
41 -188.0000000000
45 -186.0000000000
48 -179.0000000000
65 -174.0000000000
77 -170.0000000000
79 -169.0000000000
81 -168.0000000000
83 -163.0000000000
126 -162.0000000000
133 -161.0000000000
142 -160.0000000000
146 -159.0000000000
154 -158.0000000000
173 -157.0000000000
175 -156.0000000000
188 -154.0000000000
206 -153.0000000000
234 -151.0000000000
269 -150.0000000000
275 -149.0000000000
296 -148.0000000000
302 -147.0000000000
313 -145.0000000000
333 -143.0000000000
353 -142.0000000000
361 -140.0000000000
384 -139.0000000000
392 -138.0000000000
399 -137.0000000000
406 -136.0000000000
419 -135.0000000000
428 -133.0000000000
441 -132.0000000000
466 -131.0000000000
483 -130.0000000000
490 -129.0000000000
506 -128.0000000000
524 -125.0000000000
546 -124.0000000000
555 -122.0000000000
577 -121.0000000000
587 -120.0000000000
605 -119.0000000000
618 -118.0000000000
631 -116.0000000000
665 -115.0000000000
672 -114.0000000000
699 -113.0000000000
707 -112.0000000000
726 -111.0000000000
733 -110.0000000000
742 -109.0000000000
758 -107.0000000000
804 -106.0000000000
841 -105.0000000000
877 -104.0000000000
886 -103.0000000000
891 -102.0000000000
912 -101.0000000000
928 -100.0000000000
936 -99.0000000000
950 -98.0000000000
973 -96.0000000000
992 -95.0000000000
999 -94.0000000000
1014 -93.0000000000
1026 -92.0000000000
1028 -91.0000000000
1054 -90.0000000000
1107 -89.0000000000
1117 -88.0000000000
1148 -87.0000000000
1170 -86.0000000000
1191 -85.0000000000
1193 -83.0000000000
1227 -82.0000000000
1241 -81.0000000000
1254 -80.0000000000
1264 -79.0000000000
1267 -78.0000000000
1300 -77.0000000000
1302 -76.0000000000
1308 -75.0000000000
1336 -74.0000000000
1343 -73.0000000000
1365 -71.0000000000
1384 -70.0000000000
1408 -69.0000000000
1442 -68.0000000000
1464 -67.0000000000
1493 -66.0000000000
1559 -65.0000000000
1589 -64.0000000000
1613 -63.0000000000
1616 -62.0000000000
1632 -61.0000000000
1713 -59.0000000000
1757 -58.0000000000
1793 -57.0000000000
1799 -56.0000000000
1810 -55.0000000000
1872 -54.0000000000
1911 -53.0000000000
1917 -52.0000000000
1944 -51.0000000000
1963 -50.0000000000
1984 -49.0000000000
1999 -48.0000000000
2034 -47.0000000000
2072 -46.0000000000
2074 -45.0000000000
2090 -44.0000000000
2125 -43.0000000000
2152 -42.0000000000
2188 -41.0000000000
2204 -40.0000000000
2229 -39.0000000000
2257 -38.0000000000
2296 -37.0000000000
2327 -36.0000000000
2376 -35.0000000000
2443 -34.0000000000
2494 -33.0000000000
2544 -32.0000000000
2563 -31.0000000000
2573 -30.0000000000
2590 -29.0000000000
2634 -28.0000000000
2744 -27.0000000000
2802 -26.0000000000
2866 -25.0000000000
2879 -24.0000000000
2979 -23.0000000000
3048 -22.0000000000
3092 -21.0000000000
3121 -20.0000000000
3158 -19.0000000000
3202 -18.0000000000
3242 -17.0000000000
3273 -16.0000000000
3317 -15.0000000000
3351 -14.0000000000
3361 -13.0000000000
3419 -12.0000000000
3553 -11.0000000000
3638 -10.0000000000
3676 -9.0000000000
3738 -8.0000000000
3770 -7.0000000000
3867 -6.0000000000
3915 -5.0000000000
3953 -4.0000000000
4045 -3.0000000000
4061 -2.0000000000
4100 -1.0000000000
4263 386.0000000000
4294 400.0000000000
5232 401.0000000000
5260 405.0000000000
5264 412.0000000000
5356 414.0000000000
10010 -1.0000000000
evaluations raw_y
1 -228.0000000000
3 -194.0000000000
19 -193.0000000000
26 -192.0000000000
29 -190.0000000000
34 -189.0000000000
35 -188.0000000000
37 -187.0000000000
40 -185.0000000000
42 -184.0000000000
47 -183.0000000000
49 -182.0000000000
59 -178.0000000000
63 -177.0000000000
67 -174.0000000000
75 -172.0000000000
89 -167.0000000000
124 -165.0000000000
141 -163.0000000000
152 -159.0000000000
172 -158.0000000000
185 -156.0000000000
206 -154.0000000000
221 -153.0000000000
226 -152.0000000000
247 -150.0000000000
269 -149.0000000000
271 -148.0000000000
291 -146.0000000000
307 -145.0000000000
329 -143.0000000000
346 -142.0000000000
360 -141.0000000000
372 -140.0000000000
390 -138.0000000000
407 -137.0000000000
426 -136.0000000000
430 -135.0000000000
440 -133.0000000000
466 -132.0000000000
489 -131.0000000000
513 -130.0000000000
533 -127.0000000000
549 -125.0000000000
586 -124.0000000000
589 -123.0000000000
599 -122.0000000000
603 -120.0000000000
640 -119.0000000000
641 -118.0000000000
657 -116.0000000000
679 -115.0000000000
735 -114.0000000000
740 -113.0000000000
766 -112.0000000000
793 -111.0000000000
809 -110.0000000000
820 -109.0000000000
823 -108.0000000000
846 -107.0000000000
851 -106.0000000000
876 -105.0000000000
905 -102.0000000000
937 -101.0000000000
941 -99.0000000000
959 -98.0000000000
967 -97.0000000000
983 -96.0000000000
1001 -95.0000000000
1008 -94.0000000000
1015 -93.0000000000
1021 -92.0000000000
1032 -90.0000000000
1067 -89.0000000000
1069 -88.0000000000
1078 -87.0000000000
1114 -86.0000000000
1137 -85.0000000000
1154 -84.0000000000
1182 -83.0000000000
1215 -82.0000000000
1216 -81.0000000000
1234 -79.0000000000
1259 -78.0000000000
1288 -77.0000000000
1307 -76.0000000000
1339 -75.0000000000
1344 -74.0000000000
1372 -73.0000000000
1390 -72.0000000000
1405 -71.0000000000
1436 -70.0000000000
1463 -69.0000000000
1472 -68.0000000000
1509 -67.0000000000
1544 -66.0000000000
1559 -65.0000000000
1575 -64.0000000000
1580 -63.0000000000
1634 -62.0000000000
1716 -61.0000000000
1737 -60.0000000000
1758 -59.0000000000
1778 -58.0000000000
1790 -57.0000000000
1831 -56.0000000000
1856 -54.0000000000
1895 -53.0000000000
1914 -52.0000000000
1924 -51.0000000000
1950 -50.0000000000
1956 -49.0000000000
2029 -48.0000000000
2078 -47.0000000000
2110 -46.0000000000
2118 -45.0000000000
2151 -44.0000000000
2232 -43.0000000000
2258 -42.0000000000
2276 -41.0000000000
2313 -40.0000000000
2337 -39.0000000000
2343 -38.0000000000
2375 -37.0000000000
2396 -36.0000000000
2462 -35.0000000000
2507 -34.0000000000
2529 -33.0000000000
2601 -32.0000000000
2630 -31.0000000000
2656 -30.0000000000
2704 -29.0000000000
2788 -28.0000000000
2821 -27.0000000000
2833 -26.0000000000
2876 -25.0000000000
2906 -24.0000000000
2962 -23.0000000000
2972 -22.0000000000
2997 -21.0000000000
3002 -20.0000000000
3062 -19.0000000000
3126 -18.0000000000
3231 -17.0000000000
3259 -16.0000000000
3443 -15.0000000000
3484 -14.0000000000
3575 -13.0000000000
3622 -12.0000000000
3626 -11.0000000000
3656 -9.0000000000
3718 -8.0000000000
3771 -7.0000000000
3804 -6.0000000000
3856 -5.0000000000
3879 -4.0000000000
4052 -3.0000000000
4118 -2.0000000000
4428 -1.0000000000
4471 401.0000000000
5073 402.0000000000
5077 403.0000000000
5106 407.0000000000
5107 410.0000000000
5127 412.0000000000
8102 418.0000000000
9339 420.0000000000
10010 420.0000000000
evaluations raw_y
1 -215.0000000000
2 -206.0000000000
11 -204.0000000000
13 -203.0000000000
23 -189.0000000000
36 -183.0000000000
48 -182.0000000000
50 -181.0000000000
55 -176.0000000000
60 -175.0000000000
69 -172.0000000000
79 -170.0000000000
93 -169.0000000000
98 -165.0000000000
126 -164.0000000000
129 -163.0000000000
136 -162.0000000000
152 -160.0000000000
175 -159.0000000000
194 -158.0000000000
206 -157.0000000000
217 -155.0000000000
236 -154.0000000000
247 -153.0000000000
259 -152.0000000000
270 -151.0000000000
276 -149.0000000000
297 -148.0000000000
309 -147.0000000000
311 -146.0000000000
314 -145.0000000000
347 -144.0000000000
357 -143.0000000000
368 -142.0000000000
387 -141.0000000000
394 -140.0000000000
413 -139.0000000000
460 -138.0000000000
489 -137.0000000000
501 -136.0000000000
507 -135.0000000000
523 -134.0000000000
538 -133.0000000000
555 -132.0000000000
576 -131.0000000000
593 -130.0000000000
612 -129.0000000000
647 -128.0000000000
668 -127.0000000000
680 -126.0000000000
703 -125.0000000000
709 -124.0000000000
733 -123.0000000000
750 -122.0000000000
751 -121.0000000000
779 -120.0000000000
802 -119.0000000000
813 -117.0000000000
828 -116.0000000000
849 -115.0000000000
873 -114.0000000000
887 -113.0000000000
912 -112.0000000000
923 -111.0000000000
926 -109.0000000000
948 -108.0000000000
949 -107.0000000000
967 -106.0000000000
982 -105.0000000000
993 -104.0000000000
1006 -103.0000000000
1011 -102.0000000000
1030 -101.0000000000
1062 -100.0000000000
1079 -99.0000000000
1080 -98.0000000000
1093 -97.0000000000
1098 -96.0000000000
1119 -95.0000000000
1121 -94.0000000000
1130 -92.0000000000
1160 -91.0000000000
1189 -90.0000000000
1200 -89.0000000000
1224 -88.0000000000
1246 -87.0000000000
1264 -86.0000000000
1267 -85.0000000000
1304 -84.0000000000
1317 -83.0000000000
1341 -82.0000000000
1367 -81.0000000000
1369 -80.0000000000
1422 -79.0000000000
1455 -78.0000000000
1464 -77.0000000000
1469 -76.0000000000
1484 -75.0000000000
1508 -74.0000000000
1519 -73.0000000000
1547 -72.0000000000
1571 -71.0000000000
1580 -70.0000000000
1592 -69.0000000000
1609 -68.0000000000
1683 -67.0000000000
1708 -66.0000000000
1731 -65.0000000000
1751 -64.0000000000
1783 -63.0000000000
1798 -62.0000000000
1818 -61.0000000000
1860 -60.0000000000
1891 -59.0000000000
1914 -58.0000000000
1921 -57.0000000000
1933 -55.0000000000
1958 -54.0000000000
1990 -53.0000000000
2000 -52.0000000000
2026 -51.0000000000
2039 -50.0000000000
2062 -49.0000000000
2083 -48.0000000000
2093 -47.0000000000
2118 -45.0000000000
2143 -44.0000000000
2164 -42.0000000000
2204 -41.0000000000
2231 -40.0000000000
2336 -39.0000000000
2414 -38.0000000000
2462 -37.0000000000
2486 -36.0000000000
2516 -35.0000000000
2540 -34.0000000000
2594 -33.0000000000
2604 -32.0000000000
2614 -31.0000000000
2650 -30.0000000000
2715 -29.0000000000
2747 -28.0000000000
2797 -26.0000000000
2831 -25.0000000000
2860 -24.0000000000
2898 -23.0000000000
2930 -22.0000000000
2965 -21.0000000000
3027 -20.0000000000
3055 -19.0000000000
3080 -18.0000000000
3103 -17.0000000000
3115 -16.0000000000
3134 -15.0000000000
3159 -14.0000000000
3178 -13.0000000000
3241 -12.0000000000
3322 -11.0000000000
3336 -10.0000000000
3432 -9.0000000000
3486 -8.0000000000
3540 -7.0000000000
3608 -6.0000000000
3637 -5.0000000000
3702 -4.0000000000
3779 -3.0000000000
3909 -2.0000000000
4047 -1.0000000000
4350 366.0000000000
4895 369.0000000000
5622 377.0000000000
5634 386.0000000000
6049 406.0000000000
8905 410.0000000000
10010 -3.0000000000
evaluations raw_y
1 -219.0000000000
4 -202.0000000000
8 -201.0000000000
22 -198.0000000000
28 -194.0000000000
44 -190.0000000000
45 -189.0000000000
48 -186.0000000000
52 -184.0000000000
53 -181.0000000000
60 -178.0000000000
61 -174.0000000000
78 -173.0000000000
80 -164.0000000000
95 -163.0000000000
100 -162.0000000000
112 -161.0000000000
119 -158.0000000000
135 -156.0000000000
137 -154.0000000000
154 -153.0000000000
156 -152.0000000000
173 -151.0000000000
177 -150.0000000000
178 -149.0000000000
192 -148.0000000000
203 -147.0000000000
210 -146.0000000000
221 -142.0000000000
242 -141.0000000000
250 -139.0000000000
271 -138.0000000000
279 -137.0000000000
298 -136.0000000000
303 -135.0000000000
339 -134.0000000000
350 -133.0000000000
355 -132.0000000000
379 -131.0000000000
384 -130.0000000000
393 -129.0000000000
425 -128.0000000000
428 -127.0000000000
451 -126.0000000000
458 -125.0000000000
463 -124.0000000000
475 -123.0000000000
491 -122.0000000000
522 -121.0000000000
550 -120.0000000000
571 -118.0000000000
583 -116.0000000000
585 -115.0000000000
608 -114.0000000000
633 -113.0000000000
643 -112.0000000000
671 -111.0000000000
692 -110.0000000000
706 -109.0000000000
723 -108.0000000000
728 -107.0000000000
750 -106.0000000000
766 -103.0000000000
789 -102.0000000000
790 -101.0000000000
815 -100.0000000000
862 -99.0000000000
867 -98.0000000000
890 -97.0000000000
914 -96.0000000000
922 -95.0000000000
959 -94.0000000000
975 -93.0000000000
996 -92.0000000000
1008 -91.0000000000
1027 -90.0000000000
1036 -89.0000000000
1041 -88.0000000000
1044 -87.0000000000
1057 -86.0000000000
1079 -84.0000000000
1119 -83.0000000000
1135 -82.0000000000
1165 -80.0000000000
1246 -79.0000000000
1266 -77.0000000000
1291 -76.0000000000
1293 -74.0000000000
1308 -71.0000000000
1356 -70.0000000000
1361 -69.0000000000
1389 -68.0000000000
1400 -67.0000000000
1425 -66.0000000000
1437 -65.0000000000
1445 -64.0000000000
1460 -63.0000000000
1490 -62.0000000000
1499 -61.0000000000
1525 -60.0000000000
1573 -59.0000000000
1669 -58.0000000000
1712 -57.0000000000
1766 -56.0000000000
1783 -55.0000000000
1799 -54.0000000000
1809 -53.0000000000
1842 -51.0000000000
1895 -50.0000000000
1931 -49.0000000000
1933 -48.0000000000
1962 -47.0000000000
1986 -46.0000000000
1988 -45.0000000000
1996 -44.0000000000
2027 -43.0000000000
2043 -42.0000000000
2112 -41.0000000000
2118 -40.0000000000
2146 -39.0000000000
2155 -38.0000000000
2165 -37.0000000000
2185 -36.0000000000
2203 -35.0000000000
2239 -34.0000000000
2292 -33.0000000000
2296 -32.0000000000
2341 -31.0000000000
2404 -30.0000000000
2451 -29.0000000000
2479 -28.0000000000
2487 -27.0000000000
2503 -26.0000000000
2601 -25.0000000000
2632 -24.0000000000
2688 -23.0000000000
2723 -22.0000000000
2736 -21.0000000000
2754 -20.0000000000
2795 -19.0000000000
2849 -18.0000000000
2872 -17.0000000000
2887 -16.0000000000
2923 -15.0000000000
2978 -14.0000000000
3004 -13.0000000000
3040 -12.0000000000
3044 -11.0000000000
3072 -10.0000000000
3085 -9.0000000000
3113 -8.0000000000
3350 -7.0000000000
3411 -6.0000000000
3571 -5.0000000000
3673 -4.0000000000
3779 -3.0000000000
3898 -1.0000000000
4015 381.0000000000
4417 385.0000000000
5064 391.0000000000
8287 401.0000000000
8599 403.0000000000
10010 -5.0000000000
evaluations raw_y
1 -205.0000000000
9 -201.0000000000
15 -197.0000000000
25 -191.0000000000
31 -190.0000000000
36 -189.0000000000
43 -188.0000000000
49 -181.0000000000
68 -177.0000000000
85 -175.0000000000
101 -173.0000000000
105 -171.0000000000
111 -170.0000000000
132 -168.0000000000
147 -166.0000000000
149 -165.0000000000
161 -162.0000000000
169 -161.0000000000
180 -160.0000000000
199 -159.0000000000
214 -158.0000000000
215 -157.0000000000
235 -156.0000000000
258 -154.0000000000
272 -153.0000000000
278 -152.0000000000
305 -151.0000000000
308 -150.0000000000
341 -149.0000000000
357 -148.0000000000
364 -147.0000000000
371 -146.0000000000
383 -143.0000000000
409 -142.0000000000
414 -141.0000000000
429 -140.0000000000
444 -139.0000000000
448 -138.0000000000
453 -137.0000000000
470 -136.0000000000
494 -135.0000000000
542 -134.0000000000
580 -133.0000000000
589 -131.0000000000
610 -130.0000000000
618 -129.0000000000
626 -128.0000000000
642 -127.0000000000
663 -126.0000000000
687 -125.0000000000
732 -124.0000000000
757 -122.0000000000
760 -121.0000000000
778 -120.0000000000
792 -119.0000000000
804 -117.0000000000
817 -116.0000000000
843 -115.0000000000
859 -114.0000000000
877 -113.0000000000
881 -112.0000000000
889 -111.0000000000
917 -109.0000000000
920 -108.0000000000
950 -107.0000000000
964 -106.0000000000
983 -105.0000000000
985 -104.0000000000
996 -103.0000000000
1029 -102.0000000000
1060 -101.0000000000
1062 -100.0000000000
1071 -99.0000000000
1103 -98.0000000000
1107 -97.0000000000
1129 -96.0000000000
1164 -94.0000000000
1175 -93.0000000000
1188 -92.0000000000
1208 -91.0000000000
1216 -90.0000000000
1236 -89.0000000000
1252 -88.0000000000
1291 -87.0000000000
1301 -86.0000000000
1302 -85.0000000000
1323 -84.0000000000
1355 -83.0000000000
1375 -82.0000000000
1380 -81.0000000000
1411 -80.0000000000
1420 -78.0000000000
1453 -76.0000000000
1466 -75.0000000000
1500 -74.0000000000
1502 -73.0000000000
1508 -70.0000000000
1544 -69.0000000000
1555 -68.0000000000
1571 -67.0000000000
1633 -66.0000000000
1634 -65.0000000000
1656 -64.0000000000
1684 -63.0000000000
1721 -62.0000000000
1749 -61.0000000000
1755 -60.0000000000
1788 -59.0000000000
1816 -58.0000000000
1837 -57.0000000000
1842 -56.0000000000
1872 -55.0000000000
1876 -54.0000000000
1900 -53.0000000000
1919 -52.0000000000
1930 -51.0000000000
1941 -50.0000000000
1951 -49.0000000000
1961 -48.0000000000
1979 -47.0000000000
1991 -46.0000000000
2027 -45.0000000000
2051 -44.0000000000
2077 -43.0000000000
2092 -42.0000000000
2097 -41.0000000000
2120 -40.0000000000
2135 -39.0000000000
2190 -38.0000000000
2232 -37.0000000000
2269 -35.0000000000
2286 -34.0000000000
2313 -33.0000000000
2329 -32.0000000000
2364 -31.0000000000
2432 -30.0000000000
2477 -29.0000000000
2487 -28.0000000000
2502 -27.0000000000
2538 -26.0000000000
2552 -25.0000000000
2587 -24.0000000000
2613 -23.0000000000
2644 -22.0000000000
2690 -21.0000000000
2778 -20.0000000000
2846 -19.0000000000
2864 -18.0000000000
3165 -17.0000000000
3286 -16.0000000000
3364 -15.0000000000
3387 -14.0000000000
3402 -13.0000000000
3417 -12.0000000000
3449 -11.0000000000
3494 -10.0000000000
3541 -9.0000000000
3558 -8.0000000000
3606 -7.0000000000
3666 -6.0000000000
3713 -5.0000000000
3734 -4.0000000000
3844 -3.0000000000
3917 -2.0000000000
3953 -1.0000000000
3983 391.0000000000
4565 401.0000000000
5510 405.0000000000
7021 415.0000000000
7209 420.0000000000
8217 422.0000000000
8300 425.0000000000
8416 428.0000000000
10010 -1.0000000000
evaluations raw_y
1 -225.0000000000
2 -223.0000000000
3 -202.0000000000
5 -200.0000000000
15 -199.0000000000
24 -195.0000000000
29 -194.0000000000
43 -191.0000000000
49 -186.0000000000
54 -184.0000000000
66 -180.0000000000
80 -174.0000000000
105 -172.0000000000
108 -171.0000000000
112 -170.0000000000
134 -167.0000000000
145 -166.0000000000
155 -165.0000000000
163 -164.0000000000
181 -163.0000000000
199 -162.0000000000
211 -161.0000000000
218 -159.0000000000
245 -158.0000000000
260 -157.0000000000
279 -156.0000000000
298 -155.0000000000
326 -154.0000000000
341 -153.0000000000
346 -152.0000000000
351 -151.0000000000
357 -150.0000000000
384 -149.0000000000
395 -148.0000000000
415 -147.0000000000
426 -146.0000000000
453 -145.0000000000
456 -144.0000000000
472 -143.0000000000
477 -141.0000000000
493 -140.0000000000
495 -139.0000000000
519 -138.0000000000
521 -137.0000000000
530 -136.0000000000
549 -135.0000000000
579 -134.0000000000
595 -133.0000000000
604 -132.0000000000
617 -131.0000000000
645 -130.0000000000
667 -129.0000000000
705 -128.0000000000
725 -127.0000000000
746 -125.0000000000
780 -124.0000000000
792 -123.0000000000
807 -122.0000000000
820 -120.0000000000
863 -119.0000000000
903 -118.0000000000
915 -117.0000000000
945 -116.0000000000
949 -115.0000000000
954 -114.0000000000
970 -113.0000000000
982 -112.0000000000
995 -111.0000000000
1008 -109.0000000000
1053 -108.0000000000
1078 -107.0000000000
1097 -106.0000000000
1099 -105.0000000000
1114 -104.0000000000
1125 -103.0000000000
1131 -102.0000000000
1156 -101.0000000000
1172 -100.0000000000
1182 -99.0000000000
1223 -98.0000000000
1226 -97.0000000000
1256 -96.0000000000
1268 -95.0000000000
1284 -94.0000000000
1287 -93.0000000000
1291 -92.0000000000
1295 -91.0000000000
1318 -90.0000000000
1336 -89.0000000000
1339 -88.0000000000
1353 -87.0000000000
1371 -86.0000000000
1373 -85.0000000000
1380 -83.0000000000
1416 -82.0000000000
1446 -81.0000000000
1472 -80.0000000000
1484 -79.0000000000
1492 -78.0000000000
1509 -77.0000000000
1535 -76.0000000000
1549 -75.0000000000
1595 -74.0000000000
1613 -73.0000000000
1629 -72.0000000000
1645 -71.0000000000
1681 -70.0000000000
1708 -69.0000000000
1760 -68.0000000000
1782 -66.0000000000
1837 -64.0000000000
1855 -63.0000000000
1874 -62.0000000000
1884 -60.0000000000
1912 -59.0000000000
1942 -57.0000000000
1980 -56.0000000000
2010 -55.0000000000
2022 -53.0000000000
2057 -52.0000000000
2064 -51.0000000000
2087 -50.0000000000
2096 -49.0000000000
2103 -48.0000000000
2131 -47.0000000000
2132 -46.0000000000
2136 -45.0000000000
2188 -44.0000000000
2218 -43.0000000000
2273 -42.0000000000
2285 -41.0000000000
2308 -40.0000000000
2314 -39.0000000000
2324 -38.0000000000
2358 -37.0000000000
2364 -36.0000000000
2465 -35.0000000000
2472 -34.0000000000
2551 -33.0000000000
2602 -32.0000000000
2628 -31.0000000000
2635 -30.0000000000
2683 -29.0000000000
2714 -28.0000000000
2782 -27.0000000000
2788 -26.0000000000
2909 -25.0000000000
2949 -23.0000000000
3003 -22.0000000000
3041 -21.0000000000
3085 -20.0000000000
3122 -19.0000000000
3163 -18.0000000000
3165 -17.0000000000
3211 -16.0000000000
3294 -15.0000000000
3344 -14.0000000000
3387 -13.0000000000
3461 -12.0000000000
3561 -11.0000000000
3609 -10.0000000000
3613 -9.0000000000
3854 -8.0000000000
4066 -7.0000000000
4120 -6.0000000000
4252 -5.0000000000
4524 -4.0000000000
4632 -3.0000000000
4654 -2.0000000000
4703 -1.0000000000
4754 383.0000000000
5059 396.0000000000
5097 399.0000000000
5380 406.0000000000
5787 407.0000000000
5829 409.0000000000
6988 410.0000000000
6993 412.0000000000
8359 414.0000000000
9944 416.0000000000
10010 414.0000000000
evaluations raw_y
1 -197.0000000000
5 -193.0000000000
7 -187.0000000000
29 -178.0000000000
52 -175.0000000000
54 -173.0000000000
56 -165.0000000000
74 -160.0000000000
83 -157.0000000000
97 -153.0000000000
98 -151.0000000000
109 -150.0000000000
114 -148.0000000000
115 -147.0000000000
127 -146.0000000000
130 -145.0000000000
140 -143.0000000000
145 -142.0000000000
178 -141.0000000000
190 -140.0000000000
197 -138.0000000000
222 -137.0000000000
252 -136.0000000000
257 -135.0000000000
272 -132.0000000000
301 -131.0000000000
319 -129.0000000000
337 -128.0000000000
341 -127.0000000000
343 -126.0000000000
367 -125.0000000000
369 -124.0000000000
393 -123.0000000000
418 -122.0000000000
436 -121.0000000000
459 -120.0000000000
488 -119.0000000000
512 -118.0000000000
516 -116.0000000000
528 -115.0000000000
569 -114.0000000000
585 -113.0000000000
600 -112.0000000000
621 -110.0000000000
653 -109.0000000000
691 -108.0000000000
710 -107.0000000000
749 -106.0000000000
772 -105.0000000000
788 -104.0000000000
808 -103.0000000000
837 -102.0000000000
851 -101.0000000000
881 -100.0000000000
890 -99.0000000000
911 -96.0000000000
942 -95.0000000000
978 -94.0000000000
995 -93.0000000000
1031 -92.0000000000
1067 -91.0000000000
1092 -90.0000000000
1100 -89.0000000000
1112 -88.0000000000
1122 -87.0000000000
1126 -85.0000000000
1207 -84.0000000000
1222 -83.0000000000
1227 -82.0000000000
1242 -81.0000000000
1263 -78.0000000000
1295 -76.0000000000
1327 -75.0000000000
1349 -73.0000000000
1375 -72.0000000000
1383 -71.0000000000
1431 -70.0000000000
1432 -69.0000000000
1453 -68.0000000000
1475 -67.0000000000
1486 -66.0000000000
1525 -65.0000000000
1568 -64.0000000000
1594 -63.0000000000
1606 -60.0000000000
1684 -59.0000000000
1733 -58.0000000000
1756 -57.0000000000
1773 -56.0000000000
1808 -55.0000000000
1869 -54.0000000000
1898 -53.0000000000
1950 -52.0000000000
1986 -51.0000000000
2024 -50.0000000000
2041 -49.0000000000
2060 -48.0000000000
2100 -47.0000000000
2126 -46.0000000000
2257 -45.0000000000
2285 -44.0000000000
2319 -43.0000000000
2360 -42.0000000000
2374 -41.0000000000
2428 -40.0000000000
2451 -39.0000000000
2464 -38.0000000000
2477 -37.0000000000
2530 -36.0000000000
2592 -35.0000000000
2613 -34.0000000000
2632 -33.0000000000
2662 -32.0000000000
2695 -31.0000000000
2749 -30.0000000000
2828 -29.0000000000
2944 -28.0000000000
2987 -27.0000000000
2990 -26.0000000000
3058 -25.0000000000
3166 -24.0000000000
3181 -23.0000000000
3228 -22.0000000000
3257 -20.0000000000
3280 -19.0000000000
3322 -18.0000000000
3329 -17.0000000000
3362 -16.0000000000
3413 -15.0000000000
3456 -14.0000000000
3495 -13.0000000000
3543 -12.0000000000
3608 -11.0000000000
3634 -10.0000000000
3644 -9.0000000000
3727 -8.0000000000
3750 -7.0000000000
3760 -6.0000000000
3866 -5.0000000000
3889 -4.0000000000
3893 -3.0000000000
3977 -2.0000000000
3990 -1.0000000000
4054 358.0000000000
4414 369.0000000000
4425 373.0000000000
5752 382.0000000000
6648 392.0000000000
7435 393.0000000000
10010 393.0000000000
evaluations raw_y
1 -222.0000000000
2 -208.0000000000
21 -203.0000000000
31 -202.0000000000
39 -194.0000000000
50 -192.0000000000
63 -190.0000000000
64 -188.0000000000
65 -186.0000000000
69 -185.0000000000
80 -183.0000000000
89 -182.0000000000
91 -180.0000000000
99 -178.0000000000
116 -177.0000000000
137 -174.0000000000
148 -172.0000000000
160 -171.0000000000
165 -169.0000000000
182 -165.0000000000
212 -164.0000000000
233 -163.0000000000
245 -161.0000000000
262 -160.0000000000
283 -159.0000000000
292 -157.0000000000
312 -156.0000000000
328 -155.0000000000
330 -154.0000000000
343 -153.0000000000
356 -152.0000000000
369 -151.0000000000
370 -150.0000000000
381 -149.0000000000
423 -147.0000000000
438 -146.0000000000
452 -145.0000000000
458 -144.0000000000
473 -143.0000000000
481 -142.0000000000
503 -141.0000000000
524 -140.0000000000
535 -139.0000000000
542 -138.0000000000
553 -137.0000000000
566 -136.0000000000
569 -135.0000000000
579 -133.0000000000
603 -132.0000000000
619 -131.0000000000
623 -130.0000000000
637 -129.0000000000
657 -127.0000000000
662 -126.0000000000
677 -125.0000000000
693 -124.0000000000
709 -123.0000000000
726 -122.0000000000
731 -121.0000000000
737 -120.0000000000
772 -119.0000000000
773 -118.0000000000
776 -117.0000000000
810 -116.0000000000
816 -115.0000000000
837 -114.0000000000
856 -113.0000000000
878 -112.0000000000
900 -111.0000000000
935 -110.0000000000
958 -109.0000000000
967 -108.0000000000
991 -107.0000000000
1028 -106.0000000000
1037 -105.0000000000
1048 -104.0000000000
1095 -103.0000000000
1111 -101.0000000000
1127 -100.0000000000
1141 -99.0000000000
1146 -98.0000000000
1170 -97.0000000000
1182 -96.0000000000
1189 -95.0000000000
1214 -94.0000000000
1228 -93.0000000000
1235 -92.0000000000
1261 -90.0000000000
1270 -89.0000000000
1284 -88.0000000000
1294 -87.0000000000
1316 -86.0000000000
1319 -85.0000000000
1323 -84.0000000000
1365 -83.0000000000
1371 -81.0000000000
1402 -80.0000000000
1407 -79.0000000000
1436 -78.0000000000
1464 -77.0000000000
1475 -76.0000000000
1500 -75.0000000000
1530 -74.0000000000
1533 -73.0000000000
1539 -71.0000000000
1576 -70.0000000000
1579 -69.0000000000
1603 -68.0000000000
1606 -67.0000000000
1624 -66.0000000000
1640 -65.0000000000
1670 -64.0000000000
1704 -63.0000000000
1730 -62.0000000000
1742 -61.0000000000
1749 -60.0000000000
1783 -59.0000000000
1797 -58.0000000000
1826 -57.0000000000
1835 -56.0000000000
1851 -55.0000000000
1876 -54.0000000000
1880 -53.0000000000
1922 -52.0000000000
1930 -51.0000000000
1955 -49.0000000000
2013 -48.0000000000
2040 -47.0000000000
2057 -46.0000000000
2079 -45.0000000000
2081 -44.0000000000
2089 -43.0000000000
2130 -42.0000000000
2154 -41.0000000000
2201 -40.0000000000
2227 -39.0000000000
2264 -38.0000000000
2282 -37.0000000000
2346 -36.0000000000
2410 -35.0000000000
2519 -34.0000000000
2541 -33.0000000000
2665 -32.0000000000
2742 -31.0000000000
2759 -30.0000000000
2823 -29.0000000000
2864 -28.0000000000
2940 -27.0000000000
2969 -26.0000000000
2996 -25.0000000000
3010 -24.0000000000
3075 -23.0000000000
3112 -22.0000000000
3144 -21.0000000000
3188 -20.0000000000
3250 -19.0000000000
3305 -18.0000000000
3310 -17.0000000000
3333 -16.0000000000
3362 -15.0000000000
3396 -14.0000000000
3472 -13.0000000000
3500 -12.0000000000
3524 -11.0000000000
3583 -10.0000000000
3726 -9.0000000000
3773 -8.0000000000
3837 -7.0000000000
3978 -6.0000000000
4049 -5.0000000000
4338 -4.0000000000
4466 -3.0000000000
4488 -2.0000000000
4563 -1.0000000000
4594 403.0000000000
4793 410.0000000000
7147 414.0000000000
10010 -1.0000000000
evaluations raw_y
1 -230.0000000000
2 -224.0000000000
3 -202.0000000000
24 -194.0000000000
36 -192.0000000000
46 -189.0000000000
55 -188.0000000000
65 -182.0000000000
80 -180.0000000000
103 -178.0000000000
106 -176.0000000000
109 -175.0000000000
112 -173.0000000000
117 -170.0000000000
128 -169.0000000000
133 -167.0000000000
156 -166.0000000000
166 -165.0000000000
178 -164.0000000000
211 -163.0000000000
225 -162.0000000000
236 -161.0000000000
254 -160.0000000000
272 -159.0000000000
290 -158.0000000000
301 -157.0000000000
313 -155.0000000000
333 -154.0000000000
337 -153.0000000000
362 -151.0000000000
370 -150.0000000000
379 -149.0000000000
384 -148.0000000000
405 -147.0000000000
409 -146.0000000000
433 -145.0000000000
434 -144.0000000000
449 -142.0000000000
462 -141.0000000000
471 -140.0000000000
473 -139.0000000000
485 -138.0000000000
503 -137.0000000000
517 -135.0000000000
525 -134.0000000000
557 -133.0000000000
566 -132.0000000000
578 -131.0000000000
590 -130.0000000000
593 -129.0000000000
615 -128.0000000000
639 -127.0000000000
652 -125.0000000000
683 -124.0000000000
689 -123.0000000000
705 -122.0000000000
712 -121.0000000000
724 -120.0000000000
727 -119.0000000000
744 -118.0000000000
763 -117.0000000000
771 -116.0000000000
773 -115.0000000000
795 -114.0000000000
800 -111.0000000000
809 -110.0000000000
847 -109.0000000000
877 -108.0000000000
907 -107.0000000000
931 -106.0000000000
944 -105.0000000000
952 -104.0000000000
978 -103.0000000000
993 -102.0000000000
1032 -101.0000000000
1049 -100.0000000000
1052 -99.0000000000
1096 -98.0000000000
1110 -97.0000000000
1111 -96.0000000000
1150 -95.0000000000
1156 -94.0000000000
1171 -93.0000000000
1182 -92.0000000000
1197 -90.0000000000
1226 -88.0000000000
1248 -87.0000000000
1261 -86.0000000000
1267 -85.0000000000
1292 -84.0000000000
1300 -83.0000000000
1311 -82.0000000000
1317 -81.0000000000
1330 -80.0000000000
1338 -79.0000000000
1385 -78.0000000000
1407 -77.0000000000
1425 -76.0000000000
1469 -75.0000000000
1515 -74.0000000000
1522 -73.0000000000
1545 -72.0000000000
1547 -71.0000000000
1582 -70.0000000000
1591 -69.0000000000
1641 -68.0000000000
1652 -67.0000000000
1662 -66.0000000000
1676 -64.0000000000
1694 -63.0000000000
1715 -62.0000000000
1718 -61.0000000000
1731 -60.0000000000
1732 -58.0000000000
1759 -57.0000000000
1761 -56.0000000000
1784 -54.0000000000
1822 -52.0000000000
1855 -51.0000000000
1859 -50.0000000000
1864 -49.0000000000
1887 -48.0000000000
1914 -47.0000000000
1952 -46.0000000000
1966 -45.0000000000
2005 -43.0000000000
2028 -42.0000000000
2069 -41.0000000000
2095 -40.0000000000
2119 -39.0000000000
2121 -38.0000000000
2170 -37.0000000000
2254 -36.0000000000
2295 -35.0000000000
2336 -34.0000000000
2363 -33.0000000000
2393 -32.0000000000
2405 -31.0000000000
2453 -30.0000000000
2464 -29.0000000000
2531 -28.0000000000
2542 -27.0000000000
2563 -26.0000000000
2594 -24.0000000000
2700 -23.0000000000
2781 -22.0000000000
2834 -21.0000000000
2879 -20.0000000000
2918 -19.0000000000
2925 -18.0000000000
2975 -17.0000000000
2991 -16.0000000000
3029 -15.0000000000
3043 -14.0000000000
3098 -13.0000000000
3146 -12.0000000000
3181 -11.0000000000
3221 -10.0000000000
3423 -9.0000000000
3424 -8.0000000000
3469 -7.0000000000
3521 -6.0000000000
3805 -5.0000000000
3835 -4.0000000000
3900 -3.0000000000
3964 -2.0000000000
4026 -1.0000000000
4370 362.0000000000
4769 388.0000000000
4826 395.0000000000
5118 399.0000000000
5162 404.0000000000
5645 405.0000000000
5694 407.0000000000
8357 411.0000000000
8709 413.0000000000
10010 -1.0000000000
evaluations raw_y
1 -235.0000000000
2 -213.0000000000
6 -208.0000000000
11 -207.0000000000
24 -206.0000000000
34 -203.0000000000
36 -200.0000000000
40 -198.0000000000
44 -195.0000000000
46 -187.0000000000
72 -185.0000000000
89 -184.0000000000
92 -183.0000000000
103 -182.0000000000
114 -174.0000000000
136 -172.0000000000
138 -171.0000000000
155 -170.0000000000
160 -169.0000000000
164 -168.0000000000
192 -167.0000000000
204 -166.0000000000
223 -165.0000000000
232 -164.0000000000
237 -163.0000000000
244 -162.0000000000
262 -161.0000000000
263 -160.0000000000
272 -159.0000000000
273 -158.0000000000
294 -157.0000000000
303 -156.0000000000
307 -155.0000000000
319 -154.0000000000
326 -153.0000000000
343 -152.0000000000
355 -151.0000000000
393 -150.0000000000
410 -149.0000000000
421 -148.0000000000
436 -147.0000000000
443 -146.0000000000
456 -145.0000000000
476 -144.0000000000
478 -143.0000000000
495 -142.0000000000
505 -141.0000000000
517 -140.0000000000
521 -139.0000000000
530 -138.0000000000
543 -137.0000000000
576 -136.0000000000
582 -134.0000000000
594 -133.0000000000
595 -132.0000000000
601 -131.0000000000
625 -130.0000000000
627 -128.0000000000
629 -126.0000000000
662 -125.0000000000
673 -124.0000000000
701 -123.0000000000
722 -122.0000000000
732 -121.0000000000
759 -120.0000000000
783 -119.0000000000
791 -118.0000000000
831 -117.0000000000
832 -116.0000000000
860 -115.0000000000
868 -114.0000000000
881 -113.0000000000
913 -112.0000000000
922 -111.0000000000
948 -110.0000000000
949 -109.0000000000
964 -107.0000000000
1003 -106.0000000000
1009 -105.0000000000
1023 -104.0000000000
1042 -103.0000000000
1055 -102.0000000000
1077 -101.0000000000
1099 -99.0000000000
1113 -98.0000000000
1133 -97.0000000000
1154 -95.0000000000
1206 -94.0000000000
1229 -93.0000000000
1249 -92.0000000000
1262 -91.0000000000
1266 -89.0000000000
1295 -88.0000000000
1309 -87.0000000000
1336 -86.0000000000
1353 -85.0000000000
1363 -84.0000000000
1377 -82.0000000000
1418 -81.0000000000
1423 -80.0000000000
1473 -79.0000000000
1485 -78.0000000000
1511 -77.0000000000
1522 -76.0000000000
1555 -75.0000000000
1584 -74.0000000000
1620 -73.0000000000
1635 -72.0000000000
1663 -71.0000000000
1674 -70.0000000000
1686 -69.0000000000
1700 -68.0000000000
1706 -67.0000000000
1719 -66.0000000000
1731 -65.0000000000
1744 -64.0000000000
1773 -62.0000000000
1776 -61.0000000000
1835 -60.0000000000
1864 -59.0000000000
1887 -58.0000000000
1897 -57.0000000000
1919 -56.0000000000
1937 -55.0000000000
1951 -54.0000000000
1963 -53.0000000000
2005 -52.0000000000
2036 -51.0000000000
2044 -50.0000000000
2065 -49.0000000000
2105 -48.0000000000
2116 -47.0000000000
2152 -46.0000000000
2183 -45.0000000000
2191 -44.0000000000
2241 -43.0000000000
2288 -42.0000000000
2314 -41.0000000000
2345 -40.0000000000
2351 -39.0000000000
2387 -38.0000000000
2400 -37.0000000000
2491 -36.0000000000
2518 -35.0000000000
2537 -34.0000000000
2571 -33.0000000000
2648 -32.0000000000
2672 -31.0000000000
2716 -30.0000000000
2726 -29.0000000000
2828 -28.0000000000
2882 -27.0000000000
2935 -26.0000000000
3031 -25.0000000000
3055 -24.0000000000
3082 -23.0000000000
3142 -22.0000000000
3172 -21.0000000000
3203 -20.0000000000
3213 -18.0000000000
3262 -17.0000000000
3363 -16.0000000000
3449 -15.0000000000
3466 -14.0000000000
3521 -13.0000000000
3553 -12.0000000000
3644 -11.0000000000
3692 -10.0000000000
3761 -9.0000000000
3916 -8.0000000000
3925 -7.0000000000
4110 -6.0000000000
4178 -5.0000000000
4249 -4.0000000000
4480 -3.0000000000
4613 -2.0000000000
4728 -1.0000000000
4820 386.0000000000
4918 387.0000000000
5019 390.0000000000
5021 391.0000000000
5035 402.0000000000
5323 406.0000000000
10010 406.0000000000
evaluations raw_y
1 -220.0000000000
3 -212.0000000000
6 -210.0000000000
15 -208.0000000000
18 -195.0000000000
49 -191.0000000000
61 -188.0000000000
65 -181.0000000000
68 -179.0000000000
81 -178.0000000000
88 -176.0000000000
97 -173.0000000000
115 -172.0000000000
129 -171.0000000000
135 -169.0000000000
139 -168.0000000000
152 -165.0000000000
164 -162.0000000000
176 -161.0000000000
183 -160.0000000000
195 -159.0000000000
199 -158.0000000000
204 -157.0000000000
209 -156.0000000000
215 -155.0000000000
230 -154.0000000000
257 -153.0000000000
281 -152.0000000000
283 -151.0000000000
289 -149.0000000000
303 -148.0000000000
312 -147.0000000000
321 -146.0000000000
358 -145.0000000000
372 -144.0000000000
377 -143.0000000000
402 -142.0000000000
410 -141.0000000000
439 -140.0000000000
441 -138.0000000000
477 -137.0000000000
482 -135.0000000000
499 -134.0000000000
503 -133.0000000000
518 -132.0000000000
539 -131.0000000000
549 -130.0000000000
558 -127.0000000000
588 -126.0000000000
600 -125.0000000000
619 -124.0000000000
620 -122.0000000000
663 -121.0000000000
670 -120.0000000000
698 -118.0000000000
753 -117.0000000000
768 -114.0000000000
800 -113.0000000000
814 -112.0000000000
833 -111.0000000000
851 -110.0000000000
869 -108.0000000000
889 -107.0000000000
904 -106.0000000000
909 -105.0000000000
919 -103.0000000000
938 -102.0000000000
951 -100.0000000000
956 -99.0000000000
985 -98.0000000000
1006 -97.0000000000
1016 -96.0000000000
1043 -95.0000000000
1060 -94.0000000000
1067 -93.0000000000
1085 -92.0000000000
1086 -91.0000000000
1106 -90.0000000000
1127 -89.0000000000
1156 -88.0000000000
1168 -87.0000000000
1205 -86.0000000000
1207 -85.0000000000
1222 -84.0000000000
1248 -83.0000000000
1289 -82.0000000000
1325 -81.0000000000
1340 -80.0000000000
1341 -78.0000000000
1388 -77.0000000000
1408 -76.0000000000
1414 -75.0000000000
1434 -74.0000000000
1456 -72.0000000000
1469 -71.0000000000
1497 -70.0000000000
1522 -69.0000000000
1537 -68.0000000000
1566 -67.0000000000
1581 -66.0000000000
1591 -65.0000000000
1629 -64.0000000000
1640 -63.0000000000
1658 -62.0000000000
1672 -61.0000000000
1701 -60.0000000000
1723 -59.0000000000
1739 -58.0000000000
1781 -57.0000000000
1803 -56.0000000000
1844 -55.0000000000
1864 -54.0000000000
1907 -53.0000000000
1928 -52.0000000000
1991 -51.0000000000
2018 -50.0000000000
2034 -49.0000000000
2071 -48.0000000000
2149 -47.0000000000
2173 -46.0000000000
2191 -45.0000000000
2204 -44.0000000000
2214 -43.0000000000
2267 -42.0000000000
2273 -41.0000000000
2275 -40.0000000000
2287 -39.0000000000
2294 -38.0000000000
2323 -37.0000000000
2358 -36.0000000000
2364 -35.0000000000
2443 -34.0000000000
2464 -33.0000000000
2479 -32.0000000000
2499 -31.0000000000
2547 -30.0000000000
2565 -29.0000000000
2582 -28.0000000000
2628 -27.0000000000
2648 -26.0000000000
2679 -25.0000000000
2706 -24.0000000000
2742 -23.0000000000
2777 -21.0000000000
2834 -20.0000000000
2876 -19.0000000000
2882 -18.0000000000
2983 -17.0000000000
3026 -16.0000000000
3107 -15.0000000000
3151 -14.0000000000
3232 -13.0000000000
3262 -11.0000000000
3299 -10.0000000000
3337 -9.0000000000
3425 -8.0000000000
3458 -7.0000000000
3485 -6.0000000000
3522 -5.0000000000
3620 -4.0000000000
3677 -3.0000000000
3860 -2.0000000000
4013 -1.0000000000
4223 377.0000000000
5343 382.0000000000
5780 387.0000000000
5806 392.0000000000
5819 395.0000000000
6008 401.0000000000
6113 406.0000000000
6333 407.0000000000
9988 410.0000000000
10010 407.0000000000
evaluations raw_y
1 -211.0000000000
7 -202.0000000000
9 -195.0000000000
11 -193.0000000000
25 -188.0000000000
37 -186.0000000000
40 -184.0000000000
44 -183.0000000000
47 -180.0000000000
60 -179.0000000000
62 -177.0000000000
69 -170.0000000000
93 -164.0000000000
102 -163.0000000000
116 -162.0000000000
119 -161.0000000000
135 -160.0000000000
151 -159.0000000000
156 -157.0000000000
162 -156.0000000000
171 -155.0000000000
175 -154.0000000000
184 -153.0000000000
194 -152.0000000000
235 -150.0000000000
246 -149.0000000000
272 -147.0000000000
288 -145.0000000000
295 -144.0000000000
304 -143.0000000000
338 -142.0000000000
364 -141.0000000000
378 -140.0000000000
380 -139.0000000000
401 -138.0000000000
417 -137.0000000000
431 -135.0000000000
463 -134.0000000000
477 -133.0000000000
492 -131.0000000000
513 -129.0000000000
560 -128.0000000000
566 -127.0000000000
571 -126.0000000000
588 -125.0000000000
597 -124.0000000000
598 -123.0000000000
610 -122.0000000000
637 -121.0000000000
652 -119.0000000000
688 -118.0000000000
693 -117.0000000000
707 -116.0000000000
720 -115.0000000000
731 -114.0000000000
768 -113.0000000000
780 -111.0000000000
812 -110.0000000000
826 -109.0000000000
853 -108.0000000000
869 -107.0000000000
881 -106.0000000000
887 -104.0000000000
895 -103.0000000000
916 -102.0000000000
925 -101.0000000000
954 -100.0000000000
955 -98.0000000000
979 -97.0000000000
995 -96.0000000000
1015 -95.0000000000
1025 -94.0000000000
1051 -93.0000000000
1054 -92.0000000000
1077 -91.0000000000
1113 -90.0000000000
1126 -89.0000000000
1180 -88.0000000000
1189 -87.0000000000
1190 -85.0000000000
1213 -83.0000000000
1214 -82.0000000000
1258 -81.0000000000
1261 -80.0000000000
1304 -79.0000000000
1339 -78.0000000000
1373 -77.0000000000
1397 -76.0000000000
1420 -75.0000000000
1430 -74.0000000000
1458 -73.0000000000
1494 -72.0000000000
1497 -71.0000000000
1524 -70.0000000000
1557 -69.0000000000
1570 -68.0000000000
1595 -67.0000000000
1604 -66.0000000000
1637 -65.0000000000
1650 -64.0000000000
1672 -63.0000000000
1709 -62.0000000000
1724 -60.0000000000
1755 -59.0000000000
1779 -57.0000000000
1802 -56.0000000000
1807 -55.0000000000
1843 -54.0000000000
1849 -53.0000000000
1870 -52.0000000000
1885 -51.0000000000
1902 -50.0000000000
1924 -49.0000000000
1944 -48.0000000000
1955 -47.0000000000
1975 -46.0000000000
2004 -45.0000000000
2015 -44.0000000000
2063 -43.0000000000
2081 -42.0000000000
2124 -40.0000000000
2136 -39.0000000000
2261 -38.0000000000
2276 -37.0000000000
2316 -36.0000000000
2339 -35.0000000000
2368 -34.0000000000
2369 -33.0000000000
2430 -32.0000000000
2489 -31.0000000000
2505 -30.0000000000
2518 -29.0000000000
2519 -28.0000000000
2567 -27.0000000000
2601 -26.0000000000
2687 -25.0000000000
2692 -24.0000000000
2729 -23.0000000000
2752 -22.0000000000
2815 -21.0000000000
2842 -20.0000000000
2911 -19.0000000000
2944 -18.0000000000
2977 -17.0000000000
3130 -16.0000000000
3230 -15.0000000000
3238 -14.0000000000
3260 -13.0000000000
3277 -12.0000000000
3299 -11.0000000000
3339 -10.0000000000
3375 -9.0000000000
3402 -8.0000000000
3444 -7.0000000000
3471 -6.0000000000
3507 -5.0000000000
3560 -4.0000000000
3737 -3.0000000000
4083 -2.0000000000
4244 -1.0000000000
4350 378.0000000000
4374 388.0000000000
4444 393.0000000000
5888 397.0000000000
5942 398.0000000000
5962 399.0000000000
7705 401.0000000000
9388 408.0000000000
10010 408.0000000000
evaluations raw_y
1 -223.0000000000
2 -207.0000000000
9 -197.0000000000
24 -192.0000000000
36 -183.0000000000
67 -181.0000000000
75 -180.0000000000
77 -178.0000000000
82 -175.0000000000
112 -174.0000000000
118 -172.0000000000
130 -170.0000000000
147 -169.0000000000
151 -168.0000000000
158 -166.0000000000
167 -165.0000000000
189 -164.0000000000
205 -163.0000000000
221 -162.0000000000
230 -161.0000000000
232 -159.0000000000
249 -158.0000000000
274 -154.0000000000
293 -153.0000000000
301 -152.0000000000
308 -150.0000000000
324 -149.0000000000
348 -148.0000000000
350 -147.0000000000
367 -145.0000000000
371 -144.0000000000
377 -143.0000000000
396 -140.0000000000
420 -138.0000000000
437 -137.0000000000
443 -136.0000000000
454 -135.0000000000
470 -134.0000000000
471 -132.0000000000
484 -131.0000000000
506 -130.0000000000
508 -129.0000000000
519 -127.0000000000
532 -126.0000000000
549 -125.0000000000
580 -123.0000000000
593 -122.0000000000
597 -121.0000000000
610 -119.0000000000
626 -118.0000000000
676 -117.0000000000
695 -116.0000000000
697 -115.0000000000
718 -114.0000000000
724 -113.0000000000
746 -112.0000000000
751 -111.0000000000
777 -110.0000000000
795 -109.0000000000
806 -108.0000000000
819 -107.0000000000
827 -106.0000000000
829 -105.0000000000
847 -102.0000000000
866 -101.0000000000
880 -99.0000000000
899 -98.0000000000
914 -97.0000000000
919 -96.0000000000
944 -95.0000000000
951 -94.0000000000
964 -93.0000000000
974 -92.0000000000
1004 -91.0000000000
1031 -88.0000000000
1052 -87.0000000000
1068 -85.0000000000
1118 -84.0000000000
1133 -83.0000000000
1139 -82.0000000000
1164 -81.0000000000
1173 -80.0000000000
1182 -79.0000000000
1192 -78.0000000000
1212 -77.0000000000
1222 -76.0000000000
1270 -75.0000000000
1312 -74.0000000000
1349 -73.0000000000
1358 -72.0000000000
1370 -71.0000000000
1395 -70.0000000000
1428 -69.0000000000
1438 -68.0000000000
1460 -67.0000000000
1474 -66.0000000000
1512 -65.0000000000
1540 -64.0000000000
1560 -63.0000000000
1603 -62.0000000000
1618 -61.0000000000
1667 -60.0000000000
1674 -59.0000000000
1702 -57.0000000000
1738 -56.0000000000
1761 -55.0000000000
1772 -54.0000000000
1798 -52.0000000000
1842 -51.0000000000
1870 -49.0000000000
1876 -48.0000000000
1877 -47.0000000000
1904 -46.0000000000
1909 -45.0000000000
1941 -44.0000000000
1958 -43.0000000000
1982 -42.0000000000
2007 -41.0000000000
2027 -40.0000000000
2031 -39.0000000000
2055 -38.0000000000
2068 -37.0000000000
2095 -36.0000000000
2119 -35.0000000000
2158 -34.0000000000
2237 -32.0000000000
2254 -31.0000000000
2259 -30.0000000000
2266 -29.0000000000
2306 -28.0000000000
2333 -27.0000000000
2335 -26.0000000000
2377 -25.0000000000
2400 -24.0000000000
2434 -23.0000000000
2450 -22.0000000000
2495 -21.0000000000
2534 -20.0000000000
2550 -19.0000000000
2571 -18.0000000000
2605 -17.0000000000
2612 -16.0000000000
2639 -15.0000000000
2677 -14.0000000000
2721 -13.0000000000
2740 -12.0000000000
2949 -11.0000000000
2970 -10.0000000000
3086 -9.0000000000
3243 -8.0000000000
3535 -7.0000000000
3553 -6.0000000000
3628 -5.0000000000
3654 -4.0000000000
3703 -3.0000000000
3750 -2.0000000000
3788 -1.0000000000
3963 381.0000000000
4013 388.0000000000
5367 397.0000000000
6684 398.0000000000
7526 404.0000000000
10010 404.0000000000
evaluations raw_y
1 -211.0000000000
4 -196.0000000000
28 -190.0000000000
52 -187.0000000000
58 -185.0000000000
71 -184.0000000000
83 -182.0000000000
88 -181.0000000000
104 -179.0000000000
106 -178.0000000000
126 -177.0000000000
139 -176.0000000000
146 -174.0000000000
157 -173.0000000000
164 -172.0000000000
173 -171.0000000000
191 -170.0000000000
204 -169.0000000000
211 -168.0000000000
221 -167.0000000000
255 -166.0000000000
263 -165.0000000000
277 -164.0000000000
282 -163.0000000000
306 -162.0000000000
326 -160.0000000000
349 -159.0000000000
365 -158.0000000000
367 -157.0000000000
385 -156.0000000000
402 -155.0000000000
413 -154.0000000000
421 -153.0000000000
423 -151.0000000000
435 -150.0000000000
454 -149.0000000000
477 -148.0000000000
496 -147.0000000000
517 -144.0000000000
537 -143.0000000000
565 -142.0000000000
566 -141.0000000000
582 -140.0000000000
592 -139.0000000000
598 -138.0000000000
605 -137.0000000000
625 -136.0000000000
630 -135.0000000000
648 -134.0000000000
663 -133.0000000000
683 -132.0000000000
699 -131.0000000000
703 -130.0000000000
741 -129.0000000000
800 -128.0000000000
808 -127.0000000000
810 -126.0000000000
821 -125.0000000000
856 -123.0000000000
866 -122.0000000000
888 -121.0000000000
900 -120.0000000000
941 -119.0000000000
946 -118.0000000000
962 -117.0000000000
982 -116.0000000000
997 -115.0000000000
1010 -114.0000000000
1030 -113.0000000000
1050 -112.0000000000
1078 -111.0000000000
1095 -110.0000000000
1113 -108.0000000000
1127 -107.0000000000
1131 -106.0000000000
1141 -104.0000000000
1155 -103.0000000000
1162 -101.0000000000
1214 -99.0000000000
1277 -97.0000000000
1296 -96.0000000000
1305 -95.0000000000
1308 -94.0000000000
1340 -93.0000000000
1351 -92.0000000000
1364 -91.0000000000
1374 -90.0000000000
1424 -89.0000000000
1443 -88.0000000000
1467 -87.0000000000
1492 -86.0000000000
1498 -85.0000000000
1546 -84.0000000000
1575 -83.0000000000
1608 -82.0000000000
1620 -81.0000000000
1632 -80.0000000000
1648 -79.0000000000
1651 -78.0000000000
1697 -77.0000000000
1720 -76.0000000000
1749 -75.0000000000
1750 -74.0000000000
1769 -73.0000000000
1793 -72.0000000000
1818 -70.0000000000
1837 -69.0000000000
1860 -68.0000000000
1868 -67.0000000000
1903 -66.0000000000
1919 -65.0000000000
1928 -64.0000000000
1930 -63.0000000000
1957 -62.0000000000
1967 -61.0000000000
1977 -60.0000000000
1987 -59.0000000000
1990 -58.0000000000
1992 -57.0000000000
2033 -55.0000000000
2060 -54.0000000000
2097 -53.0000000000
2110 -52.0000000000
2124 -51.0000000000
2159 -50.0000000000
2165 -49.0000000000
2193 -48.0000000000
2220 -47.0000000000
2274 -46.0000000000
2299 -45.0000000000
2312 -44.0000000000
2347 -43.0000000000
2385 -42.0000000000
2410 -41.0000000000
2446 -40.0000000000
2475 -39.0000000000
2517 -38.0000000000
2537 -37.0000000000
2583 -36.0000000000
2621 -35.0000000000
2646 -34.0000000000
2665 -33.0000000000
2690 -32.0000000000
2726 -31.0000000000
2744 -30.0000000000
2829 -29.0000000000
2865 -27.0000000000
2911 -24.0000000000
2972 -23.0000000000
2995 -22.0000000000
3070 -21.0000000000
3095 -20.0000000000
3366 -19.0000000000
3381 -18.0000000000
3409 -17.0000000000
3431 -16.0000000000
3462 -15.0000000000
3485 -14.0000000000
3526 -13.0000000000
3560 -12.0000000000
3705 -10.0000000000
3784 -9.0000000000
3836 -8.0000000000
4228 -7.0000000000
4251 -6.0000000000
4384 -5.0000000000
4436 -4.0000000000
4496 -3.0000000000
4513 -2.0000000000
4531 -1.0000000000
4830 375.0000000000
4836 376.0000000000
5693 380.0000000000
6249 386.0000000000
6281 403.0000000000
6772 406.0000000000
6813 407.0000000000
7954 415.0000000000
10010 415.0000000000
evaluations raw_y
1 -228.0000000000
2 -208.0000000000
4 -207.0000000000
16 -198.0000000000
19 -191.0000000000
39 -182.0000000000
51 -179.0000000000
58 -176.0000000000
62 -169.0000000000
78 -167.0000000000
87 -166.0000000000
91 -162.0000000000
111 -160.0000000000
126 -159.0000000000
130 -157.0000000000
142 -155.0000000000
177 -154.0000000000
187 -153.0000000000
192 -152.0000000000
208 -150.0000000000
226 -149.0000000000
230 -148.0000000000
242 -147.0000000000
243 -146.0000000000
248 -145.0000000000
265 -144.0000000000
280 -143.0000000000
297 -142.0000000000
307 -140.0000000000
334 -139.0000000000
347 -138.0000000000
353 -137.0000000000
357 -134.0000000000
383 -133.0000000000
388 -132.0000000000
400 -131.0000000000
412 -130.0000000000
417 -129.0000000000
435 -128.0000000000
449 -127.0000000000
462 -125.0000000000
471 -123.0000000000
509 -122.0000000000
510 -121.0000000000
535 -119.0000000000
546 -118.0000000000
567 -117.0000000000
587 -116.0000000000
599 -115.0000000000
611 -114.0000000000
616 -113.0000000000
654 -112.0000000000
690 -111.0000000000
697 -110.0000000000
707 -109.0000000000
745 -108.0000000000
749 -107.0000000000
767 -105.0000000000
769 -104.0000000000
782 -103.0000000000
784 -102.0000000000
816 -101.0000000000
822 -100.0000000000
830 -99.0000000000
851 -98.0000000000
857 -96.0000000000
879 -95.0000000000
903 -94.0000000000
914 -93.0000000000
942 -91.0000000000
969 -90.0000000000
996 -89.0000000000
1007 -88.0000000000
1012 -87.0000000000
1037 -86.0000000000
1038 -85.0000000000
1060 -84.0000000000
1072 -83.0000000000
1077 -82.0000000000
1095 -80.0000000000
1109 -79.0000000000
1132 -78.0000000000
1147 -77.0000000000
1156 -76.0000000000
1172 -75.0000000000
1208 -74.0000000000
1231 -73.0000000000
1268 -72.0000000000
1332 -71.0000000000
1347 -69.0000000000
1406 -68.0000000000
1424 -67.0000000000
1441 -66.0000000000
1485 -65.0000000000
1487 -64.0000000000
1530 -63.0000000000
1572 -62.0000000000
1609 -61.0000000000
1629 -60.0000000000
1660 -59.0000000000
1678 -58.0000000000
1698 -57.0000000000
1719 -56.0000000000
1740 -55.0000000000
1760 -54.0000000000
1780 -53.0000000000
1810 -52.0000000000
1816 -51.0000000000
1834 -50.0000000000
1848 -49.0000000000
1888 -48.0000000000
1895 -47.0000000000
2005 -46.0000000000
2026 -45.0000000000
2044 -44.0000000000
2055 -43.0000000000
2095 -41.0000000000
2106 -40.0000000000
2128 -39.0000000000
2145 -38.0000000000
2165 -37.0000000000
2167 -36.0000000000
2207 -35.0000000000
2229 -34.0000000000
2250 -33.0000000000
2289 -32.0000000000
2310 -31.0000000000
2334 -30.0000000000
2417 -29.0000000000
2439 -28.0000000000
2457 -27.0000000000
2511 -25.0000000000
2574 -24.0000000000
2600 -22.0000000000
2616 -21.0000000000
2667 -20.0000000000
2691 -19.0000000000
2730 -18.0000000000
2749 -17.0000000000
2814 -16.0000000000
2859 -15.0000000000
2893 -14.0000000000
2965 -13.0000000000
3036 -12.0000000000
3190 -11.0000000000
3274 -10.0000000000
3349 -9.0000000000
3365 -8.0000000000
3372 -7.0000000000
3480 -6.0000000000
3636 -5.0000000000
3683 -4.0000000000
3744 -3.0000000000
3842 -2.0000000000
3880 -1.0000000000
4302 387.0000000000
4866 394.0000000000
5029 395.0000000000
5051 396.0000000000
5074 400.0000000000
5320 404.0000000000
5638 406.0000000000
5647 411.0000000000
10010 411.0000000000
evaluations raw_y
1 -229.0000000000
2 -202.0000000000
7 -200.0000000000
17 -195.0000000000
25 -188.0000000000
30 -186.0000000000
38 -181.0000000000
41 -177.0000000000
61 -174.0000000000
74 -173.0000000000
81 -172.0000000000
97 -170.0000000000
102 -168.0000000000
115 -167.0000000000
116 -166.0000000000
126 -165.0000000000
136 -164.0000000000
143 -163.0000000000
148 -160.0000000000
183 -159.0000000000
198 -157.0000000000
213 -154.0000000000
241 -153.0000000000
257 -152.0000000000
280 -150.0000000000
315 -148.0000000000
330 -147.0000000000
345 -145.0000000000
353 -144.0000000000
365 -143.0000000000
380 -142.0000000000
400 -141.0000000000
410 -140.0000000000
428 -139.0000000000
442 -137.0000000000
465 -136.0000000000
483 -135.0000000000
492 -134.0000000000
496 -133.0000000000
517 -132.0000000000
528 -131.0000000000
540 -130.0000000000
561 -129.0000000000
566 -128.0000000000
571 -127.0000000000
584 -126.0000000000
603 -124.0000000000
620 -122.0000000000
647 -121.0000000000
648 -120.0000000000
664 -119.0000000000
684 -118.0000000000
698 -117.0000000000
710 -116.0000000000
719 -114.0000000000
734 -113.0000000000
750 -111.0000000000
762 -110.0000000000
786 -109.0000000000
807 -108.0000000000
825 -106.0000000000
866 -105.0000000000
871 -104.0000000000
881 -103.0000000000
919 -102.0000000000
930 -101.0000000000
933 -100.0000000000
972 -99.0000000000
992 -98.0000000000
1001 -97.0000000000
1014 -96.0000000000
1030 -95.0000000000
1040 -94.0000000000
1060 -93.0000000000
1082 -90.0000000000
1097 -89.0000000000
1116 -88.0000000000
1142 -87.0000000000
1152 -84.0000000000
1184 -83.0000000000
1200 -82.0000000000
1218 -81.0000000000
1253 -80.0000000000
1267 -79.0000000000
1306 -78.0000000000
1368 -77.0000000000
1412 -76.0000000000
1440 -75.0000000000
1468 -73.0000000000
1493 -72.0000000000
1498 -71.0000000000
1506 -70.0000000000
1509 -69.0000000000
1518 -68.0000000000
1542 -67.0000000000
1557 -66.0000000000
1580 -65.0000000000
1590 -64.0000000000
1615 -63.0000000000
1648 -61.0000000000
1684 -60.0000000000
1714 -59.0000000000
1760 -58.0000000000
1784 -57.0000000000
1788 -56.0000000000
1794 -55.0000000000
1816 -54.0000000000
1832 -53.0000000000
1851 -52.0000000000
1871 -51.0000000000
1887 -50.0000000000
1891 -49.0000000000
1892 -48.0000000000
1929 -47.0000000000
1953 -46.0000000000
2000 -45.0000000000
2025 -44.0000000000
2047 -43.0000000000
2062 -42.0000000000
2104 -41.0000000000
2111 -40.0000000000
2134 -39.0000000000
2158 -38.0000000000
2192 -37.0000000000
2220 -36.0000000000
2285 -35.0000000000
2317 -34.0000000000
2351 -33.0000000000
2361 -32.0000000000
2372 -31.0000000000
2403 -30.0000000000
2452 -29.0000000000
2502 -28.0000000000
2600 -27.0000000000
2633 -26.0000000000
2684 -25.0000000000
2696 -23.0000000000
2764 -22.0000000000
2815 -20.0000000000
2926 -19.0000000000
3053 -18.0000000000
3244 -17.0000000000
3318 -16.0000000000
3362 -15.0000000000
3386 -14.0000000000
3390 -13.0000000000
3428 -12.0000000000
3452 -11.0000000000
3488 -10.0000000000
3697 -9.0000000000
3789 -8.0000000000
3827 -7.0000000000
3881 -6.0000000000
3906 -5.0000000000
3965 -4.0000000000
4164 -3.0000000000
4371 -2.0000000000
4859 -1.0000000000
4940 394.0000000000
4945 404.0000000000
8503 408.0000000000
10010 408.0000000000
evaluations raw_y
1 -217.0000000000
3 -214.0000000000
4 -204.0000000000
7 -202.0000000000
17 -201.0000000000
20 -189.0000000000
27 -187.0000000000
43 -186.0000000000
49 -185.0000000000
55 -184.0000000000
61 -175.0000000000
80 -169.0000000000
98 -166.0000000000
112 -165.0000000000
120 -164.0000000000
121 -162.0000000000
135 -159.0000000000
147 -158.0000000000
152 -156.0000000000
173 -155.0000000000
176 -151.0000000000
197 -149.0000000000
217 -147.0000000000
233 -146.0000000000
249 -145.0000000000
266 -144.0000000000
287 -143.0000000000
296 -142.0000000000
304 -141.0000000000
327 -140.0000000000
354 -139.0000000000
368 -138.0000000000
373 -137.0000000000
401 -136.0000000000
440 -135.0000000000
465 -133.0000000000
476 -132.0000000000
487 -131.0000000000
510 -130.0000000000
513 -128.0000000000
516 -127.0000000000
551 -126.0000000000
554 -125.0000000000
577 -123.0000000000
587 -122.0000000000
595 -121.0000000000
627 -119.0000000000
648 -118.0000000000
658 -116.0000000000
681 -115.0000000000
691 -113.0000000000
718 -112.0000000000
726 -111.0000000000
745 -110.0000000000
752 -109.0000000000
756 -108.0000000000
759 -107.0000000000
767 -105.0000000000
792 -104.0000000000
804 -102.0000000000
840 -101.0000000000
847 -100.0000000000
860 -99.0000000000
878 -98.0000000000
903 -97.0000000000
906 -96.0000000000
913 -95.0000000000
937 -94.0000000000
975 -93.0000000000
987 -92.0000000000
1018 -91.0000000000
1035 -90.0000000000
1051 -89.0000000000
1105 -88.0000000000
1137 -87.0000000000
1155 -86.0000000000
1188 -85.0000000000
1212 -84.0000000000
1252 -82.0000000000
1309 -81.0000000000
1350 -80.0000000000
1351 -78.0000000000
1381 -76.0000000000
1389 -73.0000000000
1435 -72.0000000000
1448 -71.0000000000
1457 -70.0000000000
1464 -69.0000000000
1484 -67.0000000000
1547 -66.0000000000
1557 -65.0000000000
1584 -64.0000000000
1596 -63.0000000000
1633 -62.0000000000
1664 -60.0000000000
1666 -59.0000000000
1688 -57.0000000000
1704 -56.0000000000
1753 -55.0000000000
1771 -54.0000000000
1778 -53.0000000000
1788 -52.0000000000
1804 -51.0000000000
1809 -50.0000000000
1823 -48.0000000000
1866 -47.0000000000
1891 -46.0000000000
1905 -45.0000000000
1936 -44.0000000000
2011 -43.0000000000
2055 -42.0000000000
2094 -41.0000000000
2129 -40.0000000000
2147 -39.0000000000
2196 -37.0000000000
2237 -36.0000000000
2244 -35.0000000000
2291 -34.0000000000
2310 -33.0000000000
2364 -32.0000000000
2411 -31.0000000000
2443 -30.0000000000
2453 -29.0000000000
2478 -28.0000000000
2585 -27.0000000000
2610 -26.0000000000
2630 -25.0000000000
2649 -24.0000000000
2661 -23.0000000000
2682 -22.0000000000
2736 -21.0000000000
2757 -20.0000000000
2838 -19.0000000000
2885 -18.0000000000
2896 -17.0000000000
2943 -16.0000000000
2979 -15.0000000000
3068 -14.0000000000
3087 -13.0000000000
3260 -12.0000000000
3406 -11.0000000000
3465 -10.0000000000
3498 -9.0000000000
3606 -8.0000000000
3620 -7.0000000000
3700 -6.0000000000
3913 -5.0000000000
4001 -4.0000000000
4143 -3.0000000000
4220 -2.0000000000
4329 -1.0000000000
4414 397.0000000000
4464 398.0000000000
4487 401.0000000000
4923 403.0000000000
5946 404.0000000000
6006 405.0000000000
7483 406.0000000000
7824 407.0000000000
9295 410.0000000000
9328 411.0000000000
10010 -4.0000000000
evaluations raw_y
1 -222.0000000000
5 -219.0000000000
9 -218.0000000000
10 -215.0000000000
13 -213.0000000000
22 -209.0000000000
29 -208.0000000000
35 -206.0000000000
36 -205.0000000000
41 -201.0000000000
51 -196.0000000000
64 -190.0000000000
76 -189.0000000000
79 -182.0000000000
91 -180.0000000000
118 -179.0000000000
126 -176.0000000000
141 -175.0000000000
144 -173.0000000000
161 -172.0000000000
182 -171.0000000000
192 -170.0000000000
205 -169.0000000000
225 -168.0000000000
249 -166.0000000000
269 -165.0000000000
272 -164.0000000000
279 -162.0000000000
294 -161.0000000000
296 -160.0000000000
313 -158.0000000000
332 -157.0000000000
351 -155.0000000000
357 -154.0000000000
378 -153.0000000000
384 -152.0000000000
392 -151.0000000000
422 -150.0000000000
426 -149.0000000000
429 -147.0000000000
441 -146.0000000000
446 -144.0000000000
472 -143.0000000000
482 -142.0000000000
486 -141.0000000000
491 -140.0000000000
514 -139.0000000000
531 -138.0000000000
539 -137.0000000000
546 -136.0000000000
566 -135.0000000000
567 -132.0000000000
584 -131.0000000000
590 -130.0000000000
596 -128.0000000000
616 -127.0000000000
631 -126.0000000000
648 -124.0000000000
674 -123.0000000000
699 -122.0000000000
711 -121.0000000000
732 -119.0000000000
751 -118.0000000000
758 -117.0000000000
775 -116.0000000000
779 -114.0000000000
794 -113.0000000000
799 -111.0000000000
840 -110.0000000000
867 -109.0000000000
874 -108.0000000000
898 -107.0000000000
935 -106.0000000000
944 -105.0000000000
982 -103.0000000000
1026 -102.0000000000
1035 -101.0000000000
1040 -100.0000000000
1065 -99.0000000000
1066 -98.0000000000
1079 -97.0000000000
1082 -96.0000000000
1115 -95.0000000000
1135 -93.0000000000
1166 -92.0000000000
1183 -91.0000000000
1199 -90.0000000000
1208 -89.0000000000
1211 -88.0000000000
1230 -87.0000000000
1250 -86.0000000000
1285 -84.0000000000
1303 -83.0000000000
1330 -82.0000000000
1334 -81.0000000000
1342 -80.0000000000
1361 -79.0000000000
1387 -78.0000000000
1391 -77.0000000000
1407 -76.0000000000
1419 -75.0000000000
1487 -74.0000000000
1512 -73.0000000000
1551 -72.0000000000
1577 -71.0000000000
1594 -70.0000000000
1605 -69.0000000000
1609 -68.0000000000
1622 -67.0000000000
1653 -66.0000000000
1670 -64.0000000000
1701 -61.0000000000
1761 -60.0000000000
1772 -59.0000000000
1788 -58.0000000000
1792 -56.0000000000
1839 -55.0000000000
1857 -54.0000000000
1865 -53.0000000000
1887 -51.0000000000
1920 -50.0000000000
1921 -49.0000000000
1973 -48.0000000000
2000 -47.0000000000
2031 -46.0000000000
2057 -45.0000000000
2090 -44.0000000000
2092 -42.0000000000
2104 -41.0000000000
2138 -40.0000000000
2154 -39.0000000000
2172 -38.0000000000
2182 -37.0000000000
2219 -36.0000000000
2239 -35.0000000000
2278 -33.0000000000
2300 -32.0000000000
2316 -31.0000000000
2359 -30.0000000000
2410 -29.0000000000
2441 -28.0000000000
2482 -27.0000000000
2511 -26.0000000000
2574 -25.0000000000
2584 -24.0000000000
2613 -23.0000000000
2666 -22.0000000000
2699 -21.0000000000
2747 -20.0000000000
2762 -19.0000000000
2791 -18.0000000000
2846 -17.0000000000
2883 -16.0000000000
2941 -15.0000000000
2983 -14.0000000000
3010 -13.0000000000
3080 -12.0000000000
3121 -11.0000000000
3144 -10.0000000000
3192 -9.0000000000
3201 -8.0000000000
3242 -7.0000000000
3275 -6.0000000000
3415 -5.0000000000
3459 -4.0000000000
3485 -3.0000000000
3553 -2.0000000000
3685 -1.0000000000
4171 365.0000000000
4393 371.0000000000
4424 380.0000000000
4447 385.0000000000
5953 390.0000000000
6055 397.0000000000
8980 399.0000000000
9038 404.0000000000
9962 407.0000000000
9989 408.0000000000
10010 407.0000000000
evaluations raw_y
1 -196.0000000000
15 -195.0000000000
30 -183.0000000000
34 -177.0000000000
48 -174.0000000000
61 -172.0000000000
67 -163.0000000000
81 -156.0000000000
91 -155.0000000000
104 -154.0000000000
110 -152.0000000000
114 -151.0000000000
116 -149.0000000000
123 -147.0000000000
135 -146.0000000000
140 -144.0000000000
142 -143.0000000000
143 -142.0000000000
161 -140.0000000000
163 -139.0000000000
183 -138.0000000000
187 -136.0000000000
199 -135.0000000000
218 -134.0000000000
223 -133.0000000000
244 -131.0000000000
249 -130.0000000000
260 -129.0000000000
272 -128.0000000000
298 -126.0000000000
350 -125.0000000000
354 -124.0000000000
378 -123.0000000000
403 -122.0000000000
411 -121.0000000000
435 -120.0000000000
440 -119.0000000000
459 -118.0000000000
481 -115.0000000000
511 -114.0000000000
527 -113.0000000000
546 -112.0000000000
570 -111.0000000000
572 -110.0000000000
573 -109.0000000000
590 -108.0000000000
603 -107.0000000000
626 -106.0000000000
628 -105.0000000000
630 -104.0000000000
643 -103.0000000000
671 -102.0000000000
695 -101.0000000000
697 -100.0000000000
708 -99.0000000000
740 -98.0000000000
754 -97.0000000000
785 -96.0000000000
799 -95.0000000000
806 -94.0000000000
816 -92.0000000000
822 -91.0000000000
840 -90.0000000000
849 -89.0000000000
876 -88.0000000000
878 -87.0000000000
894 -86.0000000000
908 -85.0000000000
935 -84.0000000000
952 -83.0000000000
987 -82.0000000000
998 -81.0000000000
1000 -80.0000000000
1021 -79.0000000000
1024 -78.0000000000
1038 -77.0000000000
1050 -76.0000000000
1058 -75.0000000000
1063 -74.0000000000
1086 -73.0000000000
1096 -71.0000000000
1122 -70.0000000000
1135 -69.0000000000
1137 -68.0000000000
1173 -67.0000000000
1200 -66.0000000000
1219 -65.0000000000
1238 -64.0000000000
1242 -63.0000000000
1255 -62.0000000000
1269 -61.0000000000
1278 -60.0000000000
1280 -59.0000000000
1320 -58.0000000000
1339 -57.0000000000
1376 -56.0000000000
1424 -55.0000000000
1451 -54.0000000000
1457 -53.0000000000
1465 -52.0000000000
1486 -51.0000000000
1488 -50.0000000000
1501 -49.0000000000
1547 -48.0000000000
1548 -47.0000000000
1567 -46.0000000000
1574 -45.0000000000
1612 -44.0000000000
1625 -43.0000000000
1650 -42.0000000000
1694 -41.0000000000
1711 -40.0000000000
1732 -39.0000000000
1736 -38.0000000000
1749 -37.0000000000
1767 -36.0000000000
1785 -35.0000000000
1791 -34.0000000000
1812 -33.0000000000
1836 -32.0000000000
1845 -31.0000000000
1874 -30.0000000000
1912 -29.0000000000
1968 -28.0000000000
1988 -27.0000000000
1991 -26.0000000000
2034 -25.0000000000
2054 -24.0000000000
2084 -23.0000000000
2090 -22.0000000000
2106 -21.0000000000
2146 -20.0000000000
2176 -19.0000000000
2346 -18.0000000000
2362 -17.0000000000
2393 -16.0000000000
2411 -15.0000000000
2443 -14.0000000000
2487 -13.0000000000
2588 -12.0000000000
2633 -11.0000000000
2732 -10.0000000000
2813 -9.0000000000
2841 -7.0000000000
2889 -6.0000000000
3022 -5.0000000000
3097 -4.0000000000
3134 -3.0000000000
3269 -2.0000000000
3323 -1.0000000000
3357 385.0000000000
3362 389.0000000000
3387 395.0000000000
5334 397.0000000000
5376 400.0000000000
6674 402.0000000000
7207 407.0000000000
7289 396.0000000000
