evaluations raw_y
1 -224.0000000000
3 -217.0000000000
5 -211.0000000000
9 -207.0000000000
10 -206.0000000000
22 -199.0000000000
37 -197.0000000000
46 -186.0000000000
69 -184.0000000000
85 -183.0000000000
87 -180.0000000000
89 -179.0000000000
90 -178.0000000000
99 -177.0000000000
103 -174.0000000000
113 -172.0000000000
126 -169.0000000000
127 -168.0000000000
139 -167.0000000000
140 -164.0000000000
142 -163.0000000000
143 -162.0000000000
174 -160.0000000000
175 -158.0000000000
177 -157.0000000000
178 -156.0000000000
187 -155.0000000000
202 -152.0000000000
219 -151.0000000000
231 -150.0000000000
249 -149.0000000000
255 -148.0000000000
264 -146.0000000000
306 -145.0000000000
313 -144.0000000000
329 -143.0000000000
345 -142.0000000000
365 -141.0000000000
376 -140.0000000000
379 -139.0000000000
386 -138.0000000000
407 -137.0000000000
423 -136.0000000000
444 -135.0000000000
448 -134.0000000000
466 -133.0000000000
476 -132.0000000000
503 -131.0000000000
524 -130.0000000000
543 -129.0000000000
557 -128.0000000000
578 -127.0000000000
587 -126.0000000000
606 -124.0000000000
623 -123.0000000000
627 -122.0000000000
654 -121.0000000000
656 -120.0000000000
674 -119.0000000000
688 -118.0000000000
698 -117.0000000000
739 -116.0000000000
768 -115.0000000000
771 -114.0000000000
772 -113.0000000000
785 -112.0000000000
798 -111.0000000000
813 -110.0000000000
863 -109.0000000000
879 -108.0000000000
899 -107.0000000000
918 -105.0000000000
920 -104.0000000000
940 -103.0000000000
950 -102.0000000000
971 -101.0000000000
978 -100.0000000000
989 -99.0000000000
997 -98.0000000000
1004 -96.0000000000
1022 -95.0000000000
1043 -93.0000000000
1064 -92.0000000000
1085 -91.0000000000
1099 -90.0000000000
1105 -89.0000000000
1118 -88.0000000000
1131 -87.0000000000
1139 -86.0000000000
1160 -85.0000000000
1178 -84.0000000000
1185 -83.0000000000
1189 -81.0000000000
1212 -80.0000000000
1227 -79.0000000000
1249 -77.0000000000
1262 -76.0000000000
1270 -75.0000000000
1275 -74.0000000000
1313 -72.0000000000
1328 -71.0000000000
1351 -70.0000000000
1387 -69.0000000000
1396 -68.0000000000
1440 -66.0000000000
1457 -65.0000000000
1468 -64.0000000000
1488 -62.0000000000
1502 -61.0000000000
1544 -60.0000000000
1595 -59.0000000000
1598 -58.0000000000
1631 -57.0000000000
1666 -56.0000000000
1692 -55.0000000000
1705 -53.0000000000
1731 -52.0000000000
1772 -51.0000000000
1798 -50.0000000000
1808 -49.0000000000
1871 -48.0000000000
1879 -47.0000000000
1975 -46.0000000000
1990 -45.0000000000
2034 -44.0000000000
2092 -42.0000000000
2106 -41.0000000000
2154 -40.0000000000
2174 -39.0000000000
2195 -38.0000000000
2248 -37.0000000000
2261 -36.0000000000
2280 -35.0000000000
2321 -34.0000000000
2348 -33.0000000000
2351 -32.0000000000
2415 -31.0000000000
2432 -30.0000000000
2479 -29.0000000000
2496 -28.0000000000
2562 -27.0000000000
2576 -26.0000000000
2615 -25.0000000000
2671 -24.0000000000
2718 -23.0000000000
2765 -22.0000000000
2840 -21.0000000000
2848 -20.0000000000
2903 -19.0000000000
2908 -18.0000000000
2958 -17.0000000000
2971 -16.0000000000
2974 -15.0000000000
3079 -14.0000000000
3179 -13.0000000000
3222 -12.0000000000
3261 -11.0000000000
3306 -10.0000000000
3401 -9.0000000000
3439 -8.0000000000
3562 -7.0000000000
3671 -6.0000000000
3738 -5.0000000000
3864 -4.0000000000
3919 -3.0000000000
3955 -2.0000000000
4018 -1.0000000000
4061 370.0000000000
4201 390.0000000000
6346 392.0000000000
6454 393.0000000000
6794 398.0000000000
6857 403.0000000000
7108 404.0000000000
7433 416.0000000000
9228 417.0000000000
10010 -1.0000000000
evaluations raw_y
1 -229.0000000000
2 -216.0000000000
3 -212.0000000000
4 -209.0000000000
5 -201.0000000000
6 -197.0000000000
15 -195.0000000000
19 -192.0000000000
22 -190.0000000000
25 -183.0000000000
33 -176.0000000000
49 -167.0000000000
61 -161.0000000000
75 -160.0000000000
88 -158.0000000000
90 -156.0000000000
100 -150.0000000000
127 -148.0000000000
130 -147.0000000000
131 -146.0000000000
148 -145.0000000000
164 -143.0000000000
177 -142.0000000000
184 -140.0000000000
203 -139.0000000000
219 -138.0000000000
236 -137.0000000000
244 -136.0000000000
251 -135.0000000000
258 -134.0000000000
274 -131.0000000000
309 -129.0000000000
319 -128.0000000000
340 -127.0000000000
358 -126.0000000000
359 -123.0000000000
383 -121.0000000000
401 -120.0000000000
404 -119.0000000000
425 -118.0000000000
426 -117.0000000000
446 -116.0000000000
459 -114.0000000000
462 -113.0000000000
490 -112.0000000000
491 -110.0000000000
495 -109.0000000000
516 -108.0000000000
529 -107.0000000000
541 -106.0000000000
549 -105.0000000000
552 -103.0000000000
564 -102.0000000000
598 -101.0000000000
624 -99.0000000000
628 -98.0000000000
646 -97.0000000000
657 -96.0000000000
670 -95.0000000000
680 -94.0000000000
713 -92.0000000000
714 -91.0000000000
766 -90.0000000000
776 -89.0000000000
791 -88.0000000000
813 -87.0000000000
826 -86.0000000000
858 -85.0000000000
863 -84.0000000000
873 -83.0000000000
907 -82.0000000000
919 -81.0000000000
925 -80.0000000000
945 -78.0000000000
963 -76.0000000000
1020 -75.0000000000
1045 -74.0000000000
1076 -73.0000000000
1096 -72.0000000000
1106 -71.0000000000
1127 -70.0000000000
1143 -69.0000000000
1159 -68.0000000000
1160 -67.0000000000
1196 -66.0000000000
1220 -65.0000000000
1238 -64.0000000000
1256 -63.0000000000
1308 -62.0000000000
1344 -61.0000000000
1371 -60.0000000000
1433 -59.0000000000
1447 -57.0000000000
1489 -56.0000000000
1520 -55.0000000000
1524 -54.0000000000
1545 -53.0000000000
1574 -52.0000000000
1599 -51.0000000000
1611 -50.0000000000
1643 -49.0000000000
1676 -48.0000000000
1683 -47.0000000000
1720 -46.0000000000
1721 -45.0000000000
1743 -44.0000000000
1748 -43.0000000000
1763 -42.0000000000
1792 -41.0000000000
1837 -40.0000000000
1852 -39.0000000000
1894 -38.0000000000
1915 -37.0000000000
1946 -36.0000000000
1981 -35.0000000000
2013 -34.0000000000
2049 -33.0000000000
2063 -32.0000000000
2082 -31.0000000000
2108 -30.0000000000
2130 -29.0000000000
2242 -28.0000000000
2293 -27.0000000000
2317 -26.0000000000
2331 -25.0000000000
2345 -23.0000000000
2357 -22.0000000000
2410 -21.0000000000
2481 -20.0000000000
2519 -19.0000000000
2548 -18.0000000000
2562 -17.0000000000
2609 -16.0000000000
2711 -15.0000000000
2768 -14.0000000000
2789 -13.0000000000
2813 -12.0000000000
3011 -11.0000000000
3198 -10.0000000000
3280 -9.0000000000
3318 -8.0000000000
3346 -7.0000000000
3365 -6.0000000000
3567 -5.0000000000
3602 -4.0000000000
3614 -3.0000000000
3745 -2.0000000000
3793 -1.0000000000
4126 386.0000000000
5420 393.0000000000
6186 398.0000000000
8572 403.0000000000
8616 405.0000000000
8860 406.0000000000
8894 413.0000000000
9983 418.0000000000
10010 -2.0000000000
evaluations raw_y
1 -218.0000000000
2 -216.0000000000
3 -214.0000000000
4 -199.0000000000
12 -190.0000000000
28 -183.0000000000
33 -179.0000000000
40 -174.0000000000
61 -171.0000000000
64 -170.0000000000
68 -166.0000000000
85 -163.0000000000
105 -160.0000000000
119 -155.0000000000
139 -154.0000000000
144 -153.0000000000
150 -152.0000000000
163 -151.0000000000
169 -150.0000000000
172 -149.0000000000
187 -148.0000000000
202 -147.0000000000
210 -146.0000000000
216 -145.0000000000
220 -144.0000000000
229 -143.0000000000
241 -142.0000000000
256 -141.0000000000
260 -140.0000000000
272 -139.0000000000
285 -138.0000000000
328 -136.0000000000
342 -135.0000000000
389 -133.0000000000
408 -131.0000000000
430 -129.0000000000
438 -128.0000000000
450 -127.0000000000
462 -126.0000000000
479 -124.0000000000
506 -123.0000000000
514 -122.0000000000
538 -121.0000000000
540 -120.0000000000
547 -119.0000000000
572 -117.0000000000
584 -116.0000000000
622 -115.0000000000
634 -114.0000000000
661 -113.0000000000
674 -112.0000000000
686 -111.0000000000
694 -110.0000000000
702 -109.0000000000
719 -108.0000000000
744 -107.0000000000
748 -106.0000000000
756 -105.0000000000
772 -104.0000000000
794 -103.0000000000
811 -102.0000000000
829 -101.0000000000
853 -100.0000000000
884 -99.0000000000
906 -98.0000000000
916 -97.0000000000
937 -96.0000000000
956 -95.0000000000
974 -94.0000000000
987 -93.0000000000
1018 -91.0000000000
1026 -90.0000000000
1055 -89.0000000000
1072 -88.0000000000
1085 -85.0000000000
1118 -83.0000000000
1152 -82.0000000000
1189 -81.0000000000
1192 -79.0000000000
1217 -78.0000000000
1231 -77.0000000000
1258 -76.0000000000
1287 -75.0000000000
1302 -74.0000000000
1316 -73.0000000000
1338 -72.0000000000
1374 -71.0000000000
1393 -70.0000000000
1433 -69.0000000000
1469 -68.0000000000
1485 -67.0000000000
1523 -66.0000000000
1533 -65.0000000000
1542 -64.0000000000
1544 -63.0000000000
1557 -62.0000000000
1589 -61.0000000000
1611 -60.0000000000
1624 -59.0000000000
1649 -58.0000000000
1691 -57.0000000000
1704 -56.0000000000
1722 -55.0000000000
1790 -54.0000000000
1862 -53.0000000000
1881 -52.0000000000
1914 -51.0000000000
1925 -50.0000000000
1947 -49.0000000000
1953 -48.0000000000
1980 -46.0000000000
1996 -45.0000000000
2032 -44.0000000000
2034 -43.0000000000
2083 -42.0000000000
2116 -41.0000000000
2157 -40.0000000000
2198 -39.0000000000
2232 -38.0000000000
2284 -37.0000000000
2299 -36.0000000000
2321 -35.0000000000
2350 -34.0000000000
2373 -33.0000000000
2391 -32.0000000000
2424 -31.0000000000
2426 -30.0000000000
2466 -29.0000000000
2501 -28.0000000000
2525 -27.0000000000
2579 -26.0000000000
2611 -25.0000000000
2618 -24.0000000000
2619 -23.0000000000
2650 -22.0000000000
2688 -21.0000000000
2777 -20.0000000000
2839 -19.0000000000
2863 -18.0000000000
2893 -17.0000000000
3290 -16.0000000000
3361 -15.0000000000
3447 -14.0000000000
3518 -13.0000000000
3599 -12.0000000000
3694 -11.0000000000
3845 -10.0000000000
3854 -9.0000000000
3866 -8.0000000000
3896 -7.0000000000
4043 -6.0000000000
4069 -5.0000000000
4145 -4.0000000000
4217 -3.0000000000
4298 -2.0000000000
4449 -1.0000000000
4493 395.0000000000
6252 398.0000000000
6284 402.0000000000
6294 405.0000000000
6295 412.0000000000
7899 415.0000000000
8659 416.0000000000
8726 420.0000000000
8800 426.0000000000
9745 429.0000000000
10010 429.0000000000
evaluations raw_y
1 -202.0000000000
4 -201.0000000000
11 -190.0000000000
27 -186.0000000000
35 -182.0000000000
44 -177.0000000000
60 -176.0000000000
66 -175.0000000000
71 -173.0000000000
76 -171.0000000000
80 -170.0000000000
89 -169.0000000000
92 -167.0000000000
108 -166.0000000000
119 -165.0000000000
124 -164.0000000000
132 -163.0000000000
137 -162.0000000000
146 -161.0000000000
170 -160.0000000000
179 -158.0000000000
200 -157.0000000000
219 -156.0000000000
221 -155.0000000000
230 -154.0000000000
240 -153.0000000000
243 -152.0000000000
267 -151.0000000000
295 -150.0000000000
305 -149.0000000000
325 -148.0000000000
333 -146.0000000000
340 -145.0000000000
367 -144.0000000000
377 -143.0000000000
381 -141.0000000000
408 -140.0000000000
415 -139.0000000000
422 -138.0000000000
437 -136.0000000000
463 -135.0000000000
490 -134.0000000000
500 -133.0000000000
523 -132.0000000000
543 -131.0000000000
562 -129.0000000000
574 -128.0000000000
606 -127.0000000000
622 -126.0000000000
639 -125.0000000000
644 -124.0000000000
654 -123.0000000000
663 -122.0000000000
677 -121.0000000000
692 -120.0000000000
725 -119.0000000000
729 -118.0000000000
757 -116.0000000000
797 -115.0000000000
805 -114.0000000000
824 -113.0000000000
837 -112.0000000000
846 -111.0000000000
893 -110.0000000000
896 -109.0000000000
925 -108.0000000000
943 -106.0000000000
980 -105.0000000000
1008 -104.0000000000
1023 -103.0000000000
1029 -102.0000000000
1056 -101.0000000000
1062 -100.0000000000
1097 -99.0000000000
1113 -98.0000000000
1126 -97.0000000000
1141 -96.0000000000
1145 -95.0000000000
1176 -94.0000000000
1190 -93.0000000000
1220 -92.0000000000
1225 -91.0000000000
1238 -90.0000000000
1264 -88.0000000000
1302 -86.0000000000
1342 -85.0000000000
1366 -84.0000000000
1374 -83.0000000000
1414 -82.0000000000
1435 -81.0000000000
1446 -80.0000000000
1464 -79.0000000000
1475 -78.0000000000
1531 -77.0000000000
1536 -76.0000000000
1570 -75.0000000000
1578 -74.0000000000
1585 -73.0000000000
1623 -72.0000000000
1673 -71.0000000000
1688 -70.0000000000
1713 -69.0000000000
1722 -68.0000000000
1739 -67.0000000000
1767 -65.0000000000
1802 -64.0000000000
1837 -63.0000000000
1841 -62.0000000000
1894 -61.0000000000
1917 -60.0000000000
1927 -59.0000000000
1933 -58.0000000000
1947 -57.0000000000
1966 -55.0000000000
2002 -54.0000000000
2035 -53.0000000000
2040 -52.0000000000
2151 -51.0000000000
2171 -50.0000000000
2219 -49.0000000000
2228 -48.0000000000
2241 -47.0000000000
2301 -46.0000000000
2355 -45.0000000000
2374 -44.0000000000
2401 -43.0000000000
2436 -42.0000000000
2495 -41.0000000000
2507 -40.0000000000
2532 -39.0000000000
2549 -38.0000000000
2567 -37.0000000000
2577 -36.0000000000
2652 -35.0000000000
2675 -34.0000000000
2693 -33.0000000000
2705 -32.0000000000
2740 -31.0000000000
2750 -30.0000000000
2835 -29.0000000000
2860 -28.0000000000
2861 -27.0000000000
2890 -26.0000000000
2914 -25.0000000000
2943 -24.0000000000
2957 -23.0000000000
2965 -22.0000000000
2987 -21.0000000000
3054 -20.0000000000
3062 -19.0000000000
3115 -18.0000000000
3135 -17.0000000000
3157 -16.0000000000
3261 -15.0000000000
3291 -14.0000000000
3384 -13.0000000000
3496 -12.0000000000
3606 -11.0000000000
3751 -9.0000000000
3805 -8.0000000000
3882 -7.0000000000
3980 -6.0000000000
4025 -5.0000000000
4051 -4.0000000000
4143 -3.0000000000
4193 -2.0000000000
4264 -1.0000000000
4359 396.0000000000
5976 398.0000000000
6212 403.0000000000
6628 405.0000000000
6649 408.0000000000
6661 412.0000000000
8362 416.0000000000
9309 419.0000000000
9345 420.0000000000
9915 422.0000000000
10010 422.0000000000
