evaluations raw_y
1 -1197.0000000000
2 -1158.0000000000
3 -1129.0000000000
5 -1071.0000000000
9 -1032.0000000000
12 -993.0000000000
23 -954.0000000000
24 -944.0000000000
25 -905.0000000000
27 -866.0000000000
28 -827.0000000000
29 -788.0000000000
39 -720.0000000000
41 -710.0000000000
51 -671.0000000000
56 -613.0000000000
61 -584.0000000000
64 -555.0000000000
71 -545.0000000000
74 -496.0000000000
76 -457.0000000000
80 -447.0000000000
94 -408.0000000000
98 -379.0000000000
100 -340.0000000000
101 -292.0000000000
109 -273.0000000000
140 -254.0000000000
151 -235.0000000000
160 -206.0000000000
165 -177.0000000000
166 -167.0000000000
188 -148.0000000000
196 -139.0000000000
206 -119.0000000000
255 -90.0000000000
262 -81.0000000000
274 -52.0000000000
275 -33.0000000000
286 -32.0000000000
302 -31.0000000000
385 -12.0000000000
405 -3.0000000000
408 -2.0000000000
540 7.0000000000
630 8.0000000000
63992 9.0000000000
100001 9.0000000000
evaluations raw_y
1 -1605.0000000000
2 -1566.0000000000
4 -1537.0000000000
6 -1498.0000000000
12 -1420.0000000000
14 -1342.0000000000
16 -1303.0000000000
19 -1264.0000000000
24 -1186.0000000000
26 -1147.0000000000
32 -1108.0000000000
46 -1069.0000000000
47 -1040.0000000000
57 -1001.0000000000
59 -962.0000000000
77 -923.0000000000
82 -884.0000000000
91 -845.0000000000
99 -816.0000000000
102 -777.0000000000
104 -748.0000000000
108 -738.0000000000
115 -709.0000000000
129 -699.0000000000
134 -670.0000000000
136 -631.0000000000
138 -592.0000000000
139 -563.0000000000
162 -534.0000000000
180 -495.0000000000
188 -456.0000000000
193 -427.0000000000
194 -398.0000000000
197 -369.0000000000
209 -330.0000000000
217 -301.0000000000
227 -272.0000000000
248 -263.0000000000
261 -244.0000000000
273 -205.0000000000
275 -186.0000000000
276 -166.0000000000
277 -137.0000000000
286 -127.0000000000
291 -108.0000000000
325 -99.0000000000
406 -80.0000000000
422 -70.0000000000
444 -50.0000000000
510 -41.0000000000
518 -32.0000000000
528 -31.0000000000
554 -13.0000000000
575 -12.0000000000
601 -11.0000000000
645 -2.0000000000
676 -1.0000000000
739 8.0000000000
100001 8.0000000000
evaluations raw_y
1 -1488.0000000000
6 -1449.0000000000
10 -1410.0000000000
11 -1371.0000000000
16 -1332.0000000000
22 -1293.0000000000
27 -1254.0000000000
32 -1215.0000000000
42 -1186.0000000000
49 -1147.0000000000
50 -1118.0000000000
55 -1079.0000000000
56 -1040.0000000000
63 -1001.0000000000
65 -962.0000000000
74 -923.0000000000
85 -845.0000000000
88 -806.0000000000
95 -767.0000000000
101 -728.0000000000
120 -689.0000000000
123 -650.0000000000
140 -621.0000000000
150 -582.0000000000
151 -553.0000000000
155 -475.0000000000
163 -456.0000000000
186 -446.0000000000
215 -417.0000000000
216 -407.0000000000
221 -388.0000000000
230 -359.0000000000
236 -330.0000000000
269 -291.0000000000
273 -282.0000000000
286 -253.0000000000
289 -243.0000000000
298 -233.0000000000
346 -214.0000000000
352 -185.0000000000
353 -146.0000000000
364 -127.0000000000
370 -108.0000000000
373 -89.0000000000
380 -80.0000000000
390 -71.0000000000
460 -52.0000000000
475 -23.0000000000
479 -14.0000000000
499 -5.0000000000
519 -4.0000000000
604 -3.0000000000
693 6.0000000000
703 7.0000000000
863 8.0000000000
934 9.0000000000
100001 -49.0000000000
evaluations raw_y
1 -1556.0000000000
4 -1459.0000000000
11 -1420.0000000000
12 -1391.0000000000
14 -1323.0000000000
15 -1284.0000000000
16 -1216.0000000000
18 -1177.0000000000
26 -1138.0000000000
27 -1099.0000000000
31 -1070.0000000000
33 -1031.0000000000
47 -1021.0000000000
51 -982.0000000000
54 -914.0000000000
55 -856.0000000000
57 -846.0000000000
58 -807.0000000000
59 -778.0000000000
69 -749.0000000000
88 -710.0000000000
93 -671.0000000000
105 -642.0000000000
111 -632.0000000000
116 -593.0000000000
121 -583.0000000000
136 -544.0000000000
143 -515.0000000000
145 -486.0000000000
150 -447.0000000000
173 -418.0000000000
192 -389.0000000000
195 -350.0000000000
197 -340.0000000000
207 -301.0000000000
219 -272.0000000000
222 -253.0000000000
274 -214.0000000000
287 -204.0000000000
290 -185.0000000000
293 -166.0000000000
305 -147.0000000000
318 -137.0000000000
327 -118.0000000000
329 -99.0000000000
337 -89.0000000000
349 -60.0000000000
377 -41.0000000000
417 -32.0000000000
427 -13.0000000000
446 -12.0000000000
460 -3.0000000000
475 7.0000000000
41337 8.0000000000
100001 -21.0000000000
evaluations raw_y
1 -1206.0000000000
5 -1167.0000000000
7 -1089.0000000000
11 -1050.0000000000
18 -1011.0000000000
19 -972.0000000000
20 -943.0000000000
26 -914.0000000000
29 -875.0000000000
36 -865.0000000000
43 -826.0000000000
45 -748.0000000000
54 -709.0000000000
55 -670.0000000000
57 -631.0000000000
66 -621.0000000000
75 -592.0000000000
78 -553.0000000000
87 -514.0000000000
91 -485.0000000000
100 -417.0000000000
106 -378.0000000000
119 -368.0000000000
133 -349.0000000000
143 -340.0000000000
146 -311.0000000000
160 -292.0000000000
161 -273.0000000000
176 -244.0000000000
180 -225.0000000000
190 -196.0000000000
209 -186.0000000000
302 -176.0000000000
333 -157.0000000000
334 -128.0000000000
369 -119.0000000000
386 -90.0000000000
388 -81.0000000000
392 -71.0000000000
406 -62.0000000000
433 -42.0000000000
454 -41.0000000000
469 -21.0000000000
487 -12.0000000000
593 7.0000000000
868 8.0000000000
12518 9.0000000000
100001 9.0000000000
evaluations raw_y
1 -1303.0000000000
3 -1186.0000000000
12 -1108.0000000000
23 -1079.0000000000
25 -1040.0000000000
27 -1001.0000000000
28 -962.0000000000
30 -923.0000000000
32 -894.0000000000
34 -816.0000000000
39 -738.0000000000
47 -699.0000000000
54 -660.0000000000
57 -621.0000000000
63 -524.0000000000
81 -514.0000000000
82 -485.0000000000
86 -446.0000000000
113 -417.0000000000
114 -359.0000000000
120 -340.0000000000
132 -301.0000000000
140 -234.0000000000
152 -205.0000000000
183 -166.0000000000
189 -156.0000000000
190 -137.0000000000
195 -128.0000000000
227 -119.0000000000
267 -118.0000000000
295 -99.0000000000
296 -90.0000000000
306 -72.0000000000
323 -53.0000000000
373 -24.0000000000
374 -5.0000000000
409 -4.0000000000
488 -3.0000000000
489 -2.0000000000
688 7.0000000000
726 8.0000000000
100001 -21.0000000000
evaluations raw_y
1 -1147.0000000000
8 -1118.0000000000
10 -1079.0000000000
20 -1040.0000000000
27 -1001.0000000000
35 -972.0000000000
37 -933.0000000000
40 -855.0000000000
41 -777.0000000000
56 -758.0000000000
57 -729.0000000000
58 -719.0000000000
59 -680.0000000000
63 -641.0000000000
67 -563.0000000000
89 -524.0000000000
97 -485.0000000000
98 -446.0000000000
103 -417.0000000000
115 -408.0000000000
124 -369.0000000000
159 -350.0000000000
162 -331.0000000000
163 -302.0000000000
166 -283.0000000000
181 -264.0000000000
203 -254.0000000000
213 -225.0000000000
226 -186.0000000000
233 -147.0000000000
237 -138.0000000000
245 -128.0000000000
248 -118.0000000000
278 -99.0000000000
280 -90.0000000000
285 -81.0000000000
304 -62.0000000000
317 -33.0000000000
328 -32.0000000000
458 -13.0000000000
510 -12.0000000000
520 -2.0000000000
579 7.0000000000
749 8.0000000000
17021 9.0000000000
100001 -39.0000000000
evaluations raw_y
1 -1030.0000000000
6 -991.0000000000
7 -913.0000000000
11 -845.0000000000
22 -835.0000000000
27 -757.0000000000
39 -718.0000000000
41 -689.0000000000
42 -660.0000000000
53 -621.0000000000
66 -582.0000000000
78 -543.0000000000
109 -514.0000000000
111 -485.0000000000
137 -456.0000000000
142 -446.0000000000
144 -417.0000000000
149 -388.0000000000
150 -359.0000000000
162 -320.0000000000
173 -272.0000000000
181 -243.0000000000
187 -214.0000000000
197 -195.0000000000
205 -156.0000000000
235 -127.0000000000
273 -108.0000000000
308 -99.0000000000
311 -90.0000000000
338 -71.0000000000
350 -62.0000000000
386 -53.0000000000
421 -52.0000000000
429 -51.0000000000
433 -50.0000000000
463 -41.0000000000
476 -31.0000000000
500 -12.0000000000
508 7.0000000000
566 8.0000000000
1253 9.0000000000
1359 10.0000000000
evaluations raw_y
1 -1468.0000000000
2 -1429.0000000000
10 -1390.0000000000
13 -1361.0000000000
19 -1322.0000000000
21 -1244.0000000000
22 -1176.0000000000
28 -1137.0000000000
33 -1098.0000000000
37 -1059.0000000000
43 -1001.0000000000
45 -972.0000000000
51 -962.0000000000
55 -923.0000000000
59 -884.0000000000
63 -855.0000000000
65 -816.0000000000
72 -777.0000000000
85 -738.0000000000
94 -660.0000000000
100 -631.0000000000
113 -602.0000000000
116 -573.0000000000
119 -534.0000000000
127 -476.0000000000
133 -466.0000000000
134 -437.0000000000
142 -398.0000000000
143 -379.0000000000
144 -340.0000000000
156 -311.0000000000
177 -292.0000000000
184 -253.0000000000
210 -224.0000000000
219 -214.0000000000
227 -185.0000000000
243 -166.0000000000
246 -156.0000000000
292 -137.0000000000
320 -128.0000000000
326 -118.0000000000
329 -99.0000000000
337 -80.0000000000
371 -71.0000000000
372 -70.0000000000
399 -61.0000000000
424 -42.0000000000
494 -33.0000000000
503 -32.0000000000
505 -22.0000000000
721 -13.0000000000
851 -4.0000000000
857 -3.0000000000
1016 7.0000000000
1164 8.0000000000
1703 9.0000000000
100001 -20.0000000000
evaluations raw_y
1 -1439.0000000000
3 -1400.0000000000
4 -1361.0000000000
8 -1322.0000000000
10 -1244.0000000000
15 -1205.0000000000
28 -1166.0000000000
31 -1127.0000000000
33 -1049.0000000000
46 -1010.0000000000
49 -981.0000000000
54 -952.0000000000
56 -923.0000000000
57 -845.0000000000
59 -806.0000000000
61 -796.0000000000
65 -767.0000000000
72 -738.0000000000
88 -709.0000000000
90 -670.0000000000
95 -641.0000000000
98 -621.0000000000
119 -592.0000000000
122 -553.0000000000
123 -514.0000000000
133 -475.0000000000
134 -436.0000000000
137 -426.0000000000
147 -339.0000000000
149 -300.0000000000
151 -271.0000000000
156 -252.0000000000
168 -242.0000000000
181 -233.0000000000
185 -194.0000000000
229 -165.0000000000
242 -127.0000000000
246 -108.0000000000
285 -98.0000000000
290 -89.0000000000
291 -70.0000000000
300 -51.0000000000
314 -50.0000000000
388 -21.0000000000
478 -12.0000000000
490 -11.0000000000
574 -2.0000000000
580 7.0000000000
655 8.0000000000
683 9.0000000000
100001 -20.0000000000
