evaluations raw_y
1 -1381.0000000000
2 -1332.0000000000
3 -1030.0000000000
14 -991.0000000000
18 -972.0000000000
28 -953.0000000000
42 -914.0000000000
58 -885.0000000000
78 -866.0000000000
99 -837.0000000000
123 -798.0000000000
148 -759.0000000000
176 -720.0000000000
205 -701.0000000000
238 -662.0000000000
273 -623.0000000000
312 -594.0000000000
353 -565.0000000000
396 -526.0000000000
446 -507.0000000000
497 -478.0000000000
549 -449.0000000000
602 -410.0000000000
656 -371.0000000000
711 -332.0000000000
767 -303.0000000000
773 -302.0000000000
831 -273.0000000000
893 -254.0000000000
956 -225.0000000000
1025 -206.0000000000
1099 -177.0000000000
1151 -176.0000000000
1226 -157.0000000000
1303 -138.0000000000
1330 -137.0000000000
1410 -118.0000000000
1493 -99.0000000000
1577 -80.0000000000
1652 -79.0000000000
1740 -60.0000000000
1829 -31.0000000000
1898 -30.0000000000
1988 -21.0000000000
2001 -20.0000000000
2092 -11.0000000000
2186 -2.0000000000
2230 -1.0000000000
2328 8.0000000000
19096 9.0000000000
31521 10.0000000000
1139528 10.0000000000
evaluations raw_y
1 -1069.0000000000
12 -1040.0000000000
14 -1001.0000000000
17 -972.0000000000
21 -933.0000000000
26 -894.0000000000
32 -855.0000000000
39 -826.0000000000
47 -807.0000000000
58 -778.0000000000
72 -739.0000000000
89 -710.0000000000
109 -691.0000000000
136 -662.0000000000
167 -633.0000000000
199 -604.0000000000
232 -575.0000000000
266 -536.0000000000
301 -507.0000000000
338 -478.0000000000
381 -449.0000000000
426 -420.0000000000
472 -381.0000000000
519 -352.0000000000
567 -333.0000000000
618 -314.0000000000
629 -313.0000000000
681 -294.0000000000
741 -275.0000000000
805 -236.0000000000
874 -207.0000000000
937 -206.0000000000
1012 -167.0000000000
1088 -148.0000000000
1094 -147.0000000000
1172 -118.0000000000
1251 -89.0000000000
1280 -88.0000000000
1360 -69.0000000000
1442 -60.0000000000
1526 -41.0000000000
1560 -40.0000000000
1647 -11.0000000000
1742 -2.0000000000
1839 7.0000000000
1914 8.0000000000
8403 9.0000000000
1136212 9.0000000000
evaluations raw_y
1 -1556.0000000000
3 -1410.0000000000
6 -1069.0000000000
12 -1040.0000000000
14 -1011.0000000000
18 -982.0000000000
23 -943.0000000000
29 -904.0000000000
37 -875.0000000000
46 -846.0000000000
66 -827.0000000000
88 -788.0000000000
111 -749.0000000000
136 -720.0000000000
167 -691.0000000000
202 -652.0000000000
238 -623.0000000000
279 -594.0000000000
321 -565.0000000000
367 -526.0000000000
414 -497.0000000000
463 -478.0000000000
513 -459.0000000000
565 -420.0000000000
619 -401.0000000000
628 -400.0000000000
689 -371.0000000000
753 -342.0000000000
819 -303.0000000000
886 -264.0000000000
954 -235.0000000000
1025 -216.0000000000
1101 -177.0000000000
1179 -158.0000000000
1262 -129.0000000000
1323 -128.0000000000
1407 -109.0000000000
1421 -108.0000000000
1506 -89.0000000000
1592 -70.0000000000
1679 -41.0000000000
1716 -40.0000000000
1804 -21.0000000000
1896 -12.0000000000
1918 -11.0000000000
2011 -2.0000000000
2064 -1.0000000000
2160 8.0000000000
10252 9.0000000000
1135459 9.0000000000
evaluations raw_y
1 -1400.0000000000
2 -1196.0000000000
3 -1099.0000000000
12 -1070.0000000000
16 -1031.0000000000
21 -992.0000000000
27 -953.0000000000
34 -924.0000000000
46 -895.0000000000
59 -856.0000000000
77 -837.0000000000
99 -808.0000000000
123 -779.0000000000
156 -740.0000000000
191 -701.0000000000
227 -662.0000000000
264 -623.0000000000
302 -584.0000000000
341 -575.0000000000
382 -546.0000000000
424 -507.0000000000
470 -478.0000000000
519 -449.0000000000
570 -430.0000000000
622 -411.0000000000
663 -410.0000000000
718 -381.0000000000
774 -342.0000000000
832 -303.0000000000
891 -284.0000000000
951 -265.0000000000
1013 -246.0000000000
1077 -227.0000000000
1081 -226.0000000000
1146 -197.0000000000
1181 -196.0000000000
1248 -167.0000000000
1317 -138.0000000000
1389 -109.0000000000
1416 -108.0000000000
1492 -89.0000000000
1558 -88.0000000000
1636 -59.0000000000
1716 -40.0000000000
1798 -31.0000000000
1881 -22.0000000000
1954 -21.0000000000
2043 -2.0000000000
2141 7.0000000000
2199 8.0000000000
14304 9.0000000000
1137382 9.0000000000
evaluations raw_y
1 -1595.0000000000
2 -1576.0000000000
3 -1263.0000000000
5 -1108.0000000000
8 -992.0000000000
14 -953.0000000000
22 -924.0000000000
31 -895.0000000000
42 -866.0000000000
54 -827.0000000000
68 -798.0000000000
84 -759.0000000000
104 -740.0000000000
125 -711.0000000000
154 -692.0000000000
188 -663.0000000000
223 -624.0000000000
261 -595.0000000000
305 -556.0000000000
353 -527.0000000000
402 -508.0000000000
456 -469.0000000000
511 -430.0000000000
567 -391.0000000000
625 -352.0000000000
685 -333.0000000000
748 -304.0000000000
812 -275.0000000000
831 -274.0000000000
897 -235.0000000000
964 -216.0000000000
971 -215.0000000000
994 -214.0000000000
1062 -195.0000000000
1133 -186.0000000000
1205 -177.0000000000
1279 -148.0000000000
1354 -109.0000000000
1434 -100.0000000000
1505 -99.0000000000
1589 -80.0000000000
1674 -51.0000000000
1760 -22.0000000000
1802 -21.0000000000
1890 -12.0000000000
1960 -11.0000000000
2055 -2.0000000000
2139 -1.0000000000
2235 8.0000000000
2271 9.0000000000
5113 10.0000000000
1137416 10.0000000000
evaluations raw_y
1 -1419.0000000000
2 -1313.0000000000
5 -1254.0000000000
9 -1137.0000000000
12 -1108.0000000000
14 -1079.0000000000
19 -1040.0000000000
25 -1001.0000000000
32 -972.0000000000
40 -943.0000000000
52 -914.0000000000
66 -875.0000000000
82 -856.0000000000
105 -827.0000000000
129 -788.0000000000
157 -749.0000000000
187 -730.0000000000
218 -701.0000000000
251 -672.0000000000
287 -633.0000000000
324 -614.0000000000
368 -575.0000000000
414 -536.0000000000
464 -517.0000000000
517 -478.0000000000
572 -449.0000000000
587 -448.0000000000
643 -409.0000000000
700 -380.0000000000
707 -379.0000000000
765 -350.0000000000
825 -331.0000000000
887 -312.0000000000
951 -273.0000000000
1017 -254.0000000000
1089 -225.0000000000
1151 -224.0000000000
1225 -185.0000000000
1301 -156.0000000000
1379 -127.0000000000
1458 -108.0000000000
1539 -89.0000000000
1622 -70.0000000000
1660 -69.0000000000
1746 -50.0000000000
1836 -31.0000000000
1927 -22.0000000000
1948 -21.0000000000
2042 -12.0000000000
2138 -3.0000000000
2184 -2.0000000000
2283 7.0000000000
4484 8.0000000000
10941 9.0000000000
1136162 9.0000000000
evaluations raw_y
1 -1897.0000000000
2 -1508.0000000000
3 -1488.0000000000
4 -1468.0000000000
5 -1312.0000000000
9 -1235.0000000000
14 -1206.0000000000
18 -1177.0000000000
25 -1138.0000000000
33 -1109.0000000000
43 -1090.0000000000
54 -1061.0000000000
68 -1022.0000000000
83 -993.0000000000
106 -954.0000000000
130 -935.0000000000
162 -906.0000000000
196 -867.0000000000
236 -848.0000000000
280 -819.0000000000
325 -780.0000000000
372 -741.0000000000
421 -722.0000000000
473 -683.0000000000
527 -644.0000000000
582 -605.0000000000
638 -566.0000000000
695 -537.0000000000
753 -498.0000000000
812 -469.0000000000
873 -440.0000000000
936 -401.0000000000
1000 -372.0000000000
1067 -333.0000000000
1135 -294.0000000000
1204 -255.0000000000
1274 -236.0000000000
1346 -217.0000000000
1388 -216.0000000000
1461 -187.0000000000
1535 -168.0000000000
1598 -167.0000000000
1674 -138.0000000000
1690 -137.0000000000
1768 -98.0000000000
1847 -79.0000000000
1876 -78.0000000000
1956 -59.0000000000
2043 -40.0000000000
2100 -39.0000000000
2188 -30.0000000000
2279 -21.0000000000
2350 -20.0000000000
2444 -11.0000000000
2448 -10.0000000000
2543 -1.0000000000
2641 8.0000000000
2729 9.0000000000
7705 10.0000000000
1138614 10.0000000000
evaluations raw_y
1 -1430.0000000000
2 -1244.0000000000
5 -1157.0000000000
12 -1128.0000000000
14 -1089.0000000000
18 -1050.0000000000
25 -1011.0000000000
33 -982.0000000000
44 -953.0000000000
59 -914.0000000000
78 -885.0000000000
98 -866.0000000000
120 -837.0000000000
144 -808.0000000000
170 -779.0000000000
205 -740.0000000000
242 -701.0000000000
281 -672.0000000000
321 -653.0000000000
362 -624.0000000000
406 -585.0000000000
451 -546.0000000000
497 -507.0000000000
544 -468.0000000000
593 -449.0000000000
645 -420.0000000000
698 -401.0000000000
752 -362.0000000000
808 -323.0000000000
865 -314.0000000000
872 -313.0000000000
911 -312.0000000000
969 -283.0000000000
1029 -264.0000000000
1094 -225.0000000000
1164 -216.0000000000
1236 -177.0000000000
1309 -158.0000000000
1322 -157.0000000000
1398 -118.0000000000
1476 -99.0000000000
1557 -70.0000000000
1642 -41.0000000000
1687 -40.0000000000
1775 -31.0000000000
1845 -30.0000000000
1936 -21.0000000000
1987 -20.0000000000
2079 -11.0000000000
2161 -10.0000000000
2255 -1.0000000000
2351 8.0000000000
2425 9.0000000000
1134392 9.0000000000
evaluations raw_y
1 -1342.0000000000
3 -1040.0000000000
17 -1021.0000000000
24 -992.0000000000
32 -953.0000000000
42 -934.0000000000
55 -905.0000000000
71 -866.0000000000
91 -847.0000000000
118 -818.0000000000
148 -799.0000000000
182 -770.0000000000
225 -731.0000000000
269 -692.0000000000
315 -663.0000000000
363 -634.0000000000
415 -595.0000000000
468 -566.0000000000
523 -527.0000000000
579 -488.0000000000
637 -459.0000000000
698 -430.0000000000
764 -391.0000000000
831 -352.0000000000
901 -333.0000000000
974 -294.0000000000
1048 -255.0000000000
1123 -216.0000000000
1199 -197.0000000000
1277 -158.0000000000
1357 -149.0000000000
1397 -148.0000000000
1478 -119.0000000000
1561 -90.0000000000
1645 -61.0000000000
1649 -60.0000000000
1737 -41.0000000000
1828 -32.0000000000
1839 -31.0000000000
1867 -30.0000000000
1959 -21.0000000000
2031 -20.0000000000
2124 -11.0000000000
2167 -10.0000000000
2262 -1.0000000000
2358 8.0000000000
4527 9.0000000000
1136843 9.0000000000
evaluations raw_y
1 -1518.0000000000
4 -1439.0000000000
5 -1332.0000000000
6 -1235.0000000000
13 -1196.0000000000
16 -1157.0000000000
22 -1118.0000000000
29 -1079.0000000000
39 -1060.0000000000
50 -1031.0000000000
63 -992.0000000000
78 -953.0000000000
94 -914.0000000000
114 -895.0000000000
135 -866.0000000000
157 -837.0000000000
183 -798.0000000000
211 -759.0000000000
240 -740.0000000000
274 -701.0000000000
312 -672.0000000000
354 -653.0000000000
399 -614.0000000000
447 -575.0000000000
496 -546.0000000000
546 -527.0000000000
599 -488.0000000000
653 -449.0000000000
708 -410.0000000000
764 -391.0000000000
776 -390.0000000000
833 -351.0000000000
892 -322.0000000000
953 -303.0000000000
1017 -284.0000000000
1083 -245.0000000000
1153 -226.0000000000
1157 -225.0000000000
1228 -196.0000000000
1303 -157.0000000000
1379 -118.0000000000
1458 -89.0000000000
1538 -70.0000000000
1619 -61.0000000000
1670 -60.0000000000
1755 -51.0000000000
1780 -50.0000000000
1866 -41.0000000000
1953 -22.0000000000
2043 -13.0000000000
2083 -12.0000000000
2129 -11.0000000000
2222 -2.0000000000
2285 -1.0000000000
2383 8.0000000000
2470 9.0000000000
1133385 -30.0000000000
