evaluations raw_y
1 -0.5219461203
3 -0.5211361156
5 -0.5185676274
8 -0.5049249684
14 -0.4995019261
17 -0.4948757313
27 -0.4929040803
28 -0.4862137659
32 -0.4797981442
34 -0.4752355663
43 -0.4642834758
44 -0.4553946670
46 -0.4533316341
52 -0.4516827008
56 -0.4428035064
57 -0.4378502439
62 -0.4345459912
69 -0.4333054575
92 -0.4158622003
96 -0.4091638371
108 -0.3973716823
124 -0.3898337806
125 -0.3877112481
127 -0.3828997166
134 -0.3821227625
139 -0.3791563359
141 -0.3784602851
154 -0.3771254188
157 -0.3768416246
168 -0.3733641333
171 -0.3686714097
174 -0.3670224764
202 -0.3643683464
218 -0.3606042534
220 -0.3557593988
231 -0.3514376672
245 -0.3502452371
262 -0.3490902288
266 -0.3429255671
299 -0.3394460126
307 -0.3366564956
389 -0.3352166906
401 -0.3351374044
426 -0.3324711210
491 -0.3301633706
508 -0.3280408381
532 -0.3256805079
536 -0.3235385263
551 -0.3162552417
572 -0.3159236676
589 -0.3143037562
645 -0.3071859003
700 -0.3050843481
1072 -0.3043882973
1261 -0.3037717151
4206 -0.3001752281
4263 -0.2956613405
4671 -0.2941460802
39613 -0.2928200823
100001 -0.2928200823
evaluations raw_y
1 -0.5124401898
3 -0.5101727012
5 -0.5025339524
10 -0.4932511235
13 -0.4773585192
14 -0.4623120728
16 -0.4500813018
17 -0.4397801456
26 -0.4290174805
27 -0.4255771913
32 -0.4188788281
50 -0.4148257471
54 -0.4142960043
62 -0.4135758701
69 -0.4114560094
75 -0.4110551954
77 -0.4029148585
87 -0.3989675512
93 -0.3971645988
102 -0.3958440362
106 -0.3921813536
109 -0.3898187328
113 -0.3849437264
131 -0.3832458362
133 -0.3799956154
139 -0.3722824313
150 -0.3722740462
156 -0.3697304358
204 -0.3684062321
221 -0.3670592913
225 -0.3667088490
230 -0.3654557454
301 -0.3651896055
349 -0.3601783816
380 -0.3596982616
415 -0.3578620225
439 -0.3568073756
444 -0.3443654687
480 -0.3363429221
543 -0.3306936604
606 -0.3301366076
628 -0.3286709982
647 -0.3272000527
648 -0.3271916676
677 -0.3255161793
679 -0.3243237492
680 -0.3234954376
768 -0.3201700802
772 -0.3194740294
952 -0.3186721884
996 -0.3174418982
1200 -0.3170272528
4547 -0.3157012549
11015 -0.3155834474
13888 -0.3139948460
14091 -0.3138684405
14143 -0.3085488047
21546 -0.3085113656
22007 -0.3050710764
30265 -0.3042851540
35877 -0.3027698937
54538 -0.3009312088
56242 -0.2974069167
100001 -0.3039321869
evaluations raw_y
1 -0.5214925746
4 -0.5160643869
5 -0.5122448295
8 -0.5048678122
12 -0.5002070970
14 -0.4920330700
20 -0.4848180209
25 -0.4842014386
30 -0.4756516952
41 -0.4750746623
44 -0.4677060532
45 -0.4605028983
50 -0.4585952412
51 -0.4544774309
54 -0.4466218630
55 -0.4451478685
61 -0.4424937385
69 -0.4345435133
73 -0.4243067207
77 -0.4212140136
80 -0.4136930399
88 -0.4105101113
114 -0.4040584800
115 -0.3991576439
121 -0.3923138369
137 -0.3921069273
162 -0.3897991769
165 -0.3896599174
171 -0.3873989835
179 -0.3856569577
195 -0.3844164241
200 -0.3799109216
202 -0.3786806315
204 -0.3784144916
205 -0.3721257931
232 -0.3675163782
240 -0.3612283259
241 -0.3573564647
245 -0.3526615371
246 -0.3491987784
266 -0.3428657086
279 -0.3416049126
282 -0.3415965275
345 -0.3399916481
348 -0.3397255082
350 -0.3373651780
351 -0.3324111895
380 -0.3320632324
397 -0.3303669063
404 -0.3253556824
408 -0.3168416600
423 -0.3163615400
514 -0.3133476255
575 -0.3121551954
629 -0.3115386131
637 -0.3071734274
815 -0.3017273861
22605 -0.2982030940
26467 -0.2935538622
100001 -0.2935538622
evaluations raw_y
1 -0.5190581364
3 -0.5101160069
4 -0.5075275230
14 -0.4989003170
15 -0.4988432542
18 -0.4911640621
21 -0.4864239094
22 -0.4789887446
23 -0.4733592982
24 -0.4627108665
25 -0.4577870603
26 -0.4510020345
39 -0.4505623052
50 -0.4483571908
52 -0.4325836996
54 -0.4307807472
55 -0.4290785154
69 -0.4263267512
79 -0.4185223184
85 -0.4152148976
94 -0.4148002522
98 -0.4122317641
103 -0.4057801327
117 -0.4016969133
131 -0.3985981728
134 -0.3948388118
143 -0.3891407727
147 -0.3869987911
157 -0.3820749850
172 -0.3776481647
174 -0.3746551831
176 -0.3700603056
178 -0.3688678754
182 -0.3607907768
189 -0.3596415283
214 -0.3590249461
252 -0.3583320947
265 -0.3515041719
307 -0.3491964215
374 -0.3479356255
380 -0.3427588006
381 -0.3388296247
382 -0.3371406833
496 -0.3356191449
511 -0.3346181046
538 -0.3342034592
564 -0.3307091613
594 -0.3305418339
621 -0.3244467867
659 -0.3231752784
685 -0.3225217133
704 -0.3220415933
707 -0.3213005759
826 -0.3205944334
843 -0.3176759021
955 -0.3129025146
1003 -0.3075105501
1073 -0.3072722402
1446 -0.3069406662
1685 -0.3062871011
1764 -0.3044841487
7284 -0.3041670556
7285 -0.3040406501
7380 -0.3027691418
7410 -0.3022228935
7511 -0.2974495060
11885 -0.2928002742
100001 -0.3021729911
evaluations raw_y
1 -0.4777002909
7 -0.4737916264
13 -0.4711748939
14 -0.4651826851
17 -0.4596569730
26 -0.4583897120
37 -0.4557271114
41 -0.4451008211
51 -0.4439083909
56 -0.4399585024
59 -0.4227433053
65 -0.4227349202
66 -0.4194772068
70 -0.4182366732
72 -0.4141835921
74 -0.4120820400
81 -0.4115121561
86 -0.4065581675
93 -0.4052376049
100 -0.4047978757
117 -0.4024352548
118 -0.4021368975
121 -0.4018252226
125 -0.3954496808
161 -0.3934533055
167 -0.3921925095
186 -0.3881092900
200 -0.3850788743
209 -0.3812884423
245 -0.3770820977
247 -0.3727169120
252 -0.3726598492
265 -0.3690692548
277 -0.3667615044
301 -0.3613495641
317 -0.3577429062
332 -0.3568149113
378 -0.3530076264
386 -0.3490603191
397 -0.3477397565
423 -0.3472433772
433 -0.3396555551
439 -0.3389595042
497 -0.3371881252
524 -0.3331350442
654 -0.3325184619
728 -0.3316901503
922 -0.3283647929
1665 -0.3261596785
2405 -0.3260418709
3687 -0.3242031860
8390 -0.3217908506
8599 -0.3160928115
20630 -0.3114435797
20940 -0.3091800837
21320 -0.3086153385
21603 -0.3079192877
27217 -0.3051825767
27389 -0.3044415594
100001 -0.3113299714
evaluations raw_y
1 -0.5196033834
5 -0.5124102472
15 -0.5119394199
17 -0.5075718857
31 -0.5072239287
33 -0.4960781398
34 -0.4930304748
36 -0.4825074762
39 -0.4781857447
44 -0.4767011408
46 -0.4706600235
47 -0.4643719712
61 -0.4564091674
67 -0.4541014170
74 -0.4474030538
78 -0.4404715868
80 -0.4264532490
82 -0.4190587783
89 -0.4169515278
90 -0.4112772530
106 -0.3995664660
110 -0.3940302324
113 -0.3927999422
127 -0.3895491672
148 -0.3877462148
162 -0.3866678731
164 -0.3803003796
165 -0.3753463910
178 -0.3729823036
184 -0.3692025566
186 -0.3613897387
191 -0.3606681342
197 -0.3580796503
199 -0.3517020070
225 -0.3516917519
230 -0.3493855789
231 -0.3487689966
260 -0.3462252701
267 -0.3444538911
290 -0.3426776649
305 -0.3380483585
347 -0.3358432440
354 -0.3321217805
367 -0.3264192963
396 -0.3223662152
403 -0.3203031823
424 -0.3199716083
471 -0.3163818459
483 -0.3160905977
576 -0.3111854041
597 -0.3106961313
604 -0.3100795490
615 -0.3074480187
708 -0.3067070013
829 -0.3052330067
2704 -0.3020402887
3175 -0.3017087146
4642 -0.3001934543
10746 -0.2955442226
48676 -0.2920664943
100001 -0.3059644056
evaluations raw_y
1 -0.5162990829
2 -0.5098834612
5 -0.5092252066
7 -0.5012220612
9 -0.4976425361
18 -0.4930120540
20 -0.4926880157
30 -0.4888244079
31 -0.4855741871
32 -0.4834803944
34 -0.4804966673
40 -0.4745800334
45 -0.4695192515
46 -0.4690391315
47 -0.4657014163
48 -0.4638770046
50 -0.4635351755
52 -0.4605421938
59 -0.4587180536
73 -0.4504940623
75 -0.4461498418
80 -0.4371404100
87 -0.4356664155
96 -0.4183275647
98 -0.4108065910
99 -0.4103186802
100 -0.4080109297
105 -0.4058981788
110 -0.3995205355
112 -0.3933558738
117 -0.3931636924
130 -0.3922356975
134 -0.3757698844
141 -0.3753889102
154 -0.3705455158
157 -0.3692782548
169 -0.3671362732
175 -0.3661515563
178 -0.3613400248
180 -0.3589628981
212 -0.3583463158
219 -0.3540613207
226 -0.3529859925
237 -0.3474042885
335 -0.3450439584
340 -0.3449868956
355 -0.3401420409
376 -0.3394459901
405 -0.3379719955
418 -0.3345131726
423 -0.3282268260
443 -0.3260217116
465 -0.3260133264
479 -0.3244031468
586 -0.3184754248
587 -0.3173609354
590 -0.3147068054
685 -0.3112845416
690 -0.3102835012
696 -0.3087682409
708 -0.3084264118
835 -0.3051010543
1089 -0.3036270598
13344 -0.3001493315
35487 -0.3000315240
50251 -0.2992456016
59877 -0.2974069167
100001 -0.2974069167
evaluations raw_y
1 -0.5252193356
3 -0.5203295717
4 -0.5199392355
6 -0.5194591154
7 -0.5185773311
10 -0.5136457048
11 -0.5042654662
14 -0.4996560513
15 -0.4961737768
16 -0.4900819848
17 -0.4888414512
18 -0.4876087159
26 -0.4850773013
31 -0.4787307918
35 -0.4752905026
36 -0.4689736691
37 -0.4660404264
45 -0.4624175812
47 -0.4623681945
53 -0.4611219628
56 -0.4592141228
57 -0.4589479829
60 -0.4565876527
61 -0.4516336641
65 -0.4483285578
76 -0.4375108576
82 -0.4344181505
87 -0.4339573517
94 -0.4337005480
98 -0.4332859026
116 -0.4290013853
120 -0.4284243524
127 -0.4284159673
132 -0.4188263626
146 -0.4133006505
149 -0.3964512518
166 -0.3938055069
187 -0.3919124019
199 -0.3901094494
202 -0.3895697891
208 -0.3845585653
214 -0.3767457474
225 -0.3754926438
226 -0.3693975966
241 -0.3664137970
259 -0.3612554183
261 -0.3562437907
276 -0.3540748834
297 -0.3508967357
306 -0.3502801534
320 -0.3502230906
334 -0.3502147054
347 -0.3500225240
403 -0.3489499133
414 -0.3451536360
420 -0.3422531872
424 -0.3418385418
444 -0.3395806119
461 -0.3350667243
466 -0.3320190593
535 -0.3315389393
615 -0.3314212065
625 -0.3252170478
666 -0.3149802553
1234 -0.3141784143
1372 -0.3106541222
1419 -0.3098681998
7771 -0.3082795984
7984 -0.3081531929
7985 -0.3076450886
8736 -0.3071545199
8773 -0.3067537059
8797 -0.3055131723
8826 -0.3048965900
8886 -0.3013182968
13263 -0.2994879970
13504 -0.2994796119
43677 -0.2988507221
48836 -0.2975247242
100001 -0.3052039163
evaluations raw_y
1 -0.5015568055
2 -0.4950315353
7 -0.4906795540
11 -0.4801057159
13 -0.4780426830
14 -0.4757808963
18 -0.4754613162
27 -0.4687362791
28 -0.4680402283
35 -0.4677293508
41 -0.4602083771
44 -0.4500471856
47 -0.4399399752
62 -0.4349859866
64 -0.4328440050
74 -0.4261456418
80 -0.4204280045
90 -0.4169652458
93 -0.4157247122
96 -0.4136205928
98 -0.4131365502
99 -0.4088148186
108 -0.4052606824
123 -0.4034577299
125 -0.4023129850
141 -0.3966149459
151 -0.3915127027
154 -0.3913023401
157 -0.3849814196
159 -0.3834598813
160 -0.3823770139
174 -0.3800975655
178 -0.3743477805
181 -0.3740162065
187 -0.3667663975
188 -0.3597440303
194 -0.3584234677
196 -0.3517506555
220 -0.3516594198
225 -0.3459030140
237 -0.3446727239
240 -0.3429447714
271 -0.3329422224
296 -0.3272397382
322 -0.3266231559
323 -0.3243272206
354 -0.3240610808
369 -0.3222897017
371 -0.3205788063
434 -0.3198007147
479 -0.3168821834
497 -0.3151999584
541 -0.3150007591
556 -0.3089552295
583 -0.3063147036
1336 -0.3055736862
7104 -0.3020493941
8132 -0.3013062514
8278 -0.2991011370
100001 -0.3092407717
evaluations raw_y
1 -0.5128562748
5 -0.5078446473
6 -0.5035145188
9 -0.4956768560
17 -0.4814497115
18 -0.4641155718
19 -0.4615374256
25 -0.4595166438
30 -0.4469192103
33 -0.4439859676
42 -0.4427251716
44 -0.4386468263
50 -0.4345738822
57 -0.4265231658
61 -0.4197070044
62 -0.4103283967
69 -0.4097118144
72 -0.4097034293
74 -0.4076403963
75 -0.4041780860
76 -0.4034533113
79 -0.3952039312
85 -0.3922109495
89 -0.3887313950
90 -0.3856397223
94 -0.3818434450
130 -0.3762046782
140 -0.3724405853
214 -0.3721090112
259 -0.3695250981
260 -0.3682742114
265 -0.3673931669
266 -0.3619942249
267 -0.3609852131
284 -0.3601227021
291 -0.3516359388
298 -0.3471220512
304 -0.3455551790
346 -0.3401703003
351 -0.3367800117
392 -0.3357709998
402 -0.3336484673
418 -0.3313014549
425 -0.3289937045
441 -0.3274721661
478 -0.3235259373
565 -0.3212213220
579 -0.3171604397
626 -0.3170340342
647 -0.3165539142
678 -0.3148430187
724 -0.3136127286
736 -0.3098222966
880 -0.3090812792
933 -0.3037616434
965 -0.3027606030
6889 -0.3019983703
6981 -0.3015837249
7009 -0.2998123459
8459 -0.2982970856
42538 -0.2981792780
42733 -0.2928200823
100001 -0.2928200823
