evaluations raw_y
1 2.0000000000
8 3.0000000000
12 4.0000000000
41 6.0000000000
53 9.0000000000
95 11.0000000000
211 12.0000000000
383 14.0000000000
485 16.0000000000
680 17.0000000000
878 18.0000000000
989 19.0000000000
1220 20.0000000000
1725 21.0000000000
1826 25.0000000000
1888 28.0000000000
2007 29.0000000000
2095 32.0000000000
2319 34.0000000000
2435 46.0000000000
2502 48.0000000000
2818 50.0000000000
2978 52.0000000000
3220 55.0000000000
3515 56.0000000000
3634 58.0000000000
3900 60.0000000000
4363 65.0000000000
4600 66.0000000000
4932 67.0000000000
5206 70.0000000000
5257 71.0000000000
5571 72.0000000000
5726 75.0000000000
5881 79.0000000000
5930 80.0000000000
6135 81.0000000000
6608 82.0000000000
6829 83.0000000000
6946 85.0000000000
7088 86.0000000000
7656 87.0000000000
7827 91.0000000000
7862 93.0000000000
8834 94.0000000000
8845 95.0000000000
9077 98.0000000000
9296 100.0000000000
100001 45.0000000000
evaluations raw_y
1 2.0000000000
10 3.0000000000
23 7.0000000000
74 9.0000000000
107 10.0000000000
235 11.0000000000
290 12.0000000000
673 13.0000000000
879 16.0000000000
992 19.0000000000
1228 20.0000000000
1469 21.0000000000
1802 22.0000000000
1825 23.0000000000
1975 27.0000000000
2259 29.0000000000
2512 31.0000000000
2590 32.0000000000
3004 36.0000000000
3051 37.0000000000
3164 38.0000000000
3456 43.0000000000
3519 46.0000000000
3670 47.0000000000
4148 48.0000000000
4313 49.0000000000
4523 50.0000000000
4711 53.0000000000
4907 55.0000000000
5078 56.0000000000
5437 58.0000000000
6030 60.0000000000
6068 61.0000000000
6498 62.0000000000
6871 68.0000000000
6989 71.0000000000
7189 72.0000000000
7567 77.0000000000
7762 79.0000000000
7978 80.0000000000
8018 81.0000000000
8629 82.0000000000
8775 83.0000000000
8826 86.0000000000
8837 90.0000000000
9215 93.0000000000
9283 96.0000000000
10139 97.0000000000
10855 100.0000000000
100001 100.0000000000
evaluations raw_y
1 0.0000000000
4 6.0000000000
29 7.0000000000
54 8.0000000000
59 9.0000000000
125 12.0000000000
184 15.0000000000
347 16.0000000000
352 17.0000000000
372 18.0000000000
405 19.0000000000
535 22.0000000000
588 23.0000000000
605 26.0000000000
709 27.0000000000
1135 31.0000000000
1255 32.0000000000
1402 34.0000000000
1414 35.0000000000
1632 37.0000000000
1793 39.0000000000
2042 40.0000000000
2061 42.0000000000
2258 43.0000000000
2337 45.0000000000
2560 50.0000000000
2685 54.0000000000
2819 59.0000000000
3063 60.0000000000
3123 61.0000000000
3310 65.0000000000
3396 69.0000000000
3597 70.0000000000
3858 74.0000000000
4831 78.0000000000
5078 80.0000000000
5251 81.0000000000
5581 83.0000000000
5795 84.0000000000
6285 85.0000000000
6614 89.0000000000
6876 90.0000000000
7101 91.0000000000
7229 93.0000000000
7291 97.0000000000
7469 99.0000000000
7776 100.0000000000
100001 39.0000000000
evaluations raw_y
1 1.0000000000
3 2.0000000000
49 6.0000000000
82 11.0000000000
158 12.0000000000
237 15.0000000000
242 17.0000000000
355 19.0000000000
435 20.0000000000
742 21.0000000000
848 22.0000000000
1141 26.0000000000
1209 28.0000000000
1441 29.0000000000
1639 31.0000000000
1749 32.0000000000
1989 35.0000000000
2246 36.0000000000
2571 41.0000000000
2829 42.0000000000
2942 43.0000000000
3094 46.0000000000
3268 48.0000000000
3365 51.0000000000
3682 52.0000000000
3836 54.0000000000
4572 55.0000000000
4740 56.0000000000
4943 57.0000000000
5110 59.0000000000
5233 61.0000000000
5310 62.0000000000
6160 64.0000000000
6278 68.0000000000
6434 69.0000000000
6523 71.0000000000
6567 72.0000000000
7036 73.0000000000
7480 74.0000000000
7602 75.0000000000
7730 78.0000000000
8543 80.0000000000
9139 81.0000000000
9360 82.0000000000
9685 83.0000000000
9790 84.0000000000
10053 85.0000000000
10231 88.0000000000
10339 91.0000000000
10962 93.0000000000
11110 94.0000000000
11191 99.0000000000
11340 100.0000000000
100001 5.0000000000
evaluations raw_y
1 1.0000000000
6 2.0000000000
8 3.0000000000
18 5.0000000000
58 7.0000000000
101 9.0000000000
110 14.0000000000
132 17.0000000000
342 18.0000000000
453 19.0000000000
665 21.0000000000
699 24.0000000000
828 27.0000000000
983 28.0000000000
1396 29.0000000000
1588 30.0000000000
1630 31.0000000000
1865 34.0000000000
2051 35.0000000000
2061 36.0000000000
2244 37.0000000000
2621 38.0000000000
2714 42.0000000000
3351 45.0000000000
3432 46.0000000000
3520 50.0000000000
4033 53.0000000000
4218 54.0000000000
4507 55.0000000000
4745 58.0000000000
4805 60.0000000000
5317 64.0000000000
5846 66.0000000000
5904 67.0000000000
6044 68.0000000000
6232 70.0000000000
6750 72.0000000000
6825 75.0000000000
6983 77.0000000000
6997 81.0000000000
7194 84.0000000000
7218 87.0000000000
7525 88.0000000000
7613 91.0000000000
7741 93.0000000000
7889 99.0000000000
8225 100.0000000000
100001 100.0000000000
evaluations raw_y
1 0.0000000000
5 1.0000000000
8 2.0000000000
30 6.0000000000
49 7.0000000000
102 8.0000000000
110 10.0000000000
233 12.0000000000
311 13.0000000000
432 14.0000000000
509 17.0000000000
533 20.0000000000
667 21.0000000000
888 22.0000000000
925 23.0000000000
1189 24.0000000000
1216 27.0000000000
1279 29.0000000000
1420 31.0000000000
2335 37.0000000000
2633 39.0000000000
2713 40.0000000000
2923 41.0000000000
3070 43.0000000000
3206 47.0000000000
3292 48.0000000000
3484 54.0000000000
3856 57.0000000000
4147 58.0000000000
4210 60.0000000000
4300 61.0000000000
4380 62.0000000000
4523 63.0000000000
4617 64.0000000000
4753 65.0000000000
5310 67.0000000000
5393 68.0000000000
5761 70.0000000000
5989 73.0000000000
6225 76.0000000000
6343 79.0000000000
6379 80.0000000000
6993 81.0000000000
7413 83.0000000000
7608 89.0000000000
7695 90.0000000000
7749 91.0000000000
7943 92.0000000000
8380 95.0000000000
8492 96.0000000000
8879 97.0000000000
9523 100.0000000000
100001 37.0000000000
evaluations raw_y
1 1.0000000000
5 4.0000000000
23 6.0000000000
26 7.0000000000
58 9.0000000000
84 10.0000000000
101 17.0000000000
174 20.0000000000
331 22.0000000000
402 26.0000000000
443 29.0000000000
697 32.0000000000
826 34.0000000000
885 35.0000000000
961 36.0000000000
1259 37.0000000000
1378 38.0000000000
1511 43.0000000000
1689 44.0000000000
1935 45.0000000000
1991 47.0000000000
2272 50.0000000000
2505 52.0000000000
2605 54.0000000000
2623 56.0000000000
2691 57.0000000000
2831 58.0000000000
2898 59.0000000000
3099 63.0000000000
3761 64.0000000000
3860 65.0000000000
4250 66.0000000000
4508 67.0000000000
4673 73.0000000000
4973 75.0000000000
4982 77.0000000000
5106 82.0000000000
5371 85.0000000000
5557 87.0000000000
5669 88.0000000000
5969 89.0000000000
6223 94.0000000000
6676 95.0000000000
6981 96.0000000000
7437 97.0000000000
7560 98.0000000000
7697 99.0000000000
7965 100.0000000000
100001 46.0000000000
evaluations raw_y
1 0.0000000000
3 1.0000000000
8 7.0000000000
66 8.0000000000
182 9.0000000000
218 12.0000000000
389 13.0000000000
543 14.0000000000
747 17.0000000000
809 18.0000000000
934 22.0000000000
1148 23.0000000000
1222 26.0000000000
1599 28.0000000000
1976 29.0000000000
2208 30.0000000000
2470 31.0000000000
2873 32.0000000000
3151 33.0000000000
3298 35.0000000000
3589 40.0000000000
3693 43.0000000000
3757 47.0000000000
4021 48.0000000000
4141 49.0000000000
4270 50.0000000000
4612 54.0000000000
4688 56.0000000000
4869 57.0000000000
5339 58.0000000000
5623 61.0000000000
5752 63.0000000000
6061 64.0000000000
6240 69.0000000000
6533 74.0000000000
6957 76.0000000000
7138 77.0000000000
7550 78.0000000000
7906 79.0000000000
8089 80.0000000000
9484 87.0000000000
9659 88.0000000000
10030 89.0000000000
10351 90.0000000000
10669 93.0000000000
10970 95.0000000000
11664 98.0000000000
12393 100.0000000000
100001 18.0000000000
evaluations raw_y
1 0.0000000000
2 3.0000000000
7 6.0000000000
33 7.0000000000
53 8.0000000000
109 9.0000000000
171 11.0000000000
409 12.0000000000
644 19.0000000000
718 21.0000000000
776 23.0000000000
1033 24.0000000000
1123 30.0000000000
1211 34.0000000000
1472 36.0000000000
1632 39.0000000000
1772 40.0000000000
1912 44.0000000000
2480 45.0000000000
2596 46.0000000000
2754 47.0000000000
2823 48.0000000000
3231 49.0000000000
3319 50.0000000000
3550 51.0000000000
3747 53.0000000000
4076 54.0000000000
4191 55.0000000000
4358 56.0000000000
4507 57.0000000000
4694 59.0000000000
4808 61.0000000000
4918 64.0000000000
5491 66.0000000000
5656 67.0000000000
5996 70.0000000000
6723 71.0000000000
7355 72.0000000000
7583 73.0000000000
7918 77.0000000000
8028 78.0000000000
8162 79.0000000000
8314 80.0000000000
8503 81.0000000000
8624 82.0000000000
9370 84.0000000000
9742 86.0000000000
10339 88.0000000000
10992 90.0000000000
11525 93.0000000000
12438 95.0000000000
12500 96.0000000000
13759 100.0000000000
100001 67.0000000000
evaluations raw_y
1 0.0000000000
4 1.0000000000
7 4.0000000000
49 5.0000000000
55 9.0000000000
100 11.0000000000
579 12.0000000000
599 13.0000000000
748 16.0000000000
1165 18.0000000000
1236 21.0000000000
1641 23.0000000000
1727 28.0000000000
1877 32.0000000000
2034 33.0000000000
2230 34.0000000000
2374 35.0000000000
2504 36.0000000000
2564 37.0000000000
2799 38.0000000000
2977 41.0000000000
3073 42.0000000000
3739 43.0000000000
3843 44.0000000000
4144 48.0000000000
4347 49.0000000000
4388 52.0000000000
4563 54.0000000000
4743 57.0000000000
5202 60.0000000000
5317 63.0000000000
5788 70.0000000000
5913 73.0000000000
6027 76.0000000000
6361 77.0000000000
6559 78.0000000000
6760 81.0000000000
6903 85.0000000000
7213 86.0000000000
7276 87.0000000000
7502 92.0000000000
7820 94.0000000000
8087 95.0000000000
8142 96.0000000000
8516 97.0000000000
8550 98.0000000000
9566 100.0000000000
100001 25.0000000000
