evaluations raw_y
1 -234.0000000000
2 -185.0000000000
119 -184.0000000000
186 -182.0000000000
243 -181.0000000000
248 -178.0000000000
351 -177.0000000000
364 -176.0000000000
422 -175.0000000000
454 -172.0000000000
497 -171.0000000000
524 -170.0000000000
531 -169.0000000000
586 -168.0000000000
633 -167.0000000000
681 -166.0000000000
693 -164.0000000000
708 -163.0000000000
761 -162.0000000000
774 -161.0000000000
792 -160.0000000000
811 -159.0000000000
841 -158.0000000000
852 -157.0000000000
915 -156.0000000000
936 -155.0000000000
979 -154.0000000000
990 -153.0000000000
1026 -152.0000000000
1077 -151.0000000000
1094 -150.0000000000
1116 -149.0000000000
1162 -148.0000000000
1177 -147.0000000000
1232 -145.0000000000
1324 -144.0000000000
1363 -143.0000000000
1381 -142.0000000000
1414 -140.0000000000
1480 -138.0000000000
1542 -136.0000000000
1550 -135.0000000000
1561 -134.0000000000
1601 -133.0000000000
1662 -132.0000000000
1699 -131.0000000000
1743 -130.0000000000
1818 -129.0000000000
1850 -128.0000000000
1896 -127.0000000000
1939 -126.0000000000
1970 -125.0000000000
2004 -124.0000000000
2049 -123.0000000000
2103 -122.0000000000
2118 -121.0000000000
2168 -120.0000000000
2195 -119.0000000000
2280 -117.0000000000
2403 -116.0000000000
2407 -115.0000000000
2444 -114.0000000000
2448 -111.0000000000
2457 -109.0000000000
2501 -108.0000000000
2535 -106.0000000000
2595 -105.0000000000
2634 -104.0000000000
2646 -103.0000000000
2742 -102.0000000000
2812 -100.0000000000
2955 -99.0000000000
3046 -98.0000000000
3080 -97.0000000000
3171 -96.0000000000
3182 -95.0000000000
3240 -94.0000000000
3382 -93.0000000000
3416 -92.0000000000
3458 -91.0000000000
3496 -90.0000000000
3553 -89.0000000000
3651 -88.0000000000
3693 -87.0000000000
3773 -86.0000000000
3850 -85.0000000000
3883 -84.0000000000
3957 -83.0000000000
3973 -82.0000000000
4105 -81.0000000000
4212 -80.0000000000
4213 -79.0000000000
4316 -78.0000000000
4432 -77.0000000000
4508 -76.0000000000
4598 -75.0000000000
4608 -74.0000000000
4613 -73.0000000000
4718 -72.0000000000
4745 -71.0000000000
4867 -70.0000000000
4908 -68.0000000000
4988 -67.0000000000
5081 -66.0000000000
5144 -65.0000000000
5239 -63.0000000000
5292 -62.0000000000
5393 -61.0000000000
5410 -60.0000000000
5535 -59.0000000000
5568 -58.0000000000
5647 -57.0000000000
5682 -56.0000000000
5817 -55.0000000000
5818 -54.0000000000
5837 -53.0000000000
5865 -52.0000000000
5924 -51.0000000000
6026 -50.0000000000
6130 -49.0000000000
6216 -48.0000000000
6239 -47.0000000000
6269 -46.0000000000
6402 -45.0000000000
6492 -44.0000000000
6591 -43.0000000000
6750 -42.0000000000
6852 -41.0000000000
6906 -40.0000000000
6981 -39.0000000000
7125 -38.0000000000
7152 -37.0000000000
7226 -36.0000000000
7282 -35.0000000000
7415 -33.0000000000
7641 -32.0000000000
7710 -31.0000000000
7869 -30.0000000000
8114 -29.0000000000
8146 -28.0000000000
8200 -27.0000000000
8418 -26.0000000000
8662 -25.0000000000
8707 -24.0000000000
8823 -23.0000000000
9006 -22.0000000000
9156 -21.0000000000
9404 -20.0000000000
9568 -19.0000000000
9768 -17.0000000000
9931 -16.0000000000
10050 -18.0000000000
evaluations raw_y
1 -218.0000000000
2 -217.0000000000
3 -212.0000000000
4 -200.0000000000
23 -198.0000000000
33 -197.0000000000
40 -190.0000000000
75 -189.0000000000
84 -188.0000000000
156 -187.0000000000
174 -186.0000000000
188 -185.0000000000
218 -184.0000000000
226 -182.0000000000
283 -181.0000000000
333 -180.0000000000
393 -179.0000000000
395 -178.0000000000
400 -177.0000000000
448 -176.0000000000
481 -175.0000000000
523 -174.0000000000
553 -173.0000000000
597 -172.0000000000
619 -170.0000000000
689 -169.0000000000
723 -168.0000000000
782 -166.0000000000
797 -165.0000000000
810 -163.0000000000
853 -162.0000000000
883 -161.0000000000
886 -160.0000000000
919 -159.0000000000
968 -157.0000000000
1020 -156.0000000000
1101 -155.0000000000
1121 -153.0000000000
1160 -151.0000000000
1209 -149.0000000000
1242 -148.0000000000
1271 -147.0000000000
1346 -146.0000000000
1361 -145.0000000000
1392 -144.0000000000
1444 -143.0000000000
1464 -142.0000000000
1525 -141.0000000000
1543 -140.0000000000
1581 -139.0000000000
1605 -138.0000000000
1624 -137.0000000000
1631 -136.0000000000
1675 -135.0000000000
1693 -134.0000000000
1792 -133.0000000000
1867 -132.0000000000
1929 -131.0000000000
1964 -129.0000000000
2096 -128.0000000000
2152 -127.0000000000
2197 -126.0000000000
2274 -125.0000000000
2296 -124.0000000000
2375 -123.0000000000
2418 -121.0000000000
2471 -120.0000000000
2480 -119.0000000000
2529 -118.0000000000
2554 -117.0000000000
2628 -116.0000000000
2630 -115.0000000000
2635 -114.0000000000
2687 -113.0000000000
2733 -112.0000000000
2746 -111.0000000000
2760 -110.0000000000
2781 -109.0000000000
2821 -108.0000000000
2888 -107.0000000000
2948 -105.0000000000
3042 -104.0000000000
3135 -103.0000000000
3213 -102.0000000000
3265 -101.0000000000
3267 -99.0000000000
3312 -98.0000000000
3408 -97.0000000000
3414 -96.0000000000
3489 -95.0000000000
3498 -94.0000000000
3558 -93.0000000000
3677 -92.0000000000
3732 -91.0000000000
3766 -90.0000000000
3851 -89.0000000000
3872 -88.0000000000
3958 -87.0000000000
4011 -86.0000000000
4052 -85.0000000000
4131 -84.0000000000
4182 -83.0000000000
4222 -82.0000000000
4301 -81.0000000000
4350 -80.0000000000
4456 -79.0000000000
4477 -78.0000000000
4578 -77.0000000000
4691 -76.0000000000
4799 -75.0000000000
4871 -74.0000000000
4887 -73.0000000000
5010 -72.0000000000
5019 -71.0000000000
5081 -70.0000000000
5212 -69.0000000000
5251 -68.0000000000
5295 -67.0000000000
5415 -66.0000000000
5483 -65.0000000000
5515 -64.0000000000
5668 -63.0000000000
5748 -62.0000000000
5881 -61.0000000000
5891 -60.0000000000
5979 -59.0000000000
6029 -58.0000000000
6109 -57.0000000000
6191 -56.0000000000
6194 -55.0000000000
6215 -54.0000000000
6243 -53.0000000000
6287 -52.0000000000
6421 -51.0000000000
6487 -49.0000000000
6524 -48.0000000000
6618 -47.0000000000
6667 -46.0000000000
6840 -45.0000000000
6848 -44.0000000000
6977 -43.0000000000
7070 -42.0000000000
7171 -41.0000000000
7202 -40.0000000000
7327 -39.0000000000
7421 -38.0000000000
7527 -37.0000000000
7642 -36.0000000000
7816 -35.0000000000
7924 -34.0000000000
8045 -33.0000000000
8199 -32.0000000000
8369 -31.0000000000
8528 -29.0000000000
8829 -28.0000000000
9037 -27.0000000000
9040 -26.0000000000
9092 -25.0000000000
9279 -24.0000000000
9402 -23.0000000000
9450 -22.0000000000
9604 -21.0000000000
9697 -20.0000000000
9890 -19.0000000000
10002 -18.0000000000
10050 -21.0000000000
evaluations raw_y
1 -210.0000000000
2 -206.0000000000
7 -205.0000000000
9 -202.0000000000
10 -201.0000000000
17 -195.0000000000
42 -194.0000000000
43 -179.0000000000
123 -178.0000000000
148 -177.0000000000
191 -176.0000000000
225 -175.0000000000
295 -174.0000000000
326 -173.0000000000
349 -172.0000000000
427 -171.0000000000
447 -169.0000000000
498 -168.0000000000
540 -167.0000000000
574 -165.0000000000
594 -164.0000000000
649 -163.0000000000
651 -162.0000000000
672 -161.0000000000
723 -160.0000000000
767 -159.0000000000
806 -158.0000000000
827 -156.0000000000
887 -155.0000000000
907 -154.0000000000
965 -153.0000000000
991 -152.0000000000
1087 -150.0000000000
1108 -148.0000000000
1156 -147.0000000000
1184 -145.0000000000
1197 -144.0000000000
1255 -143.0000000000
1304 -142.0000000000
1323 -140.0000000000
1372 -138.0000000000
1417 -137.0000000000
1501 -136.0000000000
1618 -135.0000000000
1623 -134.0000000000
1647 -133.0000000000
1659 -132.0000000000
1675 -131.0000000000
1775 -130.0000000000
1865 -129.0000000000
1894 -128.0000000000
1954 -127.0000000000
1980 -126.0000000000
2018 -125.0000000000
2081 -124.0000000000
2127 -123.0000000000
2199 -122.0000000000
2219 -121.0000000000
2263 -120.0000000000
2341 -119.0000000000
2354 -118.0000000000
2381 -117.0000000000
2443 -116.0000000000
2504 -115.0000000000
2521 -114.0000000000
2540 -113.0000000000
2625 -111.0000000000
2640 -110.0000000000
2685 -109.0000000000
2732 -108.0000000000
2785 -107.0000000000
2834 -106.0000000000
2884 -105.0000000000
2973 -103.0000000000
3027 -102.0000000000
3052 -101.0000000000
3078 -100.0000000000
3221 -99.0000000000
3251 -98.0000000000
3322 -97.0000000000
3346 -96.0000000000
3417 -95.0000000000
3483 -93.0000000000
3564 -92.0000000000
3595 -91.0000000000
3636 -90.0000000000
3671 -88.0000000000
3705 -87.0000000000
3711 -86.0000000000
3790 -84.0000000000
3898 -83.0000000000
3971 -82.0000000000
3980 -81.0000000000
4039 -80.0000000000
4128 -78.0000000000
4251 -77.0000000000
4342 -76.0000000000
4450 -75.0000000000
4477 -74.0000000000
4549 -72.0000000000
4653 -71.0000000000
4758 -70.0000000000
4838 -69.0000000000
4894 -68.0000000000
5015 -67.0000000000
5091 -66.0000000000
5127 -65.0000000000
5240 -64.0000000000
5305 -63.0000000000
5436 -62.0000000000
5441 -61.0000000000
5449 -60.0000000000
5499 -59.0000000000
5652 -58.0000000000
5703 -57.0000000000
5765 -56.0000000000
5833 -55.0000000000
5961 -54.0000000000
5984 -53.0000000000
6060 -52.0000000000
6123 -51.0000000000
6174 -50.0000000000
6342 -49.0000000000
6412 -48.0000000000
6426 -47.0000000000
6608 -46.0000000000
6617 -45.0000000000
6626 -44.0000000000
6723 -43.0000000000
6852 -42.0000000000
6900 -41.0000000000
6970 -40.0000000000
6988 -39.0000000000
7164 -38.0000000000
7369 -37.0000000000
7532 -35.0000000000
7657 -34.0000000000
7685 -33.0000000000
7832 -32.0000000000
8099 -31.0000000000
8111 -29.0000000000
8148 -28.0000000000
8414 -27.0000000000
8605 -26.0000000000
8726 -23.0000000000
8932 -22.0000000000
9062 -21.0000000000
9248 -20.0000000000
9336 -18.0000000000
9618 -17.0000000000
9824 -16.0000000000
9912 -15.0000000000
10050 -16.0000000000
evaluations raw_y
1 -206.0000000000
12 -205.0000000000
16 -202.0000000000
26 -193.0000000000
72 -192.0000000000
131 -191.0000000000
134 -190.0000000000
167 -189.0000000000
175 -188.0000000000
211 -187.0000000000
244 -186.0000000000
305 -185.0000000000
319 -184.0000000000
324 -183.0000000000
326 -182.0000000000
389 -181.0000000000
432 -180.0000000000
444 -179.0000000000
461 -178.0000000000
517 -177.0000000000
526 -176.0000000000
568 -175.0000000000
604 -172.0000000000
662 -171.0000000000
682 -170.0000000000
711 -169.0000000000
741 -167.0000000000
817 -166.0000000000
846 -165.0000000000
876 -164.0000000000
904 -163.0000000000
946 -162.0000000000
973 -160.0000000000
987 -159.0000000000
1055 -157.0000000000
1087 -156.0000000000
1124 -155.0000000000
1150 -154.0000000000
1153 -153.0000000000
1184 -152.0000000000
1209 -151.0000000000
1255 -150.0000000000
1283 -149.0000000000
1288 -148.0000000000
1297 -147.0000000000
1365 -145.0000000000
1422 -144.0000000000
1470 -143.0000000000
1534 -142.0000000000
1535 -141.0000000000
1613 -140.0000000000
1623 -139.0000000000
1633 -137.0000000000
1662 -136.0000000000
1695 -134.0000000000
1735 -133.0000000000
1749 -131.0000000000
1776 -130.0000000000
1788 -129.0000000000
1853 -128.0000000000
1911 -127.0000000000
1940 -126.0000000000
1975 -125.0000000000
2010 -124.0000000000
2034 -123.0000000000
2103 -122.0000000000
2127 -120.0000000000
2172 -119.0000000000
2185 -118.0000000000
2255 -116.0000000000
2262 -115.0000000000
2300 -114.0000000000
2401 -113.0000000000
2407 -112.0000000000
2463 -111.0000000000
2504 -110.0000000000
2523 -109.0000000000
2566 -108.0000000000
2616 -107.0000000000
2621 -106.0000000000
2673 -105.0000000000
2702 -104.0000000000
2726 -103.0000000000
2803 -102.0000000000
2925 -101.0000000000
2978 -100.0000000000
2994 -98.0000000000
3045 -97.0000000000
3142 -96.0000000000
3235 -95.0000000000
3244 -94.0000000000
3278 -93.0000000000
3381 -92.0000000000
3406 -91.0000000000
3425 -90.0000000000
3514 -89.0000000000
3556 -88.0000000000
3674 -87.0000000000
3757 -86.0000000000
3771 -85.0000000000
3905 -84.0000000000
3930 -82.0000000000
3948 -81.0000000000
4026 -80.0000000000
4092 -79.0000000000
4112 -78.0000000000
4229 -77.0000000000
4289 -76.0000000000
4306 -75.0000000000
4427 -74.0000000000
4453 -73.0000000000
4568 -72.0000000000
4603 -71.0000000000
4608 -70.0000000000
4703 -69.0000000000
4719 -68.0000000000
4846 -67.0000000000
4958 -66.0000000000
5027 -65.0000000000
5078 -64.0000000000
5100 -63.0000000000
5251 -62.0000000000
5354 -61.0000000000
5372 -59.0000000000
5493 -58.0000000000
5520 -57.0000000000
5568 -56.0000000000
5693 -55.0000000000
5776 -53.0000000000
5836 -51.0000000000
5901 -50.0000000000
5973 -49.0000000000
6138 -48.0000000000
6184 -47.0000000000
6301 -46.0000000000
6446 -45.0000000000
6561 -44.0000000000
6668 -43.0000000000
6745 -42.0000000000
6827 -41.0000000000
6964 -40.0000000000
7148 -39.0000000000
7291 -38.0000000000
7385 -37.0000000000
7491 -36.0000000000
7607 -35.0000000000
7785 -34.0000000000
7885 -33.0000000000
8047 -32.0000000000
8106 -31.0000000000
8389 -30.0000000000
8581 -29.0000000000
8599 -28.0000000000
8828 -27.0000000000
8971 -25.0000000000
9038 -24.0000000000
9170 -23.0000000000
9286 -22.0000000000
9519 -21.0000000000
9657 -20.0000000000
9862 -19.0000000000
9868 -18.0000000000
10031 -17.0000000000
10050 -19.0000000000
evaluations raw_y
1 -211.0000000000
3 -201.0000000000
11 -195.0000000000
50 -188.0000000000
168 -187.0000000000
220 -186.0000000000
221 -185.0000000000
235 -184.0000000000
297 -182.0000000000
307 -181.0000000000
343 -179.0000000000
400 -178.0000000000
418 -177.0000000000
443 -176.0000000000
470 -175.0000000000
518 -174.0000000000
536 -173.0000000000
568 -172.0000000000
611 -171.0000000000
655 -170.0000000000
693 -169.0000000000
708 -168.0000000000
742 -167.0000000000
767 -166.0000000000
805 -165.0000000000
837 -164.0000000000
900 -163.0000000000
946 -162.0000000000
1000 -161.0000000000
1020 -160.0000000000
1036 -159.0000000000
1081 -158.0000000000
1092 -157.0000000000
1096 -156.0000000000
1120 -155.0000000000
1173 -154.0000000000
1189 -153.0000000000
1228 -152.0000000000
1277 -150.0000000000
1313 -149.0000000000
1376 -148.0000000000
1384 -147.0000000000
1447 -146.0000000000
1486 -145.0000000000
1546 -144.0000000000
1555 -143.0000000000
1587 -142.0000000000
1611 -141.0000000000
1613 -140.0000000000
1652 -139.0000000000
1694 -138.0000000000
1706 -137.0000000000
1723 -136.0000000000
1782 -135.0000000000
1836 -134.0000000000
1897 -133.0000000000
1983 -132.0000000000
1984 -130.0000000000
2029 -129.0000000000
2094 -128.0000000000
2117 -127.0000000000
2200 -126.0000000000
2226 -125.0000000000
2279 -124.0000000000
2326 -123.0000000000
2352 -122.0000000000
2397 -121.0000000000
2494 -120.0000000000
2510 -119.0000000000
2553 -118.0000000000
2656 -117.0000000000
2660 -115.0000000000
2695 -114.0000000000
2772 -113.0000000000
2816 -112.0000000000
2825 -110.0000000000
2867 -109.0000000000
2944 -108.0000000000
2960 -107.0000000000
3021 -106.0000000000
3083 -105.0000000000
3157 -103.0000000000
3330 -102.0000000000
3347 -101.0000000000
3450 -100.0000000000
3458 -99.0000000000
3499 -98.0000000000
3564 -97.0000000000
3594 -96.0000000000
3689 -95.0000000000
3735 -94.0000000000
3757 -92.0000000000
3786 -91.0000000000
3830 -90.0000000000
3888 -89.0000000000
3971 -88.0000000000
4033 -87.0000000000
4053 -85.0000000000
4118 -84.0000000000
4177 -82.0000000000
4293 -81.0000000000
4315 -80.0000000000
4388 -79.0000000000
4417 -78.0000000000
4431 -77.0000000000
4599 -76.0000000000
4678 -75.0000000000
4684 -74.0000000000
4722 -73.0000000000
4861 -72.0000000000
4881 -71.0000000000
4926 -70.0000000000
4962 -69.0000000000
5091 -68.0000000000
5264 -67.0000000000
5395 -66.0000000000
5448 -65.0000000000
5457 -64.0000000000
5540 -63.0000000000
5636 -62.0000000000
5701 -60.0000000000
5761 -59.0000000000
5779 -58.0000000000
5869 -57.0000000000
5989 -56.0000000000
6062 -55.0000000000
6225 -54.0000000000
6258 -53.0000000000
6266 -52.0000000000
6354 -51.0000000000
6503 -50.0000000000
6537 -49.0000000000
6576 -48.0000000000
6709 -47.0000000000
6913 -46.0000000000
7017 -45.0000000000
7149 -44.0000000000
7334 -43.0000000000
7441 -42.0000000000
7548 -41.0000000000
7599 -40.0000000000
7732 -39.0000000000
7849 -38.0000000000
8040 -37.0000000000
8158 -36.0000000000
8208 -34.0000000000
8277 -33.0000000000
8464 -32.0000000000
8591 -31.0000000000
8721 -30.0000000000
8949 -29.0000000000
9058 -28.0000000000
9233 -27.0000000000
9370 -26.0000000000
9495 -25.0000000000
9633 -24.0000000000
9757 -23.0000000000
9922 -22.0000000000
10043 -21.0000000000
10050 -24.0000000000
evaluations raw_y
1 -222.0000000000
3 -220.0000000000
4 -217.0000000000
9 -195.0000000000
42 -194.0000000000
73 -193.0000000000
107 -192.0000000000
110 -191.0000000000
169 -189.0000000000
233 -188.0000000000
285 -187.0000000000
335 -186.0000000000
357 -184.0000000000
399 -183.0000000000
442 -182.0000000000
487 -181.0000000000
509 -180.0000000000
549 -179.0000000000
573 -178.0000000000
615 -176.0000000000
650 -175.0000000000
684 -174.0000000000
767 -173.0000000000
796 -171.0000000000
812 -170.0000000000
866 -169.0000000000
911 -168.0000000000
935 -167.0000000000
980 -166.0000000000
987 -164.0000000000
1031 -163.0000000000
1085 -161.0000000000
1178 -160.0000000000
1188 -159.0000000000
1215 -158.0000000000
1254 -157.0000000000
1289 -156.0000000000
1335 -154.0000000000
1417 -152.0000000000
1471 -151.0000000000
1479 -150.0000000000
1540 -149.0000000000
1586 -147.0000000000
1607 -146.0000000000
1632 -143.0000000000
1726 -142.0000000000
1748 -141.0000000000
1785 -140.0000000000
1830 -139.0000000000
1851 -138.0000000000
1873 -137.0000000000
1877 -135.0000000000
1891 -134.0000000000
1960 -132.0000000000
1966 -131.0000000000
1999 -130.0000000000
2041 -129.0000000000
2095 -128.0000000000
2141 -127.0000000000
2189 -126.0000000000
2270 -125.0000000000
2304 -123.0000000000
2370 -122.0000000000
2379 -121.0000000000
2412 -120.0000000000
2515 -119.0000000000
2519 -118.0000000000
2585 -116.0000000000
2713 -115.0000000000
2769 -113.0000000000
2864 -112.0000000000
2909 -111.0000000000
2971 -110.0000000000
3067 -109.0000000000
3101 -107.0000000000
3165 -106.0000000000
3187 -105.0000000000
3293 -104.0000000000
3333 -103.0000000000
3341 -101.0000000000
3379 -99.0000000000
3472 -98.0000000000
3526 -97.0000000000
3545 -96.0000000000
3583 -95.0000000000
3678 -94.0000000000
3713 -93.0000000000
3724 -92.0000000000
3798 -91.0000000000
3934 -90.0000000000
3946 -89.0000000000
4090 -88.0000000000
4105 -87.0000000000
4151 -86.0000000000
4208 -84.0000000000
4298 -83.0000000000
4374 -82.0000000000
4416 -81.0000000000
4420 -80.0000000000
4481 -78.0000000000
4600 -77.0000000000
4610 -76.0000000000
4663 -75.0000000000
4774 -74.0000000000
4802 -72.0000000000
4869 -71.0000000000
4960 -70.0000000000
4970 -69.0000000000
5167 -68.0000000000
5282 -67.0000000000
5350 -66.0000000000
5473 -65.0000000000
5569 -64.0000000000
5618 -63.0000000000
5634 -62.0000000000
5679 -61.0000000000
5725 -60.0000000000
5835 -59.0000000000
5862 -58.0000000000
5895 -57.0000000000
5991 -56.0000000000
6072 -55.0000000000
6190 -54.0000000000
6262 -53.0000000000
6322 -52.0000000000
6365 -51.0000000000
6516 -50.0000000000
6598 -49.0000000000
6719 -48.0000000000
6805 -47.0000000000
6863 -46.0000000000
6953 -45.0000000000
7120 -44.0000000000
7232 -43.0000000000
7422 -42.0000000000
7557 -41.0000000000
7669 -40.0000000000
7780 -39.0000000000
7829 -38.0000000000
7933 -37.0000000000
8029 -36.0000000000
8163 -35.0000000000
8258 -34.0000000000
8415 -33.0000000000
8512 -32.0000000000
8637 -31.0000000000
8725 -30.0000000000
8772 -29.0000000000
8856 -28.0000000000
9047 -27.0000000000
9263 -26.0000000000
9307 -25.0000000000
9465 -24.0000000000
9667 -23.0000000000
9739 -22.0000000000
9895 -21.0000000000
10000 -20.0000000000
10050 -24.0000000000
evaluations raw_y
1 -208.0000000000
3 -203.0000000000
5 -200.0000000000
29 -196.0000000000
36 -192.0000000000
42 -177.0000000000
211 -175.0000000000
251 -174.0000000000
275 -172.0000000000
318 -171.0000000000
358 -170.0000000000
363 -169.0000000000
401 -168.0000000000
410 -166.0000000000
489 -163.0000000000
539 -162.0000000000
595 -161.0000000000
598 -158.0000000000
676 -157.0000000000
682 -155.0000000000
748 -154.0000000000
770 -153.0000000000
802 -151.0000000000
941 -149.0000000000
964 -148.0000000000
1026 -146.0000000000
1073 -145.0000000000
1156 -144.0000000000
1170 -143.0000000000
1181 -142.0000000000
1237 -141.0000000000
1251 -140.0000000000
1259 -139.0000000000
1289 -138.0000000000
1337 -137.0000000000
1373 -136.0000000000
1381 -135.0000000000
1434 -134.0000000000
1503 -133.0000000000
1556 -132.0000000000
1622 -131.0000000000
1651 -130.0000000000
1669 -129.0000000000
1752 -128.0000000000
1774 -127.0000000000
1797 -126.0000000000
1854 -125.0000000000
1890 -124.0000000000
1990 -123.0000000000
2020 -121.0000000000
2076 -119.0000000000
2090 -118.0000000000
2169 -117.0000000000
2251 -116.0000000000
2282 -115.0000000000
2329 -112.0000000000
2408 -111.0000000000
2492 -110.0000000000
2574 -108.0000000000
2690 -107.0000000000
2696 -106.0000000000
2806 -105.0000000000
2873 -104.0000000000
2922 -103.0000000000
2934 -102.0000000000
3037 -101.0000000000
3086 -99.0000000000
3155 -98.0000000000
3186 -97.0000000000
3211 -96.0000000000
3271 -95.0000000000
3293 -94.0000000000
3344 -93.0000000000
3393 -92.0000000000
3401 -91.0000000000
3447 -90.0000000000
3489 -89.0000000000
3502 -88.0000000000
3601 -87.0000000000
3669 -86.0000000000
3697 -85.0000000000
3754 -84.0000000000
3869 -83.0000000000
3886 -82.0000000000
3979 -80.0000000000
4173 -79.0000000000
4247 -77.0000000000
4380 -76.0000000000
4484 -75.0000000000
4518 -74.0000000000
4519 -73.0000000000
4615 -72.0000000000
4700 -71.0000000000
4731 -70.0000000000
4815 -69.0000000000
4842 -68.0000000000
5001 -67.0000000000
5015 -66.0000000000
5203 -65.0000000000
5309 -64.0000000000
5391 -63.0000000000
5491 -62.0000000000
5552 -61.0000000000
5631 -60.0000000000
5702 -59.0000000000
5775 -58.0000000000
5805 -57.0000000000
5861 -56.0000000000
5958 -55.0000000000
5989 -54.0000000000
6059 -53.0000000000
6172 -52.0000000000
6229 -51.0000000000
6388 -50.0000000000
6410 -49.0000000000
6499 -48.0000000000
6579 -47.0000000000
6720 -46.0000000000
6784 -45.0000000000
6860 -44.0000000000
7026 -43.0000000000
7127 -42.0000000000
7200 -41.0000000000
7241 -40.0000000000
7391 -39.0000000000
7562 -38.0000000000
7719 -37.0000000000
7834 -36.0000000000
8033 -35.0000000000
8079 -34.0000000000
8112 -33.0000000000
8215 -32.0000000000
8434 -31.0000000000
8489 -30.0000000000
8662 -29.0000000000
8783 -28.0000000000
8844 -27.0000000000
8955 -26.0000000000
9078 -25.0000000000
9174 -24.0000000000
9226 -23.0000000000
9706 -22.0000000000
9904 -21.0000000000
9961 -20.0000000000
10050 -20.0000000000
evaluations raw_y
1 -210.0000000000
3 -205.0000000000
5 -202.0000000000
22 -200.0000000000
23 -196.0000000000
33 -188.0000000000
95 -187.0000000000
147 -186.0000000000
161 -185.0000000000
177 -184.0000000000
194 -183.0000000000
234 -182.0000000000
242 -181.0000000000
285 -180.0000000000
299 -179.0000000000
338 -178.0000000000
346 -177.0000000000
378 -176.0000000000
401 -175.0000000000
431 -174.0000000000
494 -173.0000000000
561 -172.0000000000
585 -171.0000000000
587 -170.0000000000
676 -169.0000000000
690 -167.0000000000
769 -166.0000000000
773 -165.0000000000
799 -164.0000000000
832 -163.0000000000
859 -162.0000000000
887 -161.0000000000
922 -160.0000000000
934 -159.0000000000
964 -157.0000000000
1008 -156.0000000000
1033 -155.0000000000
1106 -154.0000000000
1126 -153.0000000000
1185 -150.0000000000
1240 -149.0000000000
1264 -148.0000000000
1275 -147.0000000000
1297 -145.0000000000
1393 -144.0000000000
1424 -143.0000000000
1495 -142.0000000000
1518 -141.0000000000
1541 -140.0000000000
1568 -139.0000000000
1636 -138.0000000000
1683 -137.0000000000
1753 -136.0000000000
1814 -135.0000000000
1846 -134.0000000000
1884 -133.0000000000
1936 -132.0000000000
1986 -131.0000000000
1988 -130.0000000000
2109 -129.0000000000
2161 -128.0000000000
2215 -127.0000000000
2237 -126.0000000000
2248 -125.0000000000
2328 -124.0000000000
2348 -123.0000000000
2369 -121.0000000000
2453 -120.0000000000
2471 -118.0000000000
2596 -117.0000000000
2661 -115.0000000000
2727 -114.0000000000
2771 -113.0000000000
2785 -112.0000000000
2836 -111.0000000000
2839 -110.0000000000
2879 -109.0000000000
2906 -108.0000000000
2908 -107.0000000000
2914 -106.0000000000
3013 -105.0000000000
3036 -104.0000000000
3045 -103.0000000000
3097 -101.0000000000
3159 -100.0000000000
3203 -99.0000000000
3217 -98.0000000000
3274 -97.0000000000
3325 -96.0000000000
3337 -95.0000000000
3349 -94.0000000000
3429 -93.0000000000
3480 -92.0000000000
3495 -91.0000000000
3596 -90.0000000000
3646 -89.0000000000
3677 -88.0000000000
3705 -87.0000000000
3780 -86.0000000000
3847 -85.0000000000
3880 -84.0000000000
4015 -83.0000000000
4063 -82.0000000000
4115 -81.0000000000
4215 -79.0000000000
4224 -78.0000000000
4243 -77.0000000000
4322 -76.0000000000
4390 -75.0000000000
4419 -74.0000000000
4490 -73.0000000000
4511 -72.0000000000
4611 -71.0000000000
4664 -70.0000000000
4771 -69.0000000000
4897 -68.0000000000
4932 -67.0000000000
5013 -66.0000000000
5045 -65.0000000000
5076 -64.0000000000
5190 -63.0000000000
5300 -62.0000000000
5346 -61.0000000000
5447 -60.0000000000
5493 -58.0000000000
5625 -57.0000000000
5732 -56.0000000000
5834 -55.0000000000
5908 -54.0000000000
6014 -53.0000000000
6118 -52.0000000000
6178 -51.0000000000
6260 -50.0000000000
6409 -48.0000000000
6454 -47.0000000000
6584 -46.0000000000
6794 -45.0000000000
6839 -43.0000000000
6851 -42.0000000000
6988 -41.0000000000
7173 -40.0000000000
7286 -39.0000000000
7426 -38.0000000000
7434 -37.0000000000
7601 -36.0000000000
7683 -35.0000000000
7719 -34.0000000000
7883 -33.0000000000
8012 -32.0000000000
8080 -31.0000000000
8083 -30.0000000000
8285 -29.0000000000
8496 -28.0000000000
8523 -27.0000000000
8623 -26.0000000000
8772 -25.0000000000
8797 -24.0000000000
9031 -23.0000000000
9262 -22.0000000000
9536 -21.0000000000
9805 -19.0000000000
10050 -21.0000000000
evaluations raw_y
1 -237.0000000000
2 -211.0000000000
3 -196.0000000000
11 -183.0000000000
117 -182.0000000000
128 -181.0000000000
187 -180.0000000000
215 -179.0000000000
243 -178.0000000000
269 -177.0000000000
291 -176.0000000000
337 -175.0000000000
345 -174.0000000000
429 -173.0000000000
447 -172.0000000000
481 -171.0000000000
504 -170.0000000000
551 -169.0000000000
562 -167.0000000000
599 -166.0000000000
603 -164.0000000000
669 -163.0000000000
721 -162.0000000000
785 -161.0000000000
804 -160.0000000000
837 -159.0000000000
863 -158.0000000000
877 -157.0000000000
932 -156.0000000000
956 -155.0000000000
996 -154.0000000000
999 -153.0000000000
1033 -151.0000000000
1051 -150.0000000000
1127 -149.0000000000
1138 -148.0000000000
1215 -147.0000000000
1265 -146.0000000000
1297 -145.0000000000
1315 -144.0000000000
1383 -143.0000000000
1422 -142.0000000000
1508 -141.0000000000
1513 -140.0000000000
1525 -139.0000000000
1550 -138.0000000000
1609 -137.0000000000
1635 -136.0000000000
1656 -135.0000000000
1682 -134.0000000000
1731 -133.0000000000
1788 -132.0000000000
1823 -131.0000000000
1827 -129.0000000000
1911 -128.0000000000
1963 -127.0000000000
2028 -126.0000000000
2068 -125.0000000000
2110 -124.0000000000
2209 -123.0000000000
2268 -122.0000000000
2314 -121.0000000000
2318 -120.0000000000
2345 -119.0000000000
2461 -118.0000000000
2496 -117.0000000000
2519 -116.0000000000
2572 -115.0000000000
2635 -114.0000000000
2682 -113.0000000000
2727 -111.0000000000
2828 -110.0000000000
2893 -109.0000000000
2963 -108.0000000000
3043 -106.0000000000
3152 -105.0000000000
3163 -104.0000000000
3264 -103.0000000000
3344 -102.0000000000
3454 -100.0000000000
3517 -99.0000000000
3526 -98.0000000000
3605 -97.0000000000
3636 -96.0000000000
3671 -94.0000000000
3706 -93.0000000000
3747 -92.0000000000
3824 -91.0000000000
3876 -90.0000000000
3940 -89.0000000000
4035 -87.0000000000
4087 -86.0000000000
4109 -85.0000000000
4260 -84.0000000000
4393 -83.0000000000
4458 -82.0000000000
4518 -81.0000000000
4554 -80.0000000000
4594 -79.0000000000
4642 -78.0000000000
4694 -77.0000000000
4743 -76.0000000000
4763 -75.0000000000
4813 -74.0000000000
4815 -73.0000000000
4912 -72.0000000000
4955 -71.0000000000
4998 -70.0000000000
5087 -69.0000000000
5113 -68.0000000000
5213 -67.0000000000
5307 -66.0000000000
5397 -65.0000000000
5433 -63.0000000000
5661 -62.0000000000
5680 -61.0000000000
5749 -60.0000000000
5789 -59.0000000000
5832 -58.0000000000
5870 -57.0000000000
6003 -56.0000000000
6149 -55.0000000000
6183 -54.0000000000
6275 -53.0000000000
6333 -52.0000000000
6437 -51.0000000000
6514 -50.0000000000
6579 -49.0000000000
6652 -48.0000000000
6699 -47.0000000000
6744 -46.0000000000
6852 -45.0000000000
6940 -44.0000000000
7085 -43.0000000000
7166 -42.0000000000
7211 -41.0000000000
7407 -40.0000000000
7501 -39.0000000000
7614 -37.0000000000
7700 -36.0000000000
7905 -35.0000000000
8058 -33.0000000000
8113 -32.0000000000
8140 -31.0000000000
8185 -30.0000000000
8322 -29.0000000000
8350 -28.0000000000
8476 -27.0000000000
8599 -26.0000000000
8683 -25.0000000000
8851 -24.0000000000
8977 -23.0000000000
9012 -22.0000000000
9163 -21.0000000000
9286 -20.0000000000
9429 -19.0000000000
9524 -18.0000000000
9874 -17.0000000000
10035 -16.0000000000
10050 -17.0000000000
evaluations raw_y
1 -205.0000000000
3 -180.0000000000
52 -179.0000000000
160 -178.0000000000
171 -177.0000000000
187 -176.0000000000
208 -175.0000000000
237 -173.0000000000
293 -171.0000000000
309 -170.0000000000
372 -169.0000000000
399 -168.0000000000
413 -167.0000000000
435 -166.0000000000
466 -165.0000000000
509 -164.0000000000
515 -163.0000000000
577 -162.0000000000
594 -161.0000000000
624 -160.0000000000
633 -159.0000000000
699 -157.0000000000
711 -156.0000000000
777 -155.0000000000
781 -153.0000000000
831 -152.0000000000
840 -151.0000000000
865 -150.0000000000
881 -149.0000000000
885 -148.0000000000
899 -147.0000000000
951 -146.0000000000
983 -145.0000000000
1021 -144.0000000000
1040 -143.0000000000
1064 -142.0000000000
1140 -141.0000000000
1203 -140.0000000000
1239 -139.0000000000
1288 -138.0000000000
1309 -137.0000000000
1344 -136.0000000000
1382 -135.0000000000
1388 -133.0000000000
1389 -132.0000000000
1476 -131.0000000000
1539 -130.0000000000
1576 -129.0000000000
1608 -128.0000000000
1609 -126.0000000000
1651 -125.0000000000
1702 -124.0000000000
1797 -123.0000000000
1848 -122.0000000000
1901 -120.0000000000
1940 -119.0000000000
1987 -118.0000000000
2017 -117.0000000000
2063 -116.0000000000
2076 -115.0000000000
2144 -114.0000000000
2173 -113.0000000000
2219 -112.0000000000
2302 -111.0000000000
2354 -110.0000000000
2386 -109.0000000000
2430 -108.0000000000
2453 -107.0000000000
2473 -106.0000000000
2550 -105.0000000000
2628 -104.0000000000
2673 -103.0000000000
2746 -102.0000000000
2756 -101.0000000000
2778 -100.0000000000
2818 -99.0000000000
2907 -98.0000000000
2951 -97.0000000000
2982 -96.0000000000
3008 -95.0000000000
3052 -94.0000000000
3075 -93.0000000000
3104 -92.0000000000
3156 -91.0000000000
3179 -90.0000000000
3269 -89.0000000000
3279 -88.0000000000
3281 -86.0000000000
3400 -85.0000000000
3431 -84.0000000000
3457 -83.0000000000
3537 -82.0000000000
3539 -80.0000000000
3597 -78.0000000000
3719 -77.0000000000
3755 -76.0000000000
3854 -75.0000000000
3934 -74.0000000000
3994 -73.0000000000
4052 -72.0000000000
4141 -71.0000000000
4281 -70.0000000000
4381 -68.0000000000
4523 -67.0000000000
4595 -66.0000000000
4626 -65.0000000000
4647 -64.0000000000
4706 -63.0000000000
4821 -62.0000000000
4884 -61.0000000000
5012 -60.0000000000
5082 -59.0000000000
5142 -58.0000000000
5174 -57.0000000000
5282 -55.0000000000
5304 -54.0000000000
5353 -53.0000000000
5419 -51.0000000000
5466 -50.0000000000
5542 -49.0000000000
5660 -48.0000000000
5736 -47.0000000000
5842 -46.0000000000
6003 -45.0000000000
6112 -44.0000000000
6171 -43.0000000000
6319 -42.0000000000
6366 -41.0000000000
6525 -40.0000000000
6661 -39.0000000000
6814 -38.0000000000
6852 -37.0000000000
6964 -36.0000000000
7149 -35.0000000000
7220 -34.0000000000
7224 -33.0000000000
7360 -32.0000000000
7620 -31.0000000000
7629 -30.0000000000
7664 -29.0000000000
7861 -28.0000000000
8124 -26.0000000000
8336 -25.0000000000
8378 -24.0000000000
8525 -23.0000000000
8574 -22.0000000000
8851 -21.0000000000
8874 -20.0000000000
9039 -19.0000000000
9142 -18.0000000000
9220 -17.0000000000
9275 -16.0000000000
9418 -15.0000000000
9423 -14.0000000000
9610 -13.0000000000
9651 -12.0000000000
9914 -11.0000000000
10050 -12.0000000000
evaluations raw_y
1 -200.0000000000
6 -198.0000000000
37 -189.0000000000
54 -188.0000000000
109 -187.0000000000
142 -186.0000000000
196 -185.0000000000
207 -182.0000000000
243 -181.0000000000
322 -180.0000000000
327 -179.0000000000
354 -178.0000000000
407 -177.0000000000
448 -176.0000000000
460 -175.0000000000
476 -174.0000000000
498 -173.0000000000
586 -171.0000000000
639 -170.0000000000
700 -168.0000000000
719 -167.0000000000
755 -166.0000000000
808 -165.0000000000
813 -164.0000000000
871 -163.0000000000
932 -162.0000000000
955 -161.0000000000
959 -160.0000000000
978 -159.0000000000
1024 -158.0000000000
1068 -157.0000000000
1095 -156.0000000000
1125 -155.0000000000
1179 -154.0000000000
1202 -152.0000000000
1258 -151.0000000000
1259 -149.0000000000
1311 -148.0000000000
1336 -147.0000000000
1395 -146.0000000000
1415 -145.0000000000
1448 -144.0000000000
1452 -143.0000000000
1563 -142.0000000000
1619 -141.0000000000
1645 -140.0000000000
1680 -139.0000000000
1757 -138.0000000000
1803 -137.0000000000
1840 -136.0000000000
1855 -135.0000000000
1887 -134.0000000000
1961 -132.0000000000
2006 -131.0000000000
2043 -130.0000000000
2139 -129.0000000000
2155 -128.0000000000
2169 -127.0000000000
2235 -126.0000000000
2248 -125.0000000000
2275 -123.0000000000
2311 -122.0000000000
2368 -121.0000000000
2435 -120.0000000000
2470 -119.0000000000
2528 -118.0000000000
2559 -117.0000000000
2640 -116.0000000000
2666 -115.0000000000
2708 -114.0000000000
2733 -113.0000000000
2775 -111.0000000000
2795 -110.0000000000
2829 -109.0000000000
2937 -108.0000000000
3030 -107.0000000000
3038 -106.0000000000
3096 -105.0000000000
3142 -104.0000000000
3154 -103.0000000000
3202 -102.0000000000
3257 -101.0000000000
3321 -100.0000000000
3333 -99.0000000000
3400 -98.0000000000
3443 -97.0000000000
3513 -95.0000000000
3536 -94.0000000000
3678 -93.0000000000
3775 -91.0000000000
3779 -90.0000000000
3781 -89.0000000000
3890 -88.0000000000
3959 -87.0000000000
3998 -86.0000000000
4074 -85.0000000000
4136 -84.0000000000
4217 -83.0000000000
4265 -82.0000000000
4359 -81.0000000000
4363 -80.0000000000
4409 -79.0000000000
4477 -77.0000000000
4610 -76.0000000000
4704 -75.0000000000
4741 -74.0000000000
4833 -73.0000000000
4954 -72.0000000000
5047 -71.0000000000
5121 -69.0000000000
5160 -68.0000000000
5230 -67.0000000000
5254 -66.0000000000
5304 -65.0000000000
5471 -64.0000000000
5598 -63.0000000000
5619 -62.0000000000
5738 -61.0000000000
5774 -60.0000000000
5903 -59.0000000000
5930 -58.0000000000
5944 -57.0000000000
6065 -56.0000000000
6175 -55.0000000000
6390 -52.0000000000
6668 -51.0000000000
6770 -50.0000000000
6902 -49.0000000000
6986 -47.0000000000
7109 -46.0000000000
7197 -45.0000000000
7199 -44.0000000000
7204 -42.0000000000
7220 -41.0000000000
7365 -40.0000000000
7552 -39.0000000000
7743 -38.0000000000
7972 -37.0000000000
8050 -36.0000000000
8158 -35.0000000000
8234 -34.0000000000
8300 -33.0000000000
8399 -32.0000000000
8599 -31.0000000000
8790 -30.0000000000
8968 -29.0000000000
9071 -28.0000000000
9140 -27.0000000000
9153 -26.0000000000
9266 -25.0000000000
9468 -24.0000000000
9476 -23.0000000000
9615 -22.0000000000
9869 -21.0000000000
9961 -20.0000000000
10050 -22.0000000000
evaluations raw_y
1 -201.0000000000
31 -200.0000000000
33 -195.0000000000
34 -190.0000000000
141 -189.0000000000
163 -187.0000000000
174 -186.0000000000
196 -185.0000000000
217 -184.0000000000
224 -182.0000000000
272 -181.0000000000
279 -180.0000000000
330 -179.0000000000
333 -178.0000000000
346 -177.0000000000
382 -176.0000000000
401 -175.0000000000
425 -174.0000000000
468 -172.0000000000
546 -171.0000000000
558 -170.0000000000
638 -169.0000000000
649 -168.0000000000
667 -165.0000000000
749 -163.0000000000
801 -161.0000000000
835 -160.0000000000
861 -159.0000000000
910 -158.0000000000
947 -157.0000000000
964 -156.0000000000
1029 -155.0000000000
1057 -154.0000000000
1069 -153.0000000000
1107 -152.0000000000
1147 -151.0000000000
1206 -150.0000000000
1218 -149.0000000000
1300 -146.0000000000
1354 -145.0000000000
1368 -144.0000000000
1397 -143.0000000000
1520 -142.0000000000
1560 -141.0000000000
1572 -140.0000000000
1611 -139.0000000000
1662 -137.0000000000
1717 -136.0000000000
1722 -135.0000000000
1766 -134.0000000000
1771 -133.0000000000
1794 -132.0000000000
1873 -131.0000000000
1929 -130.0000000000
1945 -129.0000000000
2019 -128.0000000000
2077 -127.0000000000
2104 -125.0000000000
2129 -124.0000000000
2170 -123.0000000000
2255 -122.0000000000
2275 -121.0000000000
2310 -120.0000000000
2425 -119.0000000000
2481 -118.0000000000
2494 -117.0000000000
2511 -116.0000000000
2561 -115.0000000000
2671 -114.0000000000
2687 -113.0000000000
2707 -111.0000000000
2784 -110.0000000000
2827 -108.0000000000
2885 -107.0000000000
2950 -106.0000000000
2972 -105.0000000000
3053 -103.0000000000
3109 -102.0000000000
3218 -101.0000000000
3250 -100.0000000000
3350 -99.0000000000
3434 -98.0000000000
3452 -97.0000000000
3477 -96.0000000000
3543 -95.0000000000
3604 -94.0000000000
3687 -93.0000000000
3726 -92.0000000000
3762 -91.0000000000
3811 -90.0000000000
3845 -89.0000000000
3947 -88.0000000000
3987 -87.0000000000
4100 -86.0000000000
4106 -85.0000000000
4187 -84.0000000000
4211 -83.0000000000
4280 -81.0000000000
4314 -80.0000000000
4372 -79.0000000000
4513 -78.0000000000
4571 -77.0000000000
4612 -76.0000000000
4710 -75.0000000000
4757 -74.0000000000
4840 -73.0000000000
4922 -72.0000000000
4957 -71.0000000000
5009 -70.0000000000
5046 -69.0000000000
5149 -68.0000000000
5257 -67.0000000000
5282 -66.0000000000
5393 -65.0000000000
5458 -64.0000000000
5605 -63.0000000000
5768 -62.0000000000
5852 -61.0000000000
5944 -60.0000000000
6053 -59.0000000000
6114 -57.0000000000
6172 -56.0000000000
6220 -55.0000000000
6343 -54.0000000000
6405 -53.0000000000
6532 -52.0000000000
6642 -50.0000000000
6669 -48.0000000000
6801 -47.0000000000
6947 -46.0000000000
7083 -45.0000000000
7149 -44.0000000000
7299 -42.0000000000
7439 -41.0000000000
7577 -40.0000000000
7628 -39.0000000000
7841 -36.0000000000
7955 -35.0000000000
8091 -34.0000000000
8172 -33.0000000000
8184 -32.0000000000
8283 -31.0000000000
8480 -30.0000000000
8705 -28.0000000000
8764 -27.0000000000
8824 -26.0000000000
9044 -25.0000000000
9056 -24.0000000000
9193 -23.0000000000
9380 -22.0000000000
9539 -21.0000000000
9677 -20.0000000000
9791 -19.0000000000
9949 -18.0000000000
10050 -19.0000000000
evaluations raw_y
1 -229.0000000000
2 -226.0000000000
3 -217.0000000000
4 -212.0000000000
6 -198.0000000000
18 -197.0000000000
19 -196.0000000000
27 -186.0000000000
79 -185.0000000000
116 -184.0000000000
126 -183.0000000000
160 -182.0000000000
174 -181.0000000000
217 -180.0000000000
230 -179.0000000000
246 -178.0000000000
262 -177.0000000000
281 -176.0000000000
292 -174.0000000000
325 -171.0000000000
356 -170.0000000000
438 -169.0000000000
471 -168.0000000000
483 -167.0000000000
526 -166.0000000000
558 -165.0000000000
568 -164.0000000000
592 -163.0000000000
599 -162.0000000000
672 -161.0000000000
712 -160.0000000000
807 -159.0000000000
812 -158.0000000000
843 -157.0000000000
848 -156.0000000000
872 -154.0000000000
882 -153.0000000000
930 -152.0000000000
992 -151.0000000000
1012 -150.0000000000
1077 -149.0000000000
1085 -148.0000000000
1123 -147.0000000000
1166 -146.0000000000
1222 -145.0000000000
1247 -144.0000000000
1278 -143.0000000000
1310 -142.0000000000
1349 -141.0000000000
1417 -139.0000000000
1440 -138.0000000000
1526 -137.0000000000
1534 -136.0000000000
1539 -134.0000000000
1605 -133.0000000000
1655 -132.0000000000
1713 -131.0000000000
1782 -130.0000000000
1799 -129.0000000000
1866 -128.0000000000
1891 -127.0000000000
1940 -125.0000000000
1961 -124.0000000000
2034 -123.0000000000
2116 -121.0000000000
2134 -120.0000000000
2164 -119.0000000000
2192 -117.0000000000
2344 -116.0000000000
2376 -114.0000000000
2481 -113.0000000000
2512 -111.0000000000
2609 -110.0000000000
2668 -109.0000000000
2715 -108.0000000000
2757 -107.0000000000
2869 -105.0000000000
2922 -104.0000000000
2938 -103.0000000000
2954 -102.0000000000
3017 -101.0000000000
3052 -99.0000000000
3072 -98.0000000000
3124 -97.0000000000
3233 -96.0000000000
3258 -95.0000000000
3420 -94.0000000000
3422 -92.0000000000
3513 -91.0000000000
3594 -90.0000000000
3606 -89.0000000000
3692 -87.0000000000
3771 -86.0000000000
3784 -85.0000000000
3898 -83.0000000000
3918 -82.0000000000
4002 -81.0000000000
4075 -80.0000000000
4097 -79.0000000000
4172 -78.0000000000
4184 -77.0000000000
4206 -76.0000000000
4260 -75.0000000000
4271 -74.0000000000
4384 -72.0000000000
4453 -71.0000000000
4563 -70.0000000000
4609 -69.0000000000
4697 -68.0000000000
4699 -67.0000000000
4816 -66.0000000000
4824 -65.0000000000
4931 -64.0000000000
4947 -63.0000000000
5061 -62.0000000000
5157 -61.0000000000
5203 -60.0000000000
5288 -59.0000000000
5304 -58.0000000000
5383 -57.0000000000
5404 -56.0000000000
5505 -55.0000000000
5547 -54.0000000000
5574 -53.0000000000
5747 -52.0000000000
5850 -51.0000000000
6034 -50.0000000000
6111 -49.0000000000
6151 -48.0000000000
6298 -47.0000000000
6361 -46.0000000000
6386 -45.0000000000
6521 -44.0000000000
6595 -42.0000000000
6668 -41.0000000000
6712 -40.0000000000
6806 -39.0000000000
6992 -38.0000000000
7002 -37.0000000000
7279 -36.0000000000
7482 -35.0000000000
7573 -34.0000000000
7738 -33.0000000000
7843 -32.0000000000
7873 -31.0000000000
8028 -30.0000000000
8239 -28.0000000000
8305 -27.0000000000
8440 -26.0000000000
8580 -25.0000000000
8625 -22.0000000000
8812 -21.0000000000
8975 -20.0000000000
9057 -19.0000000000
9251 -18.0000000000
9358 -17.0000000000
9540 -16.0000000000
9638 -15.0000000000
9808 -14.0000000000
9958 -13.0000000000
10030 -12.0000000000
10050 -17.0000000000
evaluations raw_y
1 -230.0000000000
2 -228.0000000000
3 -208.0000000000
4 -203.0000000000
11 -197.0000000000
22 -196.0000000000
35 -191.0000000000
69 -188.0000000000
173 -186.0000000000
256 -185.0000000000
286 -184.0000000000
321 -182.0000000000
328 -181.0000000000
362 -180.0000000000
393 -179.0000000000
395 -178.0000000000
426 -177.0000000000
433 -176.0000000000
448 -175.0000000000
511 -174.0000000000
516 -172.0000000000
583 -170.0000000000
649 -168.0000000000
692 -167.0000000000
730 -166.0000000000
743 -165.0000000000
785 -164.0000000000
804 -163.0000000000
857 -162.0000000000
911 -161.0000000000
954 -160.0000000000
1037 -159.0000000000
1076 -157.0000000000
1138 -156.0000000000
1171 -155.0000000000
1206 -154.0000000000
1235 -152.0000000000
1282 -151.0000000000
1341 -150.0000000000
1405 -149.0000000000
1412 -148.0000000000
1431 -147.0000000000
1505 -146.0000000000
1513 -145.0000000000
1587 -144.0000000000
1675 -143.0000000000
1727 -142.0000000000
1790 -141.0000000000
1808 -140.0000000000
1821 -139.0000000000
1833 -138.0000000000
1931 -137.0000000000
1945 -136.0000000000
2017 -135.0000000000
2032 -134.0000000000
2084 -133.0000000000
2149 -132.0000000000
2229 -130.0000000000
2335 -129.0000000000
2380 -127.0000000000
2477 -126.0000000000
2492 -123.0000000000
2589 -122.0000000000
2627 -121.0000000000
2661 -120.0000000000
2778 -119.0000000000
2804 -117.0000000000
2865 -116.0000000000
2876 -115.0000000000
3008 -114.0000000000
3014 -112.0000000000
3019 -111.0000000000
3063 -110.0000000000
3135 -109.0000000000
3205 -107.0000000000
3301 -106.0000000000
3370 -105.0000000000
3407 -104.0000000000
3458 -102.0000000000
3462 -101.0000000000
3633 -100.0000000000
3649 -99.0000000000
3731 -98.0000000000
3777 -97.0000000000
3829 -96.0000000000
3844 -95.0000000000
3861 -94.0000000000
3892 -93.0000000000
3927 -92.0000000000
3970 -91.0000000000
4048 -90.0000000000
4103 -89.0000000000
4262 -88.0000000000
4275 -87.0000000000
4327 -85.0000000000
4524 -84.0000000000
4533 -83.0000000000
4596 -82.0000000000
4675 -81.0000000000
4745 -80.0000000000
4778 -79.0000000000
4840 -78.0000000000
4930 -77.0000000000
4973 -76.0000000000
5004 -75.0000000000
5156 -74.0000000000
5243 -72.0000000000
5318 -71.0000000000
5495 -70.0000000000
5503 -69.0000000000
5572 -68.0000000000
5630 -67.0000000000
5730 -66.0000000000
5756 -65.0000000000
5853 -64.0000000000
5950 -63.0000000000
6039 -62.0000000000
6066 -59.0000000000
6144 -58.0000000000
6246 -57.0000000000
6269 -56.0000000000
6370 -55.0000000000
6433 -54.0000000000
6562 -53.0000000000
6577 -52.0000000000
6636 -51.0000000000
6837 -50.0000000000
7100 -49.0000000000
7210 -48.0000000000
7265 -46.0000000000
7430 -45.0000000000
7505 -44.0000000000
7579 -43.0000000000
7705 -42.0000000000
7796 -41.0000000000
7909 -40.0000000000
8030 -39.0000000000
8194 -38.0000000000
8250 -37.0000000000
8296 -34.0000000000
8348 -33.0000000000
8494 -32.0000000000
8754 -31.0000000000
8864 -30.0000000000
8957 -29.0000000000
9082 -28.0000000000
9220 -27.0000000000
9272 -26.0000000000
9572 -25.0000000000
9623 -24.0000000000
9795 -23.0000000000
9926 -22.0000000000
9985 -21.0000000000
10050 -24.0000000000
evaluations raw_y
1 -221.0000000000
2 -212.0000000000
3 -211.0000000000
4 -201.0000000000
10 -194.0000000000
63 -193.0000000000
85 -192.0000000000
136 -191.0000000000
168 -190.0000000000
199 -189.0000000000
253 -187.0000000000
324 -186.0000000000
336 -184.0000000000
337 -183.0000000000
363 -182.0000000000
407 -181.0000000000
443 -180.0000000000
453 -179.0000000000
505 -178.0000000000
509 -177.0000000000
525 -176.0000000000
559 -175.0000000000
596 -174.0000000000
672 -171.0000000000
710 -170.0000000000
743 -169.0000000000
765 -168.0000000000
802 -167.0000000000
829 -166.0000000000
854 -165.0000000000
899 -164.0000000000
924 -163.0000000000
987 -162.0000000000
995 -161.0000000000
1053 -160.0000000000
1068 -159.0000000000
1075 -157.0000000000
1146 -156.0000000000
1175 -154.0000000000
1234 -153.0000000000
1255 -152.0000000000
1311 -151.0000000000
1340 -150.0000000000
1345 -149.0000000000
1402 -148.0000000000
1425 -147.0000000000
1436 -146.0000000000
1510 -144.0000000000
1546 -143.0000000000
1583 -142.0000000000
1598 -141.0000000000
1617 -140.0000000000
1631 -139.0000000000
1686 -137.0000000000
1742 -136.0000000000
1769 -135.0000000000
1801 -134.0000000000
1876 -133.0000000000
1904 -132.0000000000
1951 -131.0000000000
2002 -130.0000000000
2058 -129.0000000000
2110 -128.0000000000
2127 -127.0000000000
2174 -125.0000000000
2264 -124.0000000000
2284 -123.0000000000
2309 -122.0000000000
2380 -121.0000000000
2402 -120.0000000000
2467 -119.0000000000
2504 -118.0000000000
2559 -117.0000000000
2576 -116.0000000000
2619 -115.0000000000
2693 -114.0000000000
2734 -112.0000000000
2737 -111.0000000000
2805 -110.0000000000
2832 -109.0000000000
2847 -108.0000000000
2876 -107.0000000000
2905 -106.0000000000
3008 -105.0000000000
3091 -104.0000000000
3093 -103.0000000000
3147 -102.0000000000
3166 -101.0000000000
3186 -100.0000000000
3273 -99.0000000000
3311 -98.0000000000
3321 -97.0000000000
3394 -96.0000000000
3482 -95.0000000000
3505 -94.0000000000
3629 -93.0000000000
3681 -92.0000000000
3803 -91.0000000000
3857 -90.0000000000
3898 -88.0000000000
4090 -87.0000000000
4123 -86.0000000000
4188 -85.0000000000
4217 -84.0000000000
4306 -82.0000000000
4410 -81.0000000000
4510 -80.0000000000
4619 -79.0000000000
4665 -78.0000000000
4675 -77.0000000000
4858 -76.0000000000
4913 -74.0000000000
5019 -73.0000000000
5021 -72.0000000000
5145 -71.0000000000
5302 -70.0000000000
5400 -69.0000000000
5613 -68.0000000000
5614 -66.0000000000
5723 -65.0000000000
5774 -64.0000000000
5891 -63.0000000000
5994 -62.0000000000
6067 -60.0000000000
6226 -59.0000000000
6262 -58.0000000000
6397 -57.0000000000
6490 -55.0000000000
6609 -54.0000000000
6660 -53.0000000000
6764 -52.0000000000
6882 -51.0000000000
6963 -50.0000000000
7061 -49.0000000000
7078 -48.0000000000
7161 -46.0000000000
7295 -45.0000000000
7357 -44.0000000000
7418 -43.0000000000
7525 -42.0000000000
7571 -41.0000000000
7765 -40.0000000000
7809 -39.0000000000
7864 -38.0000000000
7938 -37.0000000000
8084 -36.0000000000
8219 -35.0000000000
8261 -34.0000000000
8265 -33.0000000000
8425 -32.0000000000
8558 -31.0000000000
8576 -30.0000000000
8756 -29.0000000000
8779 -28.0000000000
8871 -25.0000000000
8877 -24.0000000000
8991 -23.0000000000
9108 -22.0000000000
9180 -21.0000000000
9234 -20.0000000000
9479 -19.0000000000
9493 -18.0000000000
9661 -17.0000000000
9902 -16.0000000000
9987 -15.0000000000
10050 -16.0000000000
evaluations raw_y
1 -228.0000000000
2 -222.0000000000
3 -201.0000000000
5 -196.0000000000
58 -193.0000000000
84 -192.0000000000
111 -191.0000000000
182 -190.0000000000
185 -189.0000000000
254 -188.0000000000
276 -187.0000000000
338 -186.0000000000
340 -184.0000000000
343 -183.0000000000
422 -182.0000000000
468 -181.0000000000
474 -179.0000000000
559 -178.0000000000
597 -177.0000000000
627 -176.0000000000
710 -175.0000000000
715 -174.0000000000
734 -173.0000000000
746 -172.0000000000
800 -171.0000000000
836 -170.0000000000
842 -169.0000000000
870 -168.0000000000
888 -167.0000000000
965 -166.0000000000
1022 -164.0000000000
1056 -163.0000000000
1094 -162.0000000000
1181 -161.0000000000
1234 -160.0000000000
1261 -159.0000000000
1310 -158.0000000000
1321 -157.0000000000
1336 -156.0000000000
1351 -155.0000000000
1404 -154.0000000000
1461 -153.0000000000
1494 -152.0000000000
1525 -151.0000000000
1565 -150.0000000000
1625 -149.0000000000
1658 -147.0000000000
1734 -146.0000000000
1759 -145.0000000000
1778 -144.0000000000
1853 -143.0000000000
1900 -142.0000000000
1958 -141.0000000000
1960 -140.0000000000
2004 -139.0000000000
2100 -138.0000000000
2147 -136.0000000000
2205 -135.0000000000
2245 -134.0000000000
2267 -133.0000000000
2323 -132.0000000000
2396 -131.0000000000
2481 -130.0000000000
2499 -129.0000000000
2571 -128.0000000000
2576 -127.0000000000
2633 -124.0000000000
2665 -123.0000000000
2756 -122.0000000000
2771 -121.0000000000
2831 -120.0000000000
2880 -119.0000000000
2942 -118.0000000000
2959 -117.0000000000
2992 -116.0000000000
3046 -115.0000000000
3081 -114.0000000000
3140 -113.0000000000
3194 -112.0000000000
3219 -111.0000000000
3244 -110.0000000000
3311 -109.0000000000
3316 -108.0000000000
3317 -107.0000000000
3461 -106.0000000000
3508 -105.0000000000
3582 -104.0000000000
3625 -103.0000000000
3645 -102.0000000000
3654 -101.0000000000
3697 -100.0000000000
3762 -99.0000000000
3831 -98.0000000000
3844 -97.0000000000
3982 -96.0000000000
4011 -95.0000000000
4078 -94.0000000000
4096 -93.0000000000
4106 -92.0000000000
4119 -91.0000000000
4175 -90.0000000000
4232 -89.0000000000
4333 -87.0000000000
4375 -86.0000000000
4403 -85.0000000000
4571 -83.0000000000
4653 -82.0000000000
4736 -81.0000000000
4744 -80.0000000000
4762 -79.0000000000
4874 -78.0000000000
4911 -77.0000000000
4919 -76.0000000000
4976 -75.0000000000
5138 -74.0000000000
5164 -73.0000000000
5194 -72.0000000000
5207 -71.0000000000
5240 -69.0000000000
5383 -68.0000000000
5439 -67.0000000000
5463 -66.0000000000
5545 -65.0000000000
5648 -64.0000000000
5676 -63.0000000000
5701 -62.0000000000
5765 -61.0000000000
5855 -60.0000000000
6005 -59.0000000000
6020 -58.0000000000
6153 -57.0000000000
6197 -56.0000000000
6283 -55.0000000000
6323 -54.0000000000
6382 -53.0000000000
6455 -52.0000000000
6555 -51.0000000000
6569 -50.0000000000
6647 -49.0000000000
6731 -48.0000000000
6770 -46.0000000000
6850 -45.0000000000
6943 -44.0000000000
7031 -43.0000000000
7059 -42.0000000000
7203 -41.0000000000
7358 -40.0000000000
7442 -39.0000000000
7488 -38.0000000000
7670 -37.0000000000
7850 -36.0000000000
7888 -35.0000000000
8103 -32.0000000000
8378 -31.0000000000
8395 -30.0000000000
8592 -29.0000000000
8723 -28.0000000000
8810 -27.0000000000
8816 -26.0000000000
9184 -25.0000000000
9321 -24.0000000000
9471 -23.0000000000
9591 -22.0000000000
9640 -21.0000000000
9772 -20.0000000000
9863 -19.0000000000
10010 -18.0000000000
10050 -19.0000000000
evaluations raw_y
1 -211.0000000000
4 -206.0000000000
24 -201.0000000000
25 -197.0000000000
40 -192.0000000000
120 -189.0000000000
142 -188.0000000000
200 -187.0000000000
207 -186.0000000000
247 -185.0000000000
274 -183.0000000000
281 -181.0000000000
322 -180.0000000000
393 -179.0000000000
423 -178.0000000000
467 -177.0000000000
487 -176.0000000000
508 -175.0000000000
521 -174.0000000000
564 -173.0000000000
595 -172.0000000000
617 -171.0000000000
657 -170.0000000000
705 -169.0000000000
729 -168.0000000000
749 -167.0000000000
765 -166.0000000000
823 -165.0000000000
827 -164.0000000000
840 -163.0000000000
921 -162.0000000000
933 -161.0000000000
976 -160.0000000000
999 -158.0000000000
1077 -156.0000000000
1131 -155.0000000000
1150 -154.0000000000
1195 -153.0000000000
1230 -151.0000000000
1315 -150.0000000000
1355 -148.0000000000
1391 -147.0000000000
1427 -146.0000000000
1480 -145.0000000000
1505 -144.0000000000
1542 -143.0000000000
1576 -141.0000000000
1616 -140.0000000000
1671 -139.0000000000
1687 -136.0000000000
1742 -135.0000000000
1753 -134.0000000000
1846 -133.0000000000
1852 -131.0000000000
1861 -130.0000000000
1943 -129.0000000000
1957 -128.0000000000
2030 -127.0000000000
2096 -126.0000000000
2103 -125.0000000000
2111 -124.0000000000
2164 -121.0000000000
2291 -120.0000000000
2301 -119.0000000000
2344 -118.0000000000
2381 -116.0000000000
2442 -115.0000000000
2481 -114.0000000000
2517 -113.0000000000
2540 -112.0000000000
2600 -111.0000000000
2660 -110.0000000000
2739 -109.0000000000
2752 -108.0000000000
2788 -106.0000000000
2847 -105.0000000000
2855 -104.0000000000
2896 -103.0000000000
2948 -102.0000000000
2999 -101.0000000000
3045 -99.0000000000
3182 -98.0000000000
3268 -97.0000000000
3309 -96.0000000000
3415 -95.0000000000
3458 -94.0000000000
3472 -93.0000000000
3544 -92.0000000000
3605 -91.0000000000
3642 -90.0000000000
3688 -89.0000000000
3698 -88.0000000000
3733 -87.0000000000
3769 -86.0000000000
3777 -85.0000000000
3793 -84.0000000000
3834 -83.0000000000
3998 -82.0000000000
4043 -80.0000000000
4209 -79.0000000000
4283 -78.0000000000
4325 -77.0000000000
4424 -76.0000000000
4492 -75.0000000000
4552 -73.0000000000
4701 -72.0000000000
4809 -71.0000000000
4853 -70.0000000000
4876 -68.0000000000
5019 -67.0000000000
5069 -66.0000000000
5140 -65.0000000000
5168 -64.0000000000
5214 -63.0000000000
5336 -62.0000000000
5462 -61.0000000000
5579 -60.0000000000
5738 -59.0000000000
5811 -58.0000000000
5856 -57.0000000000
5945 -56.0000000000
6062 -55.0000000000
6138 -54.0000000000
6202 -53.0000000000
6283 -52.0000000000
6409 -51.0000000000
6457 -50.0000000000
6511 -49.0000000000
6610 -48.0000000000
6729 -47.0000000000
6758 -46.0000000000
6884 -45.0000000000
6898 -44.0000000000
7081 -43.0000000000
7091 -42.0000000000
7138 -41.0000000000
7247 -40.0000000000
7505 -39.0000000000
7554 -38.0000000000
7689 -37.0000000000
7717 -36.0000000000
7785 -35.0000000000
7843 -34.0000000000
7937 -33.0000000000
8191 -31.0000000000
8257 -30.0000000000
8442 -29.0000000000
8595 -28.0000000000
8699 -26.0000000000
8910 -25.0000000000
8971 -24.0000000000
9340 -23.0000000000
9407 -22.0000000000
9869 -21.0000000000
9987 -20.0000000000
10050 -21.0000000000
evaluations raw_y
1 -224.0000000000
2 -201.0000000000
34 -197.0000000000
86 -196.0000000000
100 -195.0000000000
134 -194.0000000000
205 -193.0000000000
278 -191.0000000000
301 -190.0000000000
340 -189.0000000000
440 -188.0000000000
457 -187.0000000000
520 -186.0000000000
532 -185.0000000000
542 -183.0000000000
624 -182.0000000000
662 -181.0000000000
686 -180.0000000000
738 -178.0000000000
785 -177.0000000000
827 -176.0000000000
838 -175.0000000000
849 -174.0000000000
910 -173.0000000000
923 -172.0000000000
931 -171.0000000000
1005 -169.0000000000
1008 -168.0000000000
1088 -167.0000000000
1128 -166.0000000000
1174 -165.0000000000
1205 -164.0000000000
1247 -163.0000000000
1275 -162.0000000000
1302 -161.0000000000
1321 -160.0000000000
1352 -159.0000000000
1387 -158.0000000000
1426 -157.0000000000
1457 -156.0000000000
1523 -155.0000000000
1558 -154.0000000000
1583 -153.0000000000
1594 -152.0000000000
1638 -151.0000000000
1679 -148.0000000000
1780 -147.0000000000
1806 -146.0000000000
1821 -145.0000000000
1830 -144.0000000000
1914 -143.0000000000
1953 -142.0000000000
1959 -141.0000000000
2055 -140.0000000000
2111 -139.0000000000
2149 -138.0000000000
2221 -137.0000000000
2247 -136.0000000000
2318 -135.0000000000
2335 -134.0000000000
2359 -133.0000000000
2419 -132.0000000000
2460 -131.0000000000
2512 -130.0000000000
2607 -129.0000000000
2618 -128.0000000000
2693 -127.0000000000
2774 -126.0000000000
2813 -125.0000000000
2874 -124.0000000000
2921 -123.0000000000
2977 -122.0000000000
2981 -121.0000000000
3051 -119.0000000000
3127 -118.0000000000
3178 -116.0000000000
3299 -115.0000000000
3359 -114.0000000000
3383 -113.0000000000
3414 -112.0000000000
3493 -111.0000000000
3524 -110.0000000000
3616 -109.0000000000
3653 -108.0000000000
3675 -107.0000000000
3722 -106.0000000000
3813 -105.0000000000
3872 -104.0000000000
3921 -103.0000000000
3938 -102.0000000000
3949 -101.0000000000
3955 -100.0000000000
3972 -99.0000000000
4112 -97.0000000000
4141 -96.0000000000
4150 -95.0000000000
4194 -94.0000000000
4237 -93.0000000000
4311 -92.0000000000
4337 -91.0000000000
4397 -90.0000000000
4455 -89.0000000000
4499 -88.0000000000
4573 -87.0000000000
4658 -86.0000000000
4706 -85.0000000000
4848 -84.0000000000
4859 -83.0000000000
4963 -82.0000000000
4967 -81.0000000000
5013 -80.0000000000
5131 -79.0000000000
5152 -78.0000000000
5159 -77.0000000000
5223 -76.0000000000
5278 -75.0000000000
5327 -74.0000000000
5395 -73.0000000000
5476 -72.0000000000
5508 -71.0000000000
5548 -70.0000000000
5601 -69.0000000000
5630 -68.0000000000
5670 -66.0000000000
5725 -65.0000000000
5819 -64.0000000000
5938 -62.0000000000
5983 -61.0000000000
6077 -60.0000000000
6165 -59.0000000000
6212 -58.0000000000
6385 -57.0000000000
6478 -56.0000000000
6595 -55.0000000000
6679 -54.0000000000
6945 -53.0000000000
7003 -52.0000000000
7009 -51.0000000000
7190 -50.0000000000
7201 -49.0000000000
7338 -48.0000000000
7387 -46.0000000000
7487 -45.0000000000
7626 -44.0000000000
7630 -43.0000000000
7834 -41.0000000000
7984 -40.0000000000
7985 -39.0000000000
8136 -38.0000000000
8160 -37.0000000000
8314 -36.0000000000
8363 -35.0000000000
8452 -34.0000000000
8616 -33.0000000000
8705 -32.0000000000
8802 -31.0000000000
8804 -30.0000000000
8937 -29.0000000000
9117 -28.0000000000
9134 -27.0000000000
9355 -26.0000000000
9440 -25.0000000000
9604 -24.0000000000
9691 -23.0000000000
9867 -22.0000000000
10014 -21.0000000000
10050 -25.0000000000
evaluations raw_y
1 -224.0000000000
2 -219.0000000000
3 -216.0000000000
6 -211.0000000000
7 -206.0000000000
16 -202.0000000000
35 -191.0000000000
79 -190.0000000000
110 -189.0000000000
183 -188.0000000000
220 -187.0000000000
233 -186.0000000000
248 -185.0000000000
263 -184.0000000000
305 -183.0000000000
352 -182.0000000000
365 -181.0000000000
390 -180.0000000000
445 -179.0000000000
485 -178.0000000000
495 -176.0000000000
527 -175.0000000000
551 -174.0000000000
552 -173.0000000000
554 -172.0000000000
574 -171.0000000000
598 -168.0000000000
622 -167.0000000000
685 -164.0000000000
753 -163.0000000000
787 -162.0000000000
834 -161.0000000000
861 -159.0000000000
874 -158.0000000000
958 -156.0000000000
1015 -155.0000000000
1030 -153.0000000000
1124 -151.0000000000
1160 -150.0000000000
1177 -149.0000000000
1275 -148.0000000000
1279 -147.0000000000
1281 -146.0000000000
1334 -145.0000000000
1348 -144.0000000000
1356 -143.0000000000
1379 -142.0000000000
1381 -141.0000000000
1452 -140.0000000000
1484 -139.0000000000
1496 -138.0000000000
1509 -137.0000000000
1543 -136.0000000000
1639 -135.0000000000
1645 -134.0000000000
1675 -133.0000000000
1692 -132.0000000000
1773 -131.0000000000
1818 -130.0000000000
1910 -129.0000000000
1946 -128.0000000000
1997 -127.0000000000
2037 -126.0000000000
2082 -125.0000000000
2140 -124.0000000000
2202 -123.0000000000
2235 -121.0000000000
2264 -120.0000000000
2321 -119.0000000000
2367 -117.0000000000
2402 -116.0000000000
2415 -115.0000000000
2418 -114.0000000000
2447 -112.0000000000
2502 -111.0000000000
2533 -110.0000000000
2627 -108.0000000000
2693 -107.0000000000
2779 -106.0000000000
2813 -105.0000000000
2829 -104.0000000000
2895 -103.0000000000
2920 -102.0000000000
3013 -101.0000000000
3056 -100.0000000000
3082 -99.0000000000
3170 -97.0000000000
3192 -96.0000000000
3270 -95.0000000000
3317 -94.0000000000
3366 -93.0000000000
3396 -92.0000000000
3479 -91.0000000000
3514 -90.0000000000
3526 -89.0000000000
3587 -88.0000000000
3593 -87.0000000000
3667 -86.0000000000
3706 -85.0000000000
3752 -84.0000000000
3818 -83.0000000000
3883 -82.0000000000
3890 -81.0000000000
4053 -80.0000000000
4130 -79.0000000000
4239 -78.0000000000
4276 -77.0000000000
4359 -76.0000000000
4385 -75.0000000000
4452 -74.0000000000
4483 -73.0000000000
4550 -72.0000000000
4639 -71.0000000000
4722 -70.0000000000
4827 -69.0000000000
4835 -68.0000000000
4922 -67.0000000000
4947 -66.0000000000
5017 -65.0000000000
5030 -64.0000000000
5090 -62.0000000000
5301 -61.0000000000
5436 -60.0000000000
5439 -59.0000000000
5544 -58.0000000000
5614 -57.0000000000
5633 -56.0000000000
5747 -55.0000000000
5793 -54.0000000000
5934 -52.0000000000
6090 -51.0000000000
6234 -50.0000000000
6239 -49.0000000000
6301 -48.0000000000
6404 -47.0000000000
6430 -46.0000000000
6540 -45.0000000000
6617 -44.0000000000
6676 -43.0000000000
6695 -42.0000000000
6874 -41.0000000000
6893 -40.0000000000
7072 -39.0000000000
7161 -38.0000000000
7290 -37.0000000000
7417 -36.0000000000
7540 -35.0000000000
7721 -34.0000000000
7750 -33.0000000000
7917 -32.0000000000
8004 -31.0000000000
8126 -30.0000000000
8287 -29.0000000000
8401 -28.0000000000
8531 -27.0000000000
8724 -26.0000000000
8744 -25.0000000000
8881 -24.0000000000
8958 -23.0000000000
9211 -22.0000000000
9384 -21.0000000000
9467 -20.0000000000
9569 -19.0000000000
9684 -18.0000000000
9762 -17.0000000000
9862 -16.0000000000
9989 -15.0000000000
10050 -15.0000000000
evaluations raw_y
1 -226.0000000000
2 -214.0000000000
3 -213.0000000000
4 -201.0000000000
5 -192.0000000000
59 -191.0000000000
86 -190.0000000000
95 -189.0000000000
129 -187.0000000000
148 -186.0000000000
198 -185.0000000000
211 -184.0000000000
220 -183.0000000000
231 -182.0000000000
266 -181.0000000000
311 -180.0000000000
323 -179.0000000000
346 -178.0000000000
349 -177.0000000000
394 -176.0000000000
427 -175.0000000000
466 -174.0000000000
493 -173.0000000000
499 -172.0000000000
539 -171.0000000000
542 -170.0000000000
566 -169.0000000000
624 -168.0000000000
629 -167.0000000000
676 -165.0000000000
723 -164.0000000000
791 -163.0000000000
804 -161.0000000000
830 -160.0000000000
910 -159.0000000000
948 -158.0000000000
952 -157.0000000000
981 -156.0000000000
1027 -155.0000000000
1077 -153.0000000000
1113 -152.0000000000
1172 -151.0000000000
1246 -150.0000000000
1248 -149.0000000000
1292 -148.0000000000
1306 -147.0000000000
1341 -146.0000000000
1402 -145.0000000000
1433 -143.0000000000
1440 -142.0000000000
1468 -141.0000000000
1473 -139.0000000000
1496 -138.0000000000
1505 -137.0000000000
1552 -136.0000000000
1627 -135.0000000000
1643 -133.0000000000
1759 -132.0000000000
1780 -131.0000000000
1817 -130.0000000000
1859 -129.0000000000
1893 -127.0000000000
1908 -126.0000000000
1932 -125.0000000000
1993 -124.0000000000
2045 -123.0000000000
2101 -122.0000000000
2159 -121.0000000000
2161 -120.0000000000
2278 -119.0000000000
2303 -118.0000000000
2341 -117.0000000000
2350 -116.0000000000
2354 -114.0000000000
2398 -113.0000000000
2518 -112.0000000000
2559 -111.0000000000
2579 -110.0000000000
2593 -109.0000000000
2660 -108.0000000000
2670 -107.0000000000
2746 -106.0000000000
2803 -105.0000000000
2848 -104.0000000000
2891 -103.0000000000
2919 -102.0000000000
2975 -101.0000000000
3029 -100.0000000000
3058 -99.0000000000
3131 -98.0000000000
3143 -97.0000000000
3155 -96.0000000000
3251 -95.0000000000
3301 -94.0000000000
3378 -93.0000000000
3401 -92.0000000000
3418 -91.0000000000
3489 -90.0000000000
3540 -89.0000000000
3634 -88.0000000000
3671 -87.0000000000
3725 -86.0000000000
3881 -85.0000000000
3932 -84.0000000000
3938 -83.0000000000
4002 -82.0000000000
4032 -81.0000000000
4038 -80.0000000000
4125 -79.0000000000
4202 -78.0000000000
4217 -77.0000000000
4240 -76.0000000000
4361 -75.0000000000
4486 -74.0000000000
4505 -73.0000000000
4676 -72.0000000000
4766 -71.0000000000
4788 -70.0000000000
4860 -69.0000000000
4926 -68.0000000000
5047 -67.0000000000
5108 -66.0000000000
5203 -65.0000000000
5384 -64.0000000000
5483 -62.0000000000
5572 -61.0000000000
5687 -60.0000000000
5701 -59.0000000000
5744 -58.0000000000
5853 -57.0000000000
6039 -56.0000000000
6051 -55.0000000000
6203 -54.0000000000
6237 -53.0000000000
6316 -52.0000000000
6492 -51.0000000000
6607 -50.0000000000
6689 -48.0000000000
6772 -47.0000000000
6809 -46.0000000000
6875 -45.0000000000
6961 -44.0000000000
7046 -43.0000000000
7277 -42.0000000000
7416 -41.0000000000
7503 -40.0000000000
7605 -39.0000000000
7735 -38.0000000000
7754 -37.0000000000
7796 -36.0000000000
7969 -35.0000000000
8131 -34.0000000000
8141 -33.0000000000
8232 -32.0000000000
8356 -31.0000000000
8466 -30.0000000000
8548 -29.0000000000
8716 -27.0000000000
8780 -26.0000000000
8882 -25.0000000000
9014 -24.0000000000
9122 -23.0000000000
9261 -22.0000000000
9456 -21.0000000000
9530 -20.0000000000
9560 -19.0000000000
9575 -17.0000000000
9908 -16.0000000000
10050 -16.0000000000
evaluations raw_y
1 -213.0000000000
2 -204.0000000000
3 -197.0000000000
206 -196.0000000000
228 -195.0000000000
240 -193.0000000000
299 -191.0000000000
324 -189.0000000000
331 -187.0000000000
369 -186.0000000000
383 -185.0000000000
409 -184.0000000000
448 -183.0000000000
530 -182.0000000000
540 -181.0000000000
543 -180.0000000000
594 -179.0000000000
655 -177.0000000000
691 -176.0000000000
707 -175.0000000000
737 -174.0000000000
793 -173.0000000000
822 -172.0000000000
828 -169.0000000000
960 -168.0000000000
988 -167.0000000000
1035 -166.0000000000
1060 -165.0000000000
1089 -164.0000000000
1106 -163.0000000000
1119 -162.0000000000
1167 -161.0000000000
1238 -160.0000000000
1241 -159.0000000000
1297 -158.0000000000
1359 -157.0000000000
1389 -156.0000000000
1407 -155.0000000000
1419 -154.0000000000
1444 -153.0000000000
1466 -152.0000000000
1474 -151.0000000000
1496 -150.0000000000
1514 -149.0000000000
1555 -148.0000000000
1586 -147.0000000000
1596 -146.0000000000
1610 -145.0000000000
1696 -144.0000000000
1704 -143.0000000000
1710 -142.0000000000
1780 -141.0000000000
1804 -140.0000000000
1873 -139.0000000000
1891 -138.0000000000
1924 -135.0000000000
1985 -134.0000000000
2103 -133.0000000000
2121 -132.0000000000
2130 -131.0000000000
2141 -130.0000000000
2241 -129.0000000000
2310 -128.0000000000
2370 -127.0000000000
2416 -126.0000000000
2457 -125.0000000000
2493 -124.0000000000
2552 -123.0000000000
2554 -122.0000000000
2626 -121.0000000000
2660 -119.0000000000
2690 -118.0000000000
2691 -116.0000000000
2848 -115.0000000000
2860 -114.0000000000
2899 -113.0000000000
2944 -112.0000000000
2977 -111.0000000000
3063 -109.0000000000
3165 -107.0000000000
3215 -106.0000000000
3311 -105.0000000000
3368 -104.0000000000
3461 -103.0000000000
3495 -102.0000000000
3565 -101.0000000000
3658 -100.0000000000
3718 -99.0000000000
3733 -98.0000000000
3769 -97.0000000000
3837 -96.0000000000
3933 -95.0000000000
3968 -94.0000000000
4068 -93.0000000000
4079 -92.0000000000
4190 -91.0000000000
4237 -90.0000000000
4279 -89.0000000000
4298 -88.0000000000
4382 -87.0000000000
4503 -86.0000000000
4617 -85.0000000000
4633 -84.0000000000
4761 -83.0000000000
4774 -82.0000000000
4895 -81.0000000000
4944 -80.0000000000
4993 -79.0000000000
5100 -78.0000000000
5121 -77.0000000000
5188 -75.0000000000
5210 -74.0000000000
5294 -73.0000000000
5343 -72.0000000000
5415 -71.0000000000
5435 -70.0000000000
5524 -68.0000000000
5606 -66.0000000000
5711 -65.0000000000
5782 -64.0000000000
5880 -63.0000000000
5896 -62.0000000000
5919 -61.0000000000
6004 -60.0000000000
6097 -59.0000000000
6212 -58.0000000000
6277 -57.0000000000
6308 -56.0000000000
6322 -54.0000000000
6458 -53.0000000000
6559 -52.0000000000
6660 -51.0000000000
6705 -50.0000000000
6762 -49.0000000000
6840 -48.0000000000
6949 -47.0000000000
7103 -46.0000000000
7155 -45.0000000000
7345 -44.0000000000
7444 -43.0000000000
7492 -42.0000000000
7515 -41.0000000000
7587 -40.0000000000
7723 -39.0000000000
7789 -38.0000000000
7858 -37.0000000000
7948 -36.0000000000
8031 -35.0000000000
8087 -34.0000000000
8258 -33.0000000000
8292 -31.0000000000
8366 -30.0000000000
8596 -29.0000000000
8721 -28.0000000000
8845 -27.0000000000
8979 -26.0000000000
9101 -25.0000000000
9247 -24.0000000000
9398 -23.0000000000
9470 -22.0000000000
9713 -21.0000000000
9820 -20.0000000000
10050 -21.0000000000
evaluations raw_y
1 -202.0000000000
10 -197.0000000000
11 -194.0000000000
38 -181.0000000000
104 -180.0000000000
194 -179.0000000000
195 -178.0000000000
251 -176.0000000000
260 -175.0000000000
292 -174.0000000000
298 -173.0000000000
359 -172.0000000000
404 -171.0000000000
408 -170.0000000000
419 -168.0000000000
509 -167.0000000000
519 -166.0000000000
556 -165.0000000000
594 -164.0000000000
617 -163.0000000000
659 -162.0000000000
665 -161.0000000000
676 -160.0000000000
730 -159.0000000000
764 -158.0000000000
790 -157.0000000000
860 -156.0000000000
877 -155.0000000000
890 -154.0000000000
932 -153.0000000000
939 -152.0000000000
1035 -151.0000000000
1050 -150.0000000000
1109 -149.0000000000
1146 -148.0000000000
1160 -147.0000000000
1209 -146.0000000000
1272 -145.0000000000
1325 -144.0000000000
1359 -143.0000000000
1433 -142.0000000000
1443 -141.0000000000
1541 -140.0000000000
1605 -139.0000000000
1616 -138.0000000000
1634 -137.0000000000
1675 -136.0000000000
1694 -135.0000000000
1791 -133.0000000000
1794 -132.0000000000
1843 -131.0000000000
1895 -130.0000000000
1963 -128.0000000000
2004 -127.0000000000
2074 -126.0000000000
2103 -124.0000000000
2135 -123.0000000000
2202 -122.0000000000
2227 -121.0000000000
2231 -120.0000000000
2264 -119.0000000000
2344 -118.0000000000
2427 -117.0000000000
2481 -116.0000000000
2488 -115.0000000000
2525 -114.0000000000
2592 -113.0000000000
2646 -111.0000000000
2693 -109.0000000000
2722 -108.0000000000
2753 -107.0000000000
2832 -106.0000000000
2945 -105.0000000000
2947 -104.0000000000
3073 -103.0000000000
3133 -101.0000000000
3213 -100.0000000000
3269 -99.0000000000
3353 -98.0000000000
3381 -97.0000000000
3423 -96.0000000000
3468 -95.0000000000
3532 -94.0000000000
3627 -93.0000000000
3696 -92.0000000000
3747 -91.0000000000
3847 -90.0000000000
3867 -89.0000000000
3956 -88.0000000000
4020 -86.0000000000
4120 -85.0000000000
4134 -84.0000000000
4173 -83.0000000000
4179 -82.0000000000
4184 -81.0000000000
4243 -80.0000000000
4248 -79.0000000000
4285 -77.0000000000
4518 -76.0000000000
4519 -75.0000000000
4616 -74.0000000000
4679 -73.0000000000
4731 -72.0000000000
4813 -71.0000000000
4831 -70.0000000000
4895 -69.0000000000
4942 -68.0000000000
4979 -67.0000000000
5049 -66.0000000000
5108 -65.0000000000
5198 -64.0000000000
5216 -63.0000000000
5384 -62.0000000000
5418 -61.0000000000
5594 -60.0000000000
5615 -58.0000000000
5647 -57.0000000000
5722 -56.0000000000
5765 -55.0000000000
5840 -54.0000000000
5866 -53.0000000000
5996 -52.0000000000
6114 -51.0000000000
6131 -50.0000000000
6147 -49.0000000000
6203 -48.0000000000
6377 -47.0000000000
6459 -46.0000000000
6664 -45.0000000000
6834 -43.0000000000
6990 -42.0000000000
7059 -41.0000000000
7131 -40.0000000000
7232 -39.0000000000
7253 -38.0000000000
7336 -37.0000000000
7342 -36.0000000000
7557 -35.0000000000
7626 -34.0000000000
7745 -33.0000000000
7839 -32.0000000000
7904 -31.0000000000
8042 -30.0000000000
8237 -29.0000000000
8395 -28.0000000000
8529 -26.0000000000
8638 -25.0000000000
8811 -24.0000000000
8908 -23.0000000000
9013 -21.0000000000
9290 -20.0000000000
9448 -19.0000000000
9644 -18.0000000000
9713 -17.0000000000
10037 -16.0000000000
10050 -17.0000000000
evaluations raw_y
1 -221.0000000000
2 -218.0000000000
3 -203.0000000000
8 -199.0000000000
20 -193.0000000000
39 -177.0000000000
60 -176.0000000000
112 -175.0000000000
132 -174.0000000000
146 -172.0000000000
204 -171.0000000000
213 -170.0000000000
257 -169.0000000000
291 -168.0000000000
370 -167.0000000000
413 -166.0000000000
437 -163.0000000000
479 -160.0000000000
526 -159.0000000000
593 -158.0000000000
632 -157.0000000000
685 -156.0000000000
725 -155.0000000000
754 -154.0000000000
804 -153.0000000000
813 -152.0000000000
837 -151.0000000000
862 -150.0000000000
894 -149.0000000000
909 -148.0000000000
966 -147.0000000000
976 -146.0000000000
997 -145.0000000000
1088 -144.0000000000
1116 -143.0000000000
1132 -142.0000000000
1162 -141.0000000000
1239 -140.0000000000
1256 -139.0000000000
1274 -138.0000000000
1292 -137.0000000000
1311 -136.0000000000
1353 -135.0000000000
1381 -134.0000000000
1406 -133.0000000000
1456 -131.0000000000
1531 -129.0000000000
1680 -127.0000000000
1682 -126.0000000000
1698 -125.0000000000
1745 -124.0000000000
1814 -122.0000000000
1864 -120.0000000000
1911 -119.0000000000
1950 -118.0000000000
1994 -117.0000000000
2024 -116.0000000000
2055 -114.0000000000
2187 -113.0000000000
2238 -112.0000000000
2240 -111.0000000000
2299 -110.0000000000
2369 -108.0000000000
2463 -107.0000000000
2525 -106.0000000000
2561 -105.0000000000
2594 -104.0000000000
2607 -103.0000000000
2671 -102.0000000000
2701 -101.0000000000
2757 -100.0000000000
2815 -99.0000000000
2875 -98.0000000000
2971 -97.0000000000
3026 -96.0000000000
3067 -94.0000000000
3156 -93.0000000000
3304 -92.0000000000
3306 -91.0000000000
3358 -90.0000000000
3428 -89.0000000000
3518 -88.0000000000
3556 -87.0000000000
3676 -86.0000000000
3711 -85.0000000000
3776 -84.0000000000
3807 -83.0000000000
3871 -82.0000000000
3926 -81.0000000000
4062 -80.0000000000
4112 -79.0000000000
4124 -78.0000000000
4201 -77.0000000000
4333 -75.0000000000
4376 -74.0000000000
4426 -73.0000000000
4448 -72.0000000000
4483 -71.0000000000
4579 -70.0000000000
4676 -69.0000000000
4799 -68.0000000000
4918 -67.0000000000
5020 -66.0000000000
5084 -65.0000000000
5230 -63.0000000000
5336 -62.0000000000
5414 -61.0000000000
5509 -60.0000000000
5574 -59.0000000000
5619 -58.0000000000
5655 -57.0000000000
5664 -56.0000000000
5755 -55.0000000000
5910 -54.0000000000
6012 -53.0000000000
6110 -52.0000000000
6124 -51.0000000000
6186 -50.0000000000
6327 -49.0000000000
6332 -48.0000000000
6410 -47.0000000000
6447 -46.0000000000
6543 -45.0000000000
6586 -44.0000000000
6593 -43.0000000000
6787 -42.0000000000
6806 -41.0000000000
6889 -40.0000000000
6981 -39.0000000000
7073 -38.0000000000
7186 -37.0000000000
7259 -36.0000000000
7342 -35.0000000000
7388 -34.0000000000
7469 -33.0000000000
7488 -32.0000000000
7615 -31.0000000000
7682 -30.0000000000
7811 -29.0000000000
7915 -28.0000000000
8170 -27.0000000000
8213 -26.0000000000
8317 -25.0000000000
8436 -24.0000000000
8495 -23.0000000000
8739 -22.0000000000
8843 -21.0000000000
8947 -20.0000000000
9112 -19.0000000000
9238 -18.0000000000
9344 -17.0000000000
9483 -16.0000000000
9782 -15.0000000000
9880 -14.0000000000
10050 -15.0000000000
evaluations raw_y
1 -244.0000000000
2 -203.0000000000
6 -198.0000000000
38 -190.0000000000
79 -188.0000000000
129 -187.0000000000
157 -185.0000000000
214 -184.0000000000
278 -183.0000000000
280 -182.0000000000
320 -181.0000000000
345 -180.0000000000
388 -178.0000000000
428 -177.0000000000
439 -176.0000000000
486 -175.0000000000
515 -174.0000000000
521 -173.0000000000
543 -171.0000000000
657 -170.0000000000
687 -169.0000000000
702 -168.0000000000
745 -167.0000000000
759 -166.0000000000
767 -165.0000000000
788 -164.0000000000
806 -163.0000000000
841 -162.0000000000
861 -161.0000000000
882 -160.0000000000
885 -159.0000000000
901 -158.0000000000
914 -157.0000000000
956 -156.0000000000
966 -155.0000000000
989 -154.0000000000
1000 -152.0000000000
1141 -151.0000000000
1159 -150.0000000000
1183 -149.0000000000
1208 -148.0000000000
1239 -147.0000000000
1281 -146.0000000000
1337 -143.0000000000
1396 -142.0000000000
1450 -141.0000000000
1487 -140.0000000000
1491 -139.0000000000
1539 -138.0000000000
1555 -137.0000000000
1577 -136.0000000000
1607 -135.0000000000
1667 -134.0000000000
1702 -133.0000000000
1711 -132.0000000000
1779 -131.0000000000
1793 -130.0000000000
1902 -129.0000000000
1911 -128.0000000000
1950 -127.0000000000
1971 -126.0000000000
2069 -125.0000000000
2089 -123.0000000000
2169 -121.0000000000
2209 -120.0000000000
2251 -118.0000000000
2357 -117.0000000000
2374 -115.0000000000
2395 -114.0000000000
2463 -113.0000000000
2488 -112.0000000000
2539 -111.0000000000
2599 -110.0000000000
2629 -109.0000000000
2672 -108.0000000000
2682 -107.0000000000
2762 -106.0000000000
2804 -105.0000000000
2813 -104.0000000000
2850 -103.0000000000
2914 -101.0000000000
2963 -100.0000000000
3001 -99.0000000000
3012 -98.0000000000
3122 -97.0000000000
3162 -96.0000000000
3244 -95.0000000000
3252 -93.0000000000
3274 -92.0000000000
3383 -91.0000000000
3397 -90.0000000000
3435 -89.0000000000
3481 -88.0000000000
3565 -87.0000000000
3654 -86.0000000000
3673 -85.0000000000
3742 -84.0000000000
3756 -83.0000000000
3763 -82.0000000000
3798 -81.0000000000
3814 -80.0000000000
3877 -79.0000000000
3907 -78.0000000000
3952 -77.0000000000
3973 -76.0000000000
4079 -75.0000000000
4153 -74.0000000000
4267 -72.0000000000
4343 -71.0000000000
4438 -70.0000000000
4476 -69.0000000000
4599 -68.0000000000
4626 -67.0000000000
4714 -66.0000000000
4757 -65.0000000000
4828 -64.0000000000
4878 -63.0000000000
4920 -62.0000000000
5023 -61.0000000000
5083 -60.0000000000
5232 -59.0000000000
5306 -58.0000000000
5322 -57.0000000000
5374 -56.0000000000
5461 -55.0000000000
5577 -54.0000000000
5650 -53.0000000000
5789 -52.0000000000
5842 -51.0000000000
5882 -50.0000000000
6074 -48.0000000000
6134 -47.0000000000
6227 -46.0000000000
6379 -45.0000000000
6410 -44.0000000000
6494 -43.0000000000
6625 -42.0000000000
6648 -41.0000000000
6878 -40.0000000000
6994 -39.0000000000
7210 -38.0000000000
7259 -37.0000000000
7429 -36.0000000000
7614 -34.0000000000
7672 -33.0000000000
7896 -32.0000000000
8019 -31.0000000000
8185 -30.0000000000
8294 -29.0000000000
8342 -28.0000000000
8448 -27.0000000000
8599 -26.0000000000
8670 -25.0000000000
8858 -24.0000000000
8995 -23.0000000000
9143 -22.0000000000
9292 -21.0000000000
9328 -20.0000000000
9413 -19.0000000000
9537 -18.0000000000
9591 -17.0000000000
9640 -16.0000000000
9860 -15.0000000000
10050 -16.0000000000
evaluations raw_y
1 -229.0000000000
2 -209.0000000000
3 -205.0000000000
8 -198.0000000000
12 -192.0000000000
19 -189.0000000000
79 -188.0000000000
90 -187.0000000000
102 -186.0000000000
114 -185.0000000000
148 -184.0000000000
183 -182.0000000000
207 -180.0000000000
269 -179.0000000000
301 -178.0000000000
309 -176.0000000000
376 -175.0000000000
389 -174.0000000000
457 -173.0000000000
479 -171.0000000000
544 -170.0000000000
571 -169.0000000000
622 -167.0000000000
665 -166.0000000000
702 -164.0000000000
752 -163.0000000000
758 -162.0000000000
814 -161.0000000000
847 -159.0000000000
886 -158.0000000000
968 -157.0000000000
992 -156.0000000000
1028 -155.0000000000
1070 -154.0000000000
1119 -153.0000000000
1147 -152.0000000000
1198 -151.0000000000
1248 -150.0000000000
1285 -149.0000000000
1347 -148.0000000000
1360 -147.0000000000
1429 -146.0000000000
1458 -145.0000000000
1497 -144.0000000000
1550 -143.0000000000
1551 -142.0000000000
1601 -140.0000000000
1657 -138.0000000000
1695 -137.0000000000
1707 -136.0000000000
1723 -135.0000000000
1777 -134.0000000000
1801 -133.0000000000
1811 -132.0000000000
1865 -131.0000000000
1891 -130.0000000000
1957 -129.0000000000
1978 -128.0000000000
2078 -127.0000000000
2139 -126.0000000000
2213 -125.0000000000
2238 -124.0000000000
2245 -123.0000000000
2249 -121.0000000000
2291 -119.0000000000
2343 -118.0000000000
2353 -117.0000000000
2425 -116.0000000000
2449 -115.0000000000
2492 -113.0000000000
2520 -112.0000000000
2612 -111.0000000000
2640 -110.0000000000
2674 -109.0000000000
2740 -108.0000000000
2781 -106.0000000000
2828 -105.0000000000
2854 -103.0000000000
2938 -102.0000000000
2998 -101.0000000000
3070 -99.0000000000
3155 -98.0000000000
3194 -97.0000000000
3240 -96.0000000000
3287 -95.0000000000
3386 -94.0000000000
3467 -93.0000000000
3512 -92.0000000000
3552 -90.0000000000
3628 -89.0000000000
3676 -88.0000000000
3765 -87.0000000000
3892 -86.0000000000
3933 -85.0000000000
4021 -84.0000000000
4047 -83.0000000000
4107 -82.0000000000
4163 -81.0000000000
4230 -80.0000000000
4235 -79.0000000000
4304 -78.0000000000
4349 -77.0000000000
4370 -76.0000000000
4453 -75.0000000000
4530 -74.0000000000
4597 -72.0000000000
4598 -71.0000000000
4668 -70.0000000000
4756 -69.0000000000
4759 -68.0000000000
4914 -67.0000000000
4956 -66.0000000000
5059 -65.0000000000
5181 -64.0000000000
5241 -63.0000000000
5310 -62.0000000000
5469 -61.0000000000
5555 -60.0000000000
5663 -59.0000000000
5787 -58.0000000000
5803 -56.0000000000
5909 -55.0000000000
5945 -53.0000000000
6087 -52.0000000000
6123 -51.0000000000
6214 -50.0000000000
6257 -48.0000000000
6371 -47.0000000000
6481 -46.0000000000
6535 -45.0000000000
6730 -44.0000000000
6931 -43.0000000000
7023 -42.0000000000
7105 -41.0000000000
7231 -40.0000000000
7403 -39.0000000000
7551 -38.0000000000
7681 -37.0000000000
7830 -36.0000000000
7954 -35.0000000000
8076 -34.0000000000
8336 -33.0000000000
8390 -31.0000000000
8653 -30.0000000000
8809 -29.0000000000
8854 -28.0000000000
9128 -27.0000000000
9210 -26.0000000000
9258 -25.0000000000
9423 -23.0000000000
9578 -22.0000000000
9835 -21.0000000000
10050 -22.0000000000
evaluations raw_y
1 -205.0000000000
6 -203.0000000000
15 -200.0000000000
32 -199.0000000000
40 -196.0000000000
82 -194.0000000000
191 -192.0000000000
208 -191.0000000000
251 -189.0000000000
256 -188.0000000000
260 -187.0000000000
282 -186.0000000000
292 -185.0000000000
297 -184.0000000000
301 -182.0000000000
340 -181.0000000000
389 -180.0000000000
415 -179.0000000000
470 -178.0000000000
483 -177.0000000000
503 -175.0000000000
543 -174.0000000000
545 -173.0000000000
591 -172.0000000000
654 -171.0000000000
709 -169.0000000000
741 -167.0000000000
782 -166.0000000000
885 -164.0000000000
897 -163.0000000000
933 -162.0000000000
994 -161.0000000000
1026 -159.0000000000
1053 -158.0000000000
1075 -157.0000000000
1117 -156.0000000000
1138 -155.0000000000
1225 -154.0000000000
1236 -153.0000000000
1277 -152.0000000000
1320 -150.0000000000
1369 -149.0000000000
1402 -148.0000000000
1431 -147.0000000000
1455 -146.0000000000
1481 -145.0000000000
1584 -144.0000000000
1600 -143.0000000000
1635 -142.0000000000
1705 -141.0000000000
1730 -140.0000000000
1800 -139.0000000000
1816 -138.0000000000
1921 -137.0000000000
1963 -136.0000000000
1973 -135.0000000000
1993 -133.0000000000
2086 -132.0000000000
2098 -131.0000000000
2104 -130.0000000000
2171 -129.0000000000
2200 -128.0000000000
2278 -127.0000000000
2344 -125.0000000000
2358 -124.0000000000
2386 -122.0000000000
2432 -120.0000000000
2459 -119.0000000000
2467 -118.0000000000
2608 -117.0000000000
2616 -116.0000000000
2621 -115.0000000000
2638 -114.0000000000
2737 -113.0000000000
2800 -112.0000000000
2856 -111.0000000000
2914 -110.0000000000
2988 -109.0000000000
3027 -108.0000000000
3046 -107.0000000000
3104 -106.0000000000
3135 -105.0000000000
3174 -104.0000000000
3209 -103.0000000000
3305 -102.0000000000
3379 -100.0000000000
3490 -99.0000000000
3518 -98.0000000000
3553 -96.0000000000
3670 -95.0000000000
3693 -94.0000000000
3761 -93.0000000000
3786 -92.0000000000
3816 -91.0000000000
3923 -89.0000000000
3930 -87.0000000000
3939 -86.0000000000
3945 -85.0000000000
4038 -84.0000000000
4131 -83.0000000000
4221 -82.0000000000
4226 -81.0000000000
4318 -80.0000000000
4367 -79.0000000000
4384 -78.0000000000
4501 -77.0000000000
4617 -76.0000000000
4718 -75.0000000000
4835 -74.0000000000
4950 -73.0000000000
5015 -72.0000000000
5055 -71.0000000000
5071 -70.0000000000
5197 -69.0000000000
5298 -68.0000000000
5416 -67.0000000000
5432 -66.0000000000
5655 -65.0000000000
5657 -64.0000000000
5786 -63.0000000000
5845 -61.0000000000
5943 -60.0000000000
6075 -59.0000000000
6168 -58.0000000000
6230 -57.0000000000
6251 -56.0000000000
6348 -55.0000000000
6432 -54.0000000000
6450 -53.0000000000
6466 -52.0000000000
6567 -51.0000000000
6674 -50.0000000000
6799 -49.0000000000
6831 -48.0000000000
6869 -47.0000000000
7009 -46.0000000000
7181 -45.0000000000
7274 -44.0000000000
7326 -43.0000000000
7377 -42.0000000000
7479 -41.0000000000
7556 -40.0000000000
7698 -39.0000000000
7819 -38.0000000000
7925 -37.0000000000
8049 -36.0000000000
8165 -35.0000000000
8221 -34.0000000000
8318 -33.0000000000
8441 -32.0000000000
8616 -31.0000000000
8770 -30.0000000000
8917 -29.0000000000
9017 -28.0000000000
9129 -27.0000000000
9222 -26.0000000000
9374 -25.0000000000
9453 -24.0000000000
9604 -23.0000000000
9738 -22.0000000000
9870 -21.0000000000
10050 -23.0000000000
evaluations raw_y
1 -222.0000000000
2 -202.0000000000
18 -197.0000000000
49 -194.0000000000
177 -193.0000000000
224 -192.0000000000
275 -191.0000000000
296 -190.0000000000
319 -188.0000000000
357 -186.0000000000
364 -184.0000000000
377 -182.0000000000
404 -181.0000000000
419 -180.0000000000
435 -179.0000000000
452 -178.0000000000
462 -177.0000000000
468 -176.0000000000
525 -175.0000000000
556 -174.0000000000
563 -173.0000000000
566 -172.0000000000
646 -171.0000000000
677 -170.0000000000
729 -169.0000000000
733 -167.0000000000
783 -166.0000000000
785 -165.0000000000
834 -164.0000000000
859 -163.0000000000
869 -161.0000000000
903 -160.0000000000
935 -159.0000000000
970 -158.0000000000
999 -157.0000000000
1036 -156.0000000000
1054 -154.0000000000
1164 -153.0000000000
1191 -152.0000000000
1210 -151.0000000000
1265 -150.0000000000
1284 -149.0000000000
1334 -148.0000000000
1335 -147.0000000000
1361 -146.0000000000
1403 -145.0000000000
1460 -144.0000000000
1541 -143.0000000000
1555 -142.0000000000
1591 -141.0000000000
1633 -139.0000000000
1678 -138.0000000000
1707 -137.0000000000
1714 -136.0000000000
1826 -134.0000000000
1875 -133.0000000000
1948 -132.0000000000
1957 -131.0000000000
1987 -130.0000000000
2076 -129.0000000000
2109 -128.0000000000
2113 -126.0000000000
2189 -125.0000000000
2264 -124.0000000000
2295 -123.0000000000
2303 -122.0000000000
2370 -120.0000000000
2394 -119.0000000000
2441 -118.0000000000
2500 -117.0000000000
2604 -116.0000000000
2643 -115.0000000000
2687 -114.0000000000
2719 -113.0000000000
2802 -111.0000000000
2835 -110.0000000000
2849 -109.0000000000
2917 -108.0000000000
2948 -107.0000000000
3000 -106.0000000000
3070 -105.0000000000
3101 -104.0000000000
3200 -103.0000000000
3225 -102.0000000000
3329 -101.0000000000
3351 -100.0000000000
3425 -99.0000000000
3443 -98.0000000000
3590 -97.0000000000
3693 -95.0000000000
3736 -94.0000000000
3740 -93.0000000000
3849 -92.0000000000
3966 -91.0000000000
4014 -89.0000000000
4077 -87.0000000000
4205 -86.0000000000
4216 -84.0000000000
4260 -83.0000000000
4284 -82.0000000000
4361 -81.0000000000
4390 -80.0000000000
4510 -79.0000000000
4607 -78.0000000000
4620 -77.0000000000
4742 -76.0000000000
4807 -75.0000000000
4881 -74.0000000000
4943 -73.0000000000
5048 -72.0000000000
5170 -71.0000000000
5212 -70.0000000000
5331 -69.0000000000
5403 -68.0000000000
5583 -67.0000000000
5755 -66.0000000000
5815 -65.0000000000
5851 -64.0000000000
6032 -63.0000000000
6037 -62.0000000000
6099 -61.0000000000
6154 -60.0000000000
6296 -59.0000000000
6393 -58.0000000000
6418 -57.0000000000
6514 -56.0000000000
6576 -55.0000000000
6651 -54.0000000000
6860 -52.0000000000
6969 -51.0000000000
7021 -50.0000000000
7102 -49.0000000000
7149 -48.0000000000
7381 -47.0000000000
7437 -46.0000000000
7528 -45.0000000000
7539 -44.0000000000
7703 -42.0000000000
7804 -41.0000000000
7864 -40.0000000000
7967 -39.0000000000
8039 -38.0000000000
8176 -37.0000000000
8271 -36.0000000000
8392 -35.0000000000
8506 -34.0000000000
8536 -33.0000000000
8751 -32.0000000000
8915 -31.0000000000
8985 -30.0000000000
9201 -29.0000000000
9251 -28.0000000000
9375 -27.0000000000
9457 -25.0000000000
9719 -24.0000000000
9766 -23.0000000000
9984 -22.0000000000
10050 -23.0000000000
evaluations raw_y
1 -206.0000000000
3 -198.0000000000
25 -197.0000000000
42 -185.0000000000
60 -184.0000000000
105 -183.0000000000
134 -181.0000000000
224 -177.0000000000
321 -176.0000000000
352 -173.0000000000
434 -172.0000000000
488 -171.0000000000
489 -170.0000000000
495 -169.0000000000
567 -168.0000000000
605 -167.0000000000
656 -166.0000000000
671 -165.0000000000
695 -164.0000000000
738 -163.0000000000
806 -162.0000000000
807 -159.0000000000
872 -158.0000000000
888 -154.0000000000
946 -152.0000000000
978 -150.0000000000
1043 -149.0000000000
1071 -148.0000000000
1083 -146.0000000000
1102 -145.0000000000
1147 -144.0000000000
1156 -143.0000000000
1195 -142.0000000000
1224 -141.0000000000
1288 -140.0000000000
1312 -139.0000000000
1330 -138.0000000000
1418 -136.0000000000
1440 -135.0000000000
1468 -134.0000000000
1517 -133.0000000000
1532 -132.0000000000
1593 -131.0000000000
1633 -130.0000000000
1718 -129.0000000000
1778 -127.0000000000
1822 -126.0000000000
1870 -124.0000000000
1958 -122.0000000000
1984 -120.0000000000
2005 -119.0000000000
2117 -118.0000000000
2135 -117.0000000000
2172 -116.0000000000
2223 -115.0000000000
2285 -112.0000000000
2322 -111.0000000000
2333 -110.0000000000
2385 -109.0000000000
2403 -108.0000000000
2485 -107.0000000000
2509 -106.0000000000
2541 -105.0000000000
2557 -104.0000000000
2573 -103.0000000000
2609 -102.0000000000
2699 -101.0000000000
2789 -100.0000000000
2812 -99.0000000000
2841 -98.0000000000
3050 -97.0000000000
3094 -96.0000000000
3149 -95.0000000000
3176 -94.0000000000
3224 -93.0000000000
3266 -92.0000000000
3310 -91.0000000000
3353 -89.0000000000
3425 -88.0000000000
3543 -87.0000000000
3547 -86.0000000000
3637 -84.0000000000
3755 -83.0000000000
3781 -81.0000000000
3791 -80.0000000000
3793 -79.0000000000
3842 -78.0000000000
3964 -77.0000000000
4025 -76.0000000000
4076 -75.0000000000
4130 -74.0000000000
4178 -73.0000000000
4278 -72.0000000000
4284 -71.0000000000
4425 -70.0000000000
4499 -69.0000000000
4502 -68.0000000000
4579 -67.0000000000
4650 -66.0000000000
4651 -65.0000000000
4810 -64.0000000000
4899 -63.0000000000
4974 -62.0000000000
4983 -61.0000000000
5116 -60.0000000000
5222 -59.0000000000
5324 -58.0000000000
5382 -57.0000000000
5500 -56.0000000000
5578 -55.0000000000
5705 -54.0000000000
5855 -53.0000000000
5876 -52.0000000000
5896 -51.0000000000
5942 -50.0000000000
6013 -49.0000000000
6062 -48.0000000000
6145 -47.0000000000
6169 -46.0000000000
6286 -45.0000000000
6293 -44.0000000000
6458 -43.0000000000
6701 -42.0000000000
6750 -41.0000000000
6864 -40.0000000000
6878 -39.0000000000
6905 -38.0000000000
7008 -37.0000000000
7055 -36.0000000000
7164 -35.0000000000
7202 -34.0000000000
7240 -33.0000000000
7310 -32.0000000000
7391 -31.0000000000
7519 -30.0000000000
7606 -29.0000000000
7644 -28.0000000000
7777 -27.0000000000
8013 -26.0000000000
8166 -25.0000000000
8213 -24.0000000000
8544 -23.0000000000
8561 -22.0000000000
8995 -21.0000000000
9190 -20.0000000000
9259 -19.0000000000
9350 -18.0000000000
9529 -17.0000000000
9808 -16.0000000000
9858 -15.0000000000
10050 -16.0000000000
evaluations raw_y
1 -222.0000000000
2 -201.0000000000
34 -200.0000000000
56 -197.0000000000
94 -196.0000000000
154 -195.0000000000
171 -194.0000000000
174 -193.0000000000
210 -192.0000000000
218 -191.0000000000
224 -190.0000000000
233 -189.0000000000
277 -188.0000000000
315 -187.0000000000
345 -185.0000000000
383 -184.0000000000
396 -183.0000000000
441 -182.0000000000
461 -180.0000000000
549 -178.0000000000
593 -177.0000000000
635 -176.0000000000
671 -175.0000000000
672 -174.0000000000
689 -173.0000000000
740 -171.0000000000
771 -170.0000000000
805 -169.0000000000
881 -166.0000000000
886 -165.0000000000
895 -164.0000000000
918 -163.0000000000
960 -162.0000000000
980 -161.0000000000
1018 -160.0000000000
1087 -159.0000000000
1103 -158.0000000000
1164 -157.0000000000
1256 -156.0000000000
1294 -155.0000000000
1366 -154.0000000000
1390 -153.0000000000
1437 -152.0000000000
1445 -151.0000000000
1504 -150.0000000000
1526 -149.0000000000
1529 -148.0000000000
1575 -147.0000000000
1618 -146.0000000000
1660 -145.0000000000
1664 -144.0000000000
1666 -143.0000000000
1736 -141.0000000000
1777 -139.0000000000
1837 -138.0000000000
1864 -137.0000000000
1878 -136.0000000000
1965 -135.0000000000
1979 -134.0000000000
2006 -133.0000000000
2049 -132.0000000000
2086 -131.0000000000
2100 -130.0000000000
2166 -129.0000000000
2216 -128.0000000000
2242 -126.0000000000
2296 -125.0000000000
2362 -124.0000000000
2451 -123.0000000000
2468 -122.0000000000
2512 -121.0000000000
2550 -120.0000000000
2647 -119.0000000000
2699 -116.0000000000
2733 -115.0000000000
2875 -114.0000000000
2915 -113.0000000000
2971 -111.0000000000
3015 -110.0000000000
3027 -109.0000000000
3097 -108.0000000000
3114 -107.0000000000
3138 -106.0000000000
3154 -105.0000000000
3242 -104.0000000000
3293 -103.0000000000
3303 -102.0000000000
3400 -101.0000000000
3409 -100.0000000000
3487 -99.0000000000
3531 -98.0000000000
3589 -97.0000000000
3624 -96.0000000000
3639 -95.0000000000
3759 -94.0000000000
3773 -93.0000000000
3778 -92.0000000000
3825 -91.0000000000
3932 -90.0000000000
3981 -89.0000000000
4005 -88.0000000000
4103 -87.0000000000
4124 -86.0000000000
4242 -84.0000000000
4299 -83.0000000000
4361 -82.0000000000
4403 -81.0000000000
4454 -80.0000000000
4478 -79.0000000000
4569 -78.0000000000
4586 -77.0000000000
4690 -76.0000000000
4713 -75.0000000000
4830 -74.0000000000
4874 -73.0000000000
4919 -72.0000000000
4946 -71.0000000000
4994 -69.0000000000
5035 -68.0000000000
5149 -67.0000000000
5219 -66.0000000000
5286 -65.0000000000
5360 -63.0000000000
5481 -62.0000000000
5640 -61.0000000000
5777 -60.0000000000
5818 -59.0000000000
5833 -58.0000000000
5892 -57.0000000000
6009 -56.0000000000
6095 -55.0000000000
6116 -54.0000000000
6170 -53.0000000000
6343 -52.0000000000
6364 -51.0000000000
6428 -50.0000000000
6548 -49.0000000000
6620 -48.0000000000
6839 -47.0000000000
7021 -45.0000000000
7122 -44.0000000000
7227 -43.0000000000
7403 -42.0000000000
7537 -41.0000000000
7584 -40.0000000000
7782 -39.0000000000
7812 -38.0000000000
7905 -37.0000000000
8082 -36.0000000000
8154 -35.0000000000
8184 -34.0000000000
8219 -33.0000000000
8396 -32.0000000000
8462 -31.0000000000
8599 -30.0000000000
8701 -29.0000000000
8783 -28.0000000000
8987 -27.0000000000
9125 -25.0000000000
9355 -24.0000000000
9548 -23.0000000000
9663 -22.0000000000
9710 -21.0000000000
9828 -20.0000000000
9938 -19.0000000000
9978 -18.0000000000
10050 -19.0000000000
evaluations raw_y
1 -220.0000000000
4 -194.0000000000
17 -188.0000000000
89 -186.0000000000
114 -185.0000000000
148 -184.0000000000
165 -183.0000000000
198 -181.0000000000
217 -180.0000000000
248 -179.0000000000
268 -178.0000000000
277 -177.0000000000
326 -176.0000000000
352 -175.0000000000
366 -173.0000000000
393 -172.0000000000
423 -171.0000000000
473 -170.0000000000
506 -169.0000000000
528 -168.0000000000
585 -167.0000000000
594 -166.0000000000
655 -165.0000000000
723 -164.0000000000
774 -163.0000000000
785 -162.0000000000
834 -161.0000000000
843 -160.0000000000
881 -158.0000000000
955 -157.0000000000
957 -156.0000000000
963 -155.0000000000
1024 -154.0000000000
1055 -150.0000000000
1096 -148.0000000000
1137 -146.0000000000
1197 -145.0000000000
1233 -144.0000000000
1292 -143.0000000000
1295 -142.0000000000
1385 -141.0000000000
1419 -140.0000000000
1467 -138.0000000000
1469 -136.0000000000
1566 -134.0000000000
1618 -133.0000000000
1661 -132.0000000000
1733 -130.0000000000
1814 -129.0000000000
1842 -128.0000000000
1916 -127.0000000000
1966 -126.0000000000
1973 -125.0000000000
2001 -124.0000000000
2049 -123.0000000000
2081 -122.0000000000
2127 -121.0000000000
2155 -120.0000000000
2225 -119.0000000000
2268 -118.0000000000
2275 -117.0000000000
2321 -116.0000000000
2402 -115.0000000000
2441 -114.0000000000
2515 -113.0000000000
2535 -112.0000000000
2620 -111.0000000000
2642 -110.0000000000
2698 -109.0000000000
2743 -108.0000000000
2775 -107.0000000000
2812 -106.0000000000
2908 -104.0000000000
2984 -103.0000000000
2989 -102.0000000000
3065 -100.0000000000
3114 -99.0000000000
3163 -98.0000000000
3197 -97.0000000000
3248 -96.0000000000
3355 -95.0000000000
3387 -94.0000000000
3466 -93.0000000000
3537 -91.0000000000
3618 -90.0000000000
3718 -89.0000000000
3720 -88.0000000000
3787 -87.0000000000
3877 -86.0000000000
3980 -85.0000000000
4035 -84.0000000000
4076 -83.0000000000
4127 -82.0000000000
4155 -81.0000000000
4263 -80.0000000000
4377 -79.0000000000
4524 -78.0000000000
4583 -77.0000000000
4664 -76.0000000000
4792 -75.0000000000
4797 -74.0000000000
4873 -73.0000000000
4885 -72.0000000000
4989 -71.0000000000
5010 -70.0000000000
5081 -69.0000000000
5140 -68.0000000000
5239 -67.0000000000
5292 -66.0000000000
5313 -65.0000000000
5378 -64.0000000000
5447 -63.0000000000
5459 -62.0000000000
5611 -61.0000000000
5665 -60.0000000000
5768 -59.0000000000
5807 -58.0000000000
5916 -57.0000000000
5977 -56.0000000000
6026 -55.0000000000
6107 -54.0000000000
6252 -53.0000000000
6260 -52.0000000000
6431 -51.0000000000
6515 -50.0000000000
6560 -49.0000000000
6617 -48.0000000000
6742 -47.0000000000
6804 -46.0000000000
6841 -45.0000000000
6932 -44.0000000000
7055 -43.0000000000
7086 -42.0000000000
7270 -41.0000000000
7391 -40.0000000000
7448 -39.0000000000
7659 -38.0000000000
7698 -37.0000000000
7817 -36.0000000000
7881 -35.0000000000
7892 -34.0000000000
7992 -33.0000000000
8087 -32.0000000000
8190 -31.0000000000
8197 -30.0000000000
8226 -29.0000000000
8403 -28.0000000000
8510 -27.0000000000
8535 -26.0000000000
8674 -24.0000000000
8959 -23.0000000000
9101 -22.0000000000
9417 -21.0000000000
9536 -20.0000000000
9544 -19.0000000000
9822 -18.0000000000
10050 -21.0000000000
