evaluations raw_y
1 -221.0000000000
3 -211.0000000000
6 -203.0000000000
9 -200.0000000000
20 -196.0000000000
29 -194.0000000000
31 -193.0000000000
32 -192.0000000000
43 -190.0000000000
47 -176.0000000000
55 -173.0000000000
62 -171.0000000000
67 -167.0000000000
74 -164.0000000000
99 -161.0000000000
100 -160.0000000000
116 -159.0000000000
138 -156.0000000000
145 -155.0000000000
151 -154.0000000000
156 -153.0000000000
167 -152.0000000000
191 -150.0000000000
210 -149.0000000000
222 -148.0000000000
228 -146.0000000000
260 -145.0000000000
275 -144.0000000000
278 -143.0000000000
282 -142.0000000000
306 -141.0000000000
326 -140.0000000000
353 -139.0000000000
358 -137.0000000000
383 -135.0000000000
407 -132.0000000000
416 -130.0000000000
452 -129.0000000000
475 -128.0000000000
495 -127.0000000000
539 -126.0000000000
573 -125.0000000000
574 -124.0000000000
595 -123.0000000000
607 -122.0000000000
621 -121.0000000000
625 -120.0000000000
654 -119.0000000000
667 -118.0000000000
686 -116.0000000000
709 -114.0000000000
724 -113.0000000000
742 -112.0000000000
769 -111.0000000000
782 -110.0000000000
783 -109.0000000000
806 -108.0000000000
814 -106.0000000000
839 -103.0000000000
853 -102.0000000000
855 -101.0000000000
870 -100.0000000000
895 -99.0000000000
899 -97.0000000000
911 -96.0000000000
959 -95.0000000000
984 -94.0000000000
996 -93.0000000000
1008 -92.0000000000
1026 -91.0000000000
1057 -90.0000000000
1058 -89.0000000000
1088 -88.0000000000
1093 -87.0000000000
1109 -86.0000000000
1119 -85.0000000000
1144 -84.0000000000
1150 -83.0000000000
1174 -82.0000000000
1185 -81.0000000000
1211 -79.0000000000
1221 -77.0000000000
1273 -76.0000000000
1331 -75.0000000000
1347 -74.0000000000
1356 -73.0000000000
1378 -71.0000000000
1394 -68.0000000000
1430 -67.0000000000
1449 -66.0000000000
1476 -64.0000000000
1497 -63.0000000000
1524 -62.0000000000
1528 -61.0000000000
1567 -60.0000000000
1600 -59.0000000000
1614 -58.0000000000
1635 -57.0000000000
1710 -56.0000000000
1717 -55.0000000000
1738 -54.0000000000
1774 -53.0000000000
1810 -52.0000000000
1868 -51.0000000000
1880 -50.0000000000
1895 -49.0000000000
1915 -48.0000000000
1934 -47.0000000000
1943 -46.0000000000
1956 -45.0000000000
1963 -44.0000000000
2000 -42.0000000000
2035 -41.0000000000
2060 -39.0000000000
2098 -38.0000000000
2133 -37.0000000000
2177 -36.0000000000
2215 -35.0000000000
2284 -34.0000000000
2305 -33.0000000000
2368 -32.0000000000
2452 -31.0000000000
2467 -30.0000000000
2479 -28.0000000000
2541 -27.0000000000
2569 -26.0000000000
2578 -25.0000000000
2773 -24.0000000000
2892 -23.0000000000
2960 -22.0000000000
3014 -21.0000000000
3113 -20.0000000000
3164 -19.0000000000
3202 -18.0000000000
3245 -17.0000000000
3265 -16.0000000000
3291 -15.0000000000
3316 -14.0000000000
3349 -13.0000000000
3472 -12.0000000000
3493 -11.0000000000
3529 -10.0000000000
3538 -9.0000000000
3570 -8.0000000000
3661 -7.0000000000
3671 -6.0000000000
3710 -5.0000000000
3754 -4.0000000000
3908 -3.0000000000
3973 -2.0000000000
4161 -1.0000000000
4203 394.0000000000
4258 403.0000000000
5944 405.0000000000
6101 406.0000000000
6141 407.0000000000
6241 408.0000000000
6951 410.0000000000
7387 411.0000000000
7634 420.0000000000
10010 -1.0000000000
evaluations raw_y
1 -228.0000000000
2 -225.0000000000
3 -213.0000000000
7 -201.0000000000
29 -198.0000000000
30 -192.0000000000
33 -191.0000000000
43 -185.0000000000
56 -182.0000000000
67 -178.0000000000
76 -176.0000000000
77 -174.0000000000
82 -173.0000000000
94 -170.0000000000
103 -169.0000000000
109 -165.0000000000
119 -164.0000000000
129 -163.0000000000
130 -162.0000000000
139 -160.0000000000
146 -157.0000000000
162 -156.0000000000
169 -155.0000000000
175 -154.0000000000
183 -150.0000000000
221 -149.0000000000
236 -148.0000000000
249 -147.0000000000
264 -146.0000000000
280 -145.0000000000
290 -143.0000000000
301 -142.0000000000
317 -140.0000000000
339 -139.0000000000
361 -138.0000000000
392 -137.0000000000
405 -136.0000000000
412 -134.0000000000
445 -133.0000000000
463 -132.0000000000
495 -131.0000000000
504 -129.0000000000
509 -128.0000000000
521 -126.0000000000
540 -124.0000000000
546 -123.0000000000
567 -121.0000000000
585 -120.0000000000
591 -118.0000000000
620 -117.0000000000
641 -116.0000000000
651 -115.0000000000
668 -114.0000000000
670 -113.0000000000
693 -112.0000000000
718 -111.0000000000
731 -110.0000000000
746 -109.0000000000
763 -108.0000000000
805 -107.0000000000
825 -106.0000000000
859 -104.0000000000
899 -103.0000000000
913 -102.0000000000
924 -101.0000000000
943 -100.0000000000
971 -99.0000000000
984 -98.0000000000
1003 -97.0000000000
1018 -96.0000000000
1025 -95.0000000000
1036 -93.0000000000
1047 -92.0000000000
1066 -90.0000000000
1086 -89.0000000000
1101 -88.0000000000
1107 -87.0000000000
1117 -86.0000000000
1137 -85.0000000000
1155 -84.0000000000
1161 -83.0000000000
1178 -81.0000000000
1200 -80.0000000000
1228 -79.0000000000
1234 -78.0000000000
1267 -76.0000000000
1268 -75.0000000000
1281 -74.0000000000
1303 -73.0000000000
1318 -71.0000000000
1352 -70.0000000000
1365 -69.0000000000
1387 -68.0000000000
1405 -67.0000000000
1424 -66.0000000000
1460 -65.0000000000
1470 -64.0000000000
1484 -63.0000000000
1487 -61.0000000000
1497 -60.0000000000
1565 -59.0000000000
1595 -58.0000000000
1605 -56.0000000000
1626 -55.0000000000
1639 -54.0000000000
1643 -53.0000000000
1654 -51.0000000000
1693 -49.0000000000
1719 -48.0000000000
1745 -47.0000000000
1754 -46.0000000000
1758 -45.0000000000
1779 -44.0000000000
1803 -43.0000000000
1808 -42.0000000000
1835 -41.0000000000
1868 -40.0000000000
1893 -39.0000000000
1930 -38.0000000000
1941 -37.0000000000
1951 -36.0000000000
2004 -35.0000000000
2015 -34.0000000000
2045 -33.0000000000
2060 -32.0000000000
2081 -31.0000000000
2101 -30.0000000000
2142 -29.0000000000
2164 -28.0000000000
2189 -27.0000000000
2315 -26.0000000000
2365 -25.0000000000
2410 -24.0000000000
2433 -23.0000000000
2521 -22.0000000000
2562 -21.0000000000
2578 -20.0000000000
2623 -19.0000000000
2687 -18.0000000000
2725 -17.0000000000
2771 -16.0000000000
2802 -15.0000000000
2847 -14.0000000000
2947 -13.0000000000
2980 -12.0000000000
3060 -11.0000000000
3086 -10.0000000000
3145 -9.0000000000
3168 -8.0000000000
3239 -7.0000000000
3332 -6.0000000000
3432 -5.0000000000
3475 -4.0000000000
3507 -3.0000000000
3576 -2.0000000000
3727 -1.0000000000
3742 374.0000000000
4197 379.0000000000
4206 392.0000000000
4233 396.0000000000
4401 400.0000000000
4491 401.0000000000
4524 402.0000000000
5459 405.0000000000
6018 406.0000000000
6939 407.0000000000
6963 416.0000000000
7314 418.0000000000
8929 421.0000000000
8941 422.0000000000
10010 -1.0000000000
evaluations raw_y
1 -225.0000000000
2 -208.0000000000
3 -206.0000000000
9 -197.0000000000
12 -196.0000000000
17 -194.0000000000
18 -192.0000000000
26 -179.0000000000
56 -178.0000000000
60 -177.0000000000
61 -174.0000000000
69 -172.0000000000
79 -170.0000000000
84 -166.0000000000
92 -163.0000000000
106 -159.0000000000
122 -155.0000000000
139 -153.0000000000
160 -149.0000000000
170 -148.0000000000
181 -146.0000000000
211 -145.0000000000
217 -144.0000000000
230 -143.0000000000
234 -142.0000000000
282 -141.0000000000
302 -140.0000000000
317 -139.0000000000
327 -138.0000000000
347 -137.0000000000
365 -136.0000000000
395 -135.0000000000
431 -134.0000000000
446 -133.0000000000
460 -132.0000000000
466 -131.0000000000
481 -130.0000000000
507 -129.0000000000
516 -128.0000000000
526 -126.0000000000
542 -125.0000000000
557 -124.0000000000
566 -123.0000000000
576 -122.0000000000
590 -121.0000000000
607 -120.0000000000
624 -117.0000000000
662 -116.0000000000
677 -115.0000000000
685 -113.0000000000
733 -111.0000000000
762 -110.0000000000
780 -109.0000000000
791 -108.0000000000
810 -107.0000000000
821 -105.0000000000
839 -104.0000000000
852 -103.0000000000
877 -102.0000000000
886 -101.0000000000
915 -100.0000000000
917 -99.0000000000
968 -98.0000000000
1000 -97.0000000000
1014 -96.0000000000
1041 -94.0000000000
1073 -93.0000000000
1095 -92.0000000000
1112 -91.0000000000
1126 -90.0000000000
1141 -89.0000000000
1172 -88.0000000000
1184 -86.0000000000
1221 -85.0000000000
1246 -83.0000000000
1296 -81.0000000000
1324 -80.0000000000
1332 -79.0000000000
1340 -78.0000000000
1358 -77.0000000000
1399 -76.0000000000
1432 -75.0000000000
1453 -74.0000000000
1481 -72.0000000000
1505 -71.0000000000
1513 -70.0000000000
1536 -69.0000000000
1547 -68.0000000000
1554 -67.0000000000
1555 -66.0000000000
1582 -65.0000000000
1619 -64.0000000000
1637 -63.0000000000
1651 -62.0000000000
1652 -61.0000000000
1674 -60.0000000000
1683 -59.0000000000
1707 -58.0000000000
1730 -57.0000000000
1741 -56.0000000000
1747 -55.0000000000
1756 -54.0000000000
1778 -53.0000000000
1833 -52.0000000000
1882 -50.0000000000
1929 -49.0000000000
1963 -48.0000000000
2020 -47.0000000000
2030 -46.0000000000
2063 -45.0000000000
2095 -44.0000000000
2107 -43.0000000000
2148 -42.0000000000
2168 -41.0000000000
2200 -40.0000000000
2247 -39.0000000000
2269 -38.0000000000
2306 -37.0000000000
2404 -36.0000000000
2426 -35.0000000000
2534 -34.0000000000
2653 -33.0000000000
2681 -32.0000000000
2719 -31.0000000000
2738 -30.0000000000
2770 -29.0000000000
2789 -28.0000000000
2854 -27.0000000000
2882 -26.0000000000
2899 -25.0000000000
2931 -24.0000000000
2956 -23.0000000000
3024 -22.0000000000
3072 -21.0000000000
3102 -20.0000000000
3124 -19.0000000000
3160 -18.0000000000
3191 -17.0000000000
3262 -16.0000000000
3277 -15.0000000000
3312 -14.0000000000
3391 -13.0000000000
3421 -12.0000000000
3467 -11.0000000000
3569 -10.0000000000
3618 -9.0000000000
3646 -8.0000000000
3658 -7.0000000000
3826 -6.0000000000
3895 -5.0000000000
4175 -4.0000000000
4213 -3.0000000000
4238 -2.0000000000
4391 -1.0000000000
4437 380.0000000000
5232 393.0000000000
5378 394.0000000000
7258 397.0000000000
7362 403.0000000000
8376 404.0000000000
9791 406.0000000000
10010 406.0000000000
evaluations raw_y
1 -207.0000000000
8 -205.0000000000
9 -199.0000000000
11 -195.0000000000
15 -192.0000000000
23 -191.0000000000
25 -189.0000000000
29 -184.0000000000
31 -183.0000000000
44 -179.0000000000
51 -178.0000000000
61 -177.0000000000
67 -175.0000000000
75 -174.0000000000
78 -173.0000000000
89 -172.0000000000
109 -171.0000000000
116 -170.0000000000
124 -167.0000000000
141 -165.0000000000
164 -164.0000000000
178 -163.0000000000
188 -161.0000000000
197 -160.0000000000
216 -158.0000000000
231 -157.0000000000
237 -156.0000000000
251 -154.0000000000
264 -153.0000000000
276 -151.0000000000
281 -150.0000000000
309 -149.0000000000
328 -148.0000000000
355 -147.0000000000
361 -146.0000000000
369 -144.0000000000
393 -143.0000000000
418 -141.0000000000
475 -140.0000000000
479 -139.0000000000
491 -138.0000000000
494 -137.0000000000
500 -136.0000000000
521 -135.0000000000
535 -132.0000000000
558 -131.0000000000
589 -130.0000000000
603 -129.0000000000
630 -127.0000000000
647 -126.0000000000
674 -125.0000000000
675 -124.0000000000
704 -123.0000000000
712 -122.0000000000
751 -121.0000000000
756 -120.0000000000
762 -119.0000000000
800 -118.0000000000
804 -117.0000000000
810 -115.0000000000
822 -114.0000000000
834 -113.0000000000
838 -112.0000000000
851 -111.0000000000
862 -110.0000000000
877 -109.0000000000
906 -108.0000000000
926 -107.0000000000
929 -106.0000000000
944 -105.0000000000
979 -104.0000000000
990 -103.0000000000
1001 -102.0000000000
1005 -101.0000000000
1037 -100.0000000000
1058 -98.0000000000
1079 -97.0000000000
1099 -96.0000000000
1109 -95.0000000000
1121 -94.0000000000
1136 -93.0000000000
1143 -92.0000000000
1189 -91.0000000000
1228 -90.0000000000
1229 -89.0000000000
1277 -88.0000000000
1307 -87.0000000000
1321 -85.0000000000
1357 -84.0000000000
1364 -83.0000000000
1379 -81.0000000000
1383 -80.0000000000
1386 -79.0000000000
1423 -78.0000000000
1433 -77.0000000000
1445 -76.0000000000
1448 -75.0000000000
1480 -74.0000000000
1516 -72.0000000000
1536 -71.0000000000
1538 -69.0000000000
1561 -68.0000000000
1581 -67.0000000000
1590 -66.0000000000
1596 -65.0000000000
1614 -64.0000000000
1619 -63.0000000000
1641 -62.0000000000
1662 -61.0000000000
1678 -60.0000000000
1702 -59.0000000000
1753 -57.0000000000
1811 -56.0000000000
1839 -55.0000000000
1851 -54.0000000000
1915 -53.0000000000
1929 -52.0000000000
1951 -51.0000000000
1956 -50.0000000000
1968 -49.0000000000
1985 -48.0000000000
2015 -47.0000000000
2053 -46.0000000000
2069 -45.0000000000
2084 -44.0000000000
2106 -42.0000000000
2138 -41.0000000000
2205 -40.0000000000
2223 -38.0000000000
2323 -37.0000000000
2344 -36.0000000000
2393 -35.0000000000
2459 -34.0000000000
2492 -32.0000000000
2524 -31.0000000000
2574 -30.0000000000
2614 -29.0000000000
2643 -28.0000000000
2651 -27.0000000000
2655 -26.0000000000
2666 -25.0000000000
2699 -24.0000000000
2741 -23.0000000000
2800 -22.0000000000
2895 -21.0000000000
2915 -20.0000000000
2963 -19.0000000000
3024 -18.0000000000
3047 -17.0000000000
3077 -16.0000000000
3212 -15.0000000000
3229 -14.0000000000
3309 -13.0000000000
3329 -12.0000000000
3431 -11.0000000000
3449 -10.0000000000
3790 -9.0000000000
4019 -8.0000000000
4070 -7.0000000000
4200 -6.0000000000
4233 -5.0000000000
4261 -4.0000000000
4293 -3.0000000000
4344 -2.0000000000
4496 -1.0000000000
4724 388.0000000000
4731 391.0000000000
4750 395.0000000000
4773 403.0000000000
4955 404.0000000000
4970 408.0000000000
6040 417.0000000000
6043 419.0000000000
9898 423.0000000000
9972 424.0000000000
10010 -1.0000000000
evaluations raw_y
1 -210.0000000000
2 -204.0000000000
5 -199.0000000000
8 -193.0000000000
10 -187.0000000000
11 -182.0000000000
19 -181.0000000000
21 -172.0000000000
62 -171.0000000000
65 -170.0000000000
75 -166.0000000000
84 -165.0000000000
85 -164.0000000000
97 -159.0000000000
112 -157.0000000000
113 -156.0000000000
119 -155.0000000000
130 -154.0000000000
140 -153.0000000000
144 -152.0000000000
154 -151.0000000000
155 -147.0000000000
171 -144.0000000000
193 -142.0000000000
199 -141.0000000000
207 -140.0000000000
232 -139.0000000000
249 -138.0000000000
252 -137.0000000000
265 -136.0000000000
280 -135.0000000000
289 -134.0000000000
307 -133.0000000000
318 -132.0000000000
356 -131.0000000000
368 -130.0000000000
376 -129.0000000000
394 -128.0000000000
402 -127.0000000000
429 -126.0000000000
451 -124.0000000000
466 -123.0000000000
467 -122.0000000000
497 -121.0000000000
509 -120.0000000000
513 -118.0000000000
527 -117.0000000000
537 -116.0000000000
542 -115.0000000000
562 -114.0000000000
593 -113.0000000000
607 -112.0000000000
625 -111.0000000000
626 -110.0000000000
639 -109.0000000000
643 -108.0000000000
658 -107.0000000000
664 -106.0000000000
670 -104.0000000000
697 -103.0000000000
704 -102.0000000000
719 -101.0000000000
727 -100.0000000000
736 -99.0000000000
748 -98.0000000000
758 -97.0000000000
765 -96.0000000000
788 -95.0000000000
810 -94.0000000000
816 -93.0000000000
835 -92.0000000000
840 -91.0000000000
869 -90.0000000000
872 -89.0000000000
878 -88.0000000000
889 -87.0000000000
900 -86.0000000000
910 -85.0000000000
921 -83.0000000000
927 -82.0000000000
973 -81.0000000000
974 -80.0000000000
995 -78.0000000000
1018 -77.0000000000
1032 -76.0000000000
1035 -75.0000000000
1071 -74.0000000000
1079 -73.0000000000
1096 -72.0000000000
1104 -71.0000000000
1137 -70.0000000000
1140 -68.0000000000
1164 -67.0000000000
1183 -66.0000000000
1209 -65.0000000000
1224 -64.0000000000
1249 -63.0000000000
1259 -62.0000000000
1271 -61.0000000000
1289 -58.0000000000
1340 -57.0000000000
1377 -56.0000000000
1428 -55.0000000000
1479 -54.0000000000
1506 -53.0000000000
1529 -52.0000000000
1564 -51.0000000000
1592 -50.0000000000
1627 -49.0000000000
1683 -48.0000000000
1724 -47.0000000000
1733 -46.0000000000
1755 -45.0000000000
1764 -44.0000000000
1807 -43.0000000000
1838 -42.0000000000
1851 -41.0000000000
1859 -40.0000000000
1895 -38.0000000000
1935 -37.0000000000
1958 -36.0000000000
1980 -35.0000000000
2015 -34.0000000000
2024 -33.0000000000
2034 -32.0000000000
2053 -31.0000000000
2071 -30.0000000000
2088 -29.0000000000
2103 -28.0000000000
2142 -27.0000000000
2151 -26.0000000000
2201 -25.0000000000
2331 -24.0000000000
2403 -23.0000000000
2430 -22.0000000000
2451 -21.0000000000
2470 -20.0000000000
2518 -19.0000000000
2533 -18.0000000000
2691 -17.0000000000
2714 -16.0000000000
2784 -15.0000000000
2806 -14.0000000000
2855 -13.0000000000
2899 -12.0000000000
2927 -11.0000000000
2961 -10.0000000000
2986 -9.0000000000
3037 -8.0000000000
3097 -7.0000000000
3189 -6.0000000000
3237 -5.0000000000
3287 -4.0000000000
3379 -3.0000000000
3396 -2.0000000000
3544 -1.0000000000
3609 401.0000000000
5933 402.0000000000
5959 405.0000000000
6025 406.0000000000
6086 411.0000000000
6111 413.0000000000
8786 415.0000000000
10010 415.0000000000
evaluations raw_y
1 -203.0000000000
3 -201.0000000000
10 -189.0000000000
13 -186.0000000000
14 -180.0000000000
37 -179.0000000000
52 -176.0000000000
60 -172.0000000000
70 -168.0000000000
81 -167.0000000000
86 -162.0000000000
88 -161.0000000000
92 -156.0000000000
105 -155.0000000000
108 -153.0000000000
111 -149.0000000000
127 -148.0000000000
132 -147.0000000000
140 -146.0000000000
158 -145.0000000000
166 -144.0000000000
180 -143.0000000000
189 -142.0000000000
192 -140.0000000000
197 -139.0000000000
219 -138.0000000000
222 -137.0000000000
250 -136.0000000000
259 -135.0000000000
270 -134.0000000000
288 -131.0000000000
308 -130.0000000000
324 -129.0000000000
338 -128.0000000000
354 -126.0000000000
361 -125.0000000000
394 -124.0000000000
415 -123.0000000000
423 -122.0000000000
432 -121.0000000000
436 -120.0000000000
446 -119.0000000000
451 -117.0000000000
461 -116.0000000000
471 -114.0000000000
481 -113.0000000000
521 -112.0000000000
526 -111.0000000000
561 -110.0000000000
574 -108.0000000000
588 -107.0000000000
595 -106.0000000000
602 -105.0000000000
606 -103.0000000000
623 -102.0000000000
640 -101.0000000000
674 -100.0000000000
681 -98.0000000000
694 -96.0000000000
719 -95.0000000000
743 -94.0000000000
762 -93.0000000000
788 -91.0000000000
806 -90.0000000000
821 -89.0000000000
823 -88.0000000000
852 -87.0000000000
867 -86.0000000000
884 -85.0000000000
906 -84.0000000000
914 -83.0000000000
931 -82.0000000000
942 -81.0000000000
949 -79.0000000000
965 -78.0000000000
981 -77.0000000000
1018 -76.0000000000
1041 -75.0000000000
1045 -73.0000000000
1074 -72.0000000000
1093 -71.0000000000
1098 -70.0000000000
1107 -69.0000000000
1113 -68.0000000000
1159 -67.0000000000
1234 -66.0000000000
1243 -65.0000000000
1303 -64.0000000000
1316 -63.0000000000
1335 -62.0000000000
1343 -61.0000000000
1371 -60.0000000000
1394 -59.0000000000
1422 -58.0000000000
1445 -55.0000000000
1499 -54.0000000000
1529 -53.0000000000
1541 -52.0000000000
1557 -51.0000000000
1577 -50.0000000000
1631 -49.0000000000
1694 -48.0000000000
1755 -47.0000000000
1768 -46.0000000000
1783 -45.0000000000
1787 -44.0000000000
1798 -43.0000000000
1814 -42.0000000000
1835 -41.0000000000
1848 -40.0000000000
1861 -39.0000000000
1874 -38.0000000000
1909 -37.0000000000
1945 -36.0000000000
1981 -35.0000000000
2001 -34.0000000000
2021 -33.0000000000
2032 -32.0000000000
2086 -31.0000000000
2118 -30.0000000000
2144 -28.0000000000
2149 -27.0000000000
2154 -26.0000000000
2192 -25.0000000000
2225 -24.0000000000
2250 -23.0000000000
2264 -22.0000000000
2297 -21.0000000000
2309 -20.0000000000
2327 -19.0000000000
2342 -18.0000000000
2377 -17.0000000000
2396 -16.0000000000
2424 -15.0000000000
2467 -14.0000000000
2503 -13.0000000000
2705 -12.0000000000
2725 -11.0000000000
2811 -10.0000000000
2860 -9.0000000000
2966 -8.0000000000
3120 -7.0000000000
3175 -6.0000000000
3298 -5.0000000000
3435 -4.0000000000
3499 -3.0000000000
3749 -2.0000000000
3890 -1.0000000000
3940 387.0000000000
4138 388.0000000000
4733 390.0000000000
4753 393.0000000000
4767 397.0000000000
5709 399.0000000000
5725 406.0000000000
10010 406.0000000000
evaluations raw_y
1 -218.0000000000
2 -199.0000000000
5 -197.0000000000
18 -191.0000000000
33 -190.0000000000
34 -183.0000000000
44 -173.0000000000
68 -170.0000000000
84 -169.0000000000
88 -166.0000000000
96 -163.0000000000
109 -161.0000000000
114 -160.0000000000
126 -158.0000000000
150 -157.0000000000
160 -155.0000000000
165 -153.0000000000
180 -152.0000000000
213 -150.0000000000
225 -149.0000000000
248 -148.0000000000
270 -147.0000000000
287 -146.0000000000
303 -145.0000000000
326 -144.0000000000
334 -142.0000000000
362 -141.0000000000
366 -140.0000000000
382 -139.0000000000
384 -138.0000000000
393 -137.0000000000
397 -135.0000000000
413 -134.0000000000
423 -133.0000000000
452 -131.0000000000
459 -130.0000000000
482 -129.0000000000
497 -128.0000000000
498 -127.0000000000
501 -126.0000000000
528 -125.0000000000
545 -124.0000000000
551 -122.0000000000
589 -120.0000000000
601 -119.0000000000
626 -118.0000000000
637 -117.0000000000
649 -116.0000000000
682 -115.0000000000
687 -114.0000000000
698 -113.0000000000
703 -112.0000000000
709 -111.0000000000
720 -110.0000000000
736 -109.0000000000
737 -108.0000000000
750 -107.0000000000
758 -106.0000000000
767 -105.0000000000
802 -104.0000000000
814 -103.0000000000
838 -102.0000000000
844 -101.0000000000
864 -100.0000000000
885 -98.0000000000
930 -97.0000000000
952 -95.0000000000
961 -94.0000000000
1006 -93.0000000000
1036 -92.0000000000
1047 -91.0000000000
1063 -89.0000000000
1106 -88.0000000000
1121 -87.0000000000
1157 -86.0000000000
1165 -85.0000000000
1168 -84.0000000000
1184 -83.0000000000
1191 -82.0000000000
1194 -81.0000000000
1246 -80.0000000000
1251 -79.0000000000
1271 -78.0000000000
1303 -77.0000000000
1323 -76.0000000000
1333 -75.0000000000
1356 -74.0000000000
1386 -73.0000000000
1389 -72.0000000000
1412 -71.0000000000
1423 -69.0000000000
1443 -68.0000000000
1453 -67.0000000000
1493 -66.0000000000
1513 -65.0000000000
1526 -64.0000000000
1561 -63.0000000000
1581 -62.0000000000
1614 -61.0000000000
1622 -60.0000000000
1666 -59.0000000000
1691 -58.0000000000
1707 -57.0000000000
1718 -56.0000000000
1731 -55.0000000000
1767 -54.0000000000
1799 -51.0000000000
1835 -50.0000000000
1921 -49.0000000000
1963 -48.0000000000
1996 -47.0000000000
2066 -46.0000000000
2106 -45.0000000000
2109 -43.0000000000
2122 -42.0000000000
2139 -41.0000000000
2175 -40.0000000000
2237 -39.0000000000
2264 -38.0000000000
2284 -37.0000000000
2290 -36.0000000000
2305 -35.0000000000
2355 -34.0000000000
2414 -33.0000000000
2451 -32.0000000000
2475 -31.0000000000
2487 -30.0000000000
2524 -29.0000000000
2539 -28.0000000000
2652 -27.0000000000
2655 -26.0000000000
2694 -25.0000000000
2740 -24.0000000000
2771 -23.0000000000
2784 -22.0000000000
2802 -21.0000000000
2828 -20.0000000000
2916 -19.0000000000
2945 -18.0000000000
2960 -17.0000000000
3055 -16.0000000000
3085 -15.0000000000
3087 -14.0000000000
3112 -13.0000000000
3212 -12.0000000000
3239 -11.0000000000
3256 -10.0000000000
3337 -9.0000000000
3365 -8.0000000000
3409 -7.0000000000
3586 -6.0000000000
3634 -5.0000000000
3647 -4.0000000000
3653 -3.0000000000
3767 -2.0000000000
3824 -1.0000000000
3933 379.0000000000
5039 387.0000000000
5777 394.0000000000
7366 395.0000000000
7390 399.0000000000
7427 405.0000000000
8176 410.0000000000
8629 415.0000000000
9314 423.0000000000
10010 423.0000000000
evaluations raw_y
1 -206.0000000000
4 -204.0000000000
9 -203.0000000000
13 -194.0000000000
38 -193.0000000000
45 -190.0000000000
46 -180.0000000000
69 -177.0000000000
73 -171.0000000000
90 -169.0000000000
114 -168.0000000000
126 -167.0000000000
137 -164.0000000000
140 -163.0000000000
158 -162.0000000000
161 -159.0000000000
181 -157.0000000000
200 -155.0000000000
203 -154.0000000000
222 -153.0000000000
235 -152.0000000000
237 -151.0000000000
245 -150.0000000000
255 -149.0000000000
275 -148.0000000000
281 -147.0000000000
295 -146.0000000000
314 -145.0000000000
318 -144.0000000000
345 -143.0000000000
372 -142.0000000000
392 -140.0000000000
411 -139.0000000000
424 -136.0000000000
448 -135.0000000000
453 -134.0000000000
457 -132.0000000000
468 -131.0000000000
472 -130.0000000000
480 -129.0000000000
488 -128.0000000000
490 -127.0000000000
502 -126.0000000000
509 -124.0000000000
544 -123.0000000000
571 -121.0000000000
616 -120.0000000000
641 -119.0000000000
666 -118.0000000000
693 -116.0000000000
701 -115.0000000000
715 -113.0000000000
725 -112.0000000000
748 -110.0000000000
754 -109.0000000000
758 -108.0000000000
770 -107.0000000000
801 -105.0000000000
811 -104.0000000000
822 -103.0000000000
845 -102.0000000000
856 -101.0000000000
863 -100.0000000000
880 -99.0000000000
905 -97.0000000000
914 -96.0000000000
937 -95.0000000000
938 -94.0000000000
942 -93.0000000000
967 -92.0000000000
970 -91.0000000000
985 -89.0000000000
1061 -88.0000000000
1072 -87.0000000000
1088 -85.0000000000
1103 -83.0000000000
1120 -82.0000000000
1127 -79.0000000000
1183 -78.0000000000
1222 -77.0000000000
1231 -76.0000000000
1252 -75.0000000000
1274 -74.0000000000
1297 -73.0000000000
1329 -72.0000000000
1352 -71.0000000000
1383 -70.0000000000
1408 -69.0000000000
1424 -68.0000000000
1456 -67.0000000000
1476 -66.0000000000
1477 -65.0000000000
1503 -64.0000000000
1519 -63.0000000000
1553 -62.0000000000
1562 -61.0000000000
1601 -60.0000000000
1603 -59.0000000000
1666 -58.0000000000
1692 -57.0000000000
1704 -56.0000000000
1713 -54.0000000000
1752 -53.0000000000
1777 -52.0000000000
1787 -51.0000000000
1807 -50.0000000000
1838 -49.0000000000
1864 -48.0000000000
1881 -47.0000000000
1894 -46.0000000000
1954 -45.0000000000
1981 -44.0000000000
1993 -43.0000000000
2020 -42.0000000000
2040 -41.0000000000
2075 -40.0000000000
2085 -39.0000000000
2095 -38.0000000000
2116 -37.0000000000
2122 -36.0000000000
2163 -35.0000000000
2187 -34.0000000000
2244 -33.0000000000
2252 -31.0000000000
2301 -30.0000000000
2326 -29.0000000000
2340 -28.0000000000
2383 -27.0000000000
2429 -25.0000000000
2449 -24.0000000000
2469 -23.0000000000
2533 -22.0000000000
2556 -21.0000000000
2600 -20.0000000000
2637 -19.0000000000
2686 -18.0000000000
2837 -17.0000000000
2861 -16.0000000000
2911 -15.0000000000
2923 -14.0000000000
2978 -13.0000000000
2994 -12.0000000000
3072 -11.0000000000
3116 -10.0000000000
3252 -9.0000000000
3357 -8.0000000000
3384 -7.0000000000
3413 -6.0000000000
3446 -5.0000000000
3466 -4.0000000000
3496 -3.0000000000
3522 -2.0000000000
3617 -1.0000000000
3687 407.0000000000
4573 410.0000000000
4887 411.0000000000
4927 418.0000000000
6780 420.0000000000
6901 421.0000000000
7076 424.0000000000
7138 431.0000000000
10010 431.0000000000
evaluations raw_y
1 -196.0000000000
17 -195.0000000000
27 -191.0000000000
29 -188.0000000000
35 -187.0000000000
39 -184.0000000000
41 -182.0000000000
44 -180.0000000000
46 -179.0000000000
49 -172.0000000000
54 -170.0000000000
64 -169.0000000000
68 -167.0000000000
76 -166.0000000000
88 -162.0000000000
92 -161.0000000000
122 -159.0000000000
135 -158.0000000000
158 -157.0000000000
179 -155.0000000000
191 -154.0000000000
210 -153.0000000000
228 -151.0000000000
242 -150.0000000000
258 -149.0000000000
269 -148.0000000000
280 -147.0000000000
293 -146.0000000000
309 -144.0000000000
340 -143.0000000000
353 -142.0000000000
363 -141.0000000000
369 -140.0000000000
378 -138.0000000000
389 -137.0000000000
399 -136.0000000000
405 -135.0000000000
416 -134.0000000000
429 -133.0000000000
449 -132.0000000000
470 -131.0000000000
481 -130.0000000000
490 -129.0000000000
509 -128.0000000000
519 -125.0000000000
547 -124.0000000000
567 -123.0000000000
594 -122.0000000000
595 -121.0000000000
602 -120.0000000000
632 -119.0000000000
660 -118.0000000000
667 -117.0000000000
686 -116.0000000000
696 -115.0000000000
723 -114.0000000000
730 -113.0000000000
747 -112.0000000000
754 -111.0000000000
756 -109.0000000000
783 -108.0000000000
795 -107.0000000000
814 -106.0000000000
815 -104.0000000000
827 -103.0000000000
833 -102.0000000000
856 -101.0000000000
866 -100.0000000000
887 -99.0000000000
906 -97.0000000000
923 -95.0000000000
956 -94.0000000000
985 -93.0000000000
995 -92.0000000000
1008 -91.0000000000
1036 -90.0000000000
1054 -89.0000000000
1065 -88.0000000000
1102 -87.0000000000
1130 -85.0000000000
1160 -84.0000000000
1168 -83.0000000000
1193 -82.0000000000
1201 -81.0000000000
1255 -79.0000000000
1266 -77.0000000000
1321 -76.0000000000
1348 -75.0000000000
1371 -74.0000000000
1396 -73.0000000000
1407 -72.0000000000
1429 -71.0000000000
1435 -69.0000000000
1452 -68.0000000000
1480 -67.0000000000
1504 -66.0000000000
1523 -65.0000000000
1562 -64.0000000000
1575 -63.0000000000
1581 -62.0000000000
1616 -61.0000000000
1625 -60.0000000000
1652 -59.0000000000
1654 -58.0000000000
1682 -57.0000000000
1691 -56.0000000000
1697 -55.0000000000
1708 -54.0000000000
1732 -53.0000000000
1748 -52.0000000000
1789 -51.0000000000
1824 -50.0000000000
1836 -49.0000000000
1845 -48.0000000000
1850 -47.0000000000
1877 -46.0000000000
1926 -45.0000000000
1937 -44.0000000000
1966 -43.0000000000
1997 -41.0000000000
2005 -40.0000000000
2025 -39.0000000000
2054 -38.0000000000
2120 -37.0000000000
2169 -36.0000000000
2247 -35.0000000000
2272 -34.0000000000
2285 -33.0000000000
2309 -32.0000000000
2344 -31.0000000000
2364 -30.0000000000
2376 -29.0000000000
2455 -28.0000000000
2459 -27.0000000000
2489 -26.0000000000
2508 -25.0000000000
2543 -24.0000000000
2579 -23.0000000000
2648 -22.0000000000
2665 -21.0000000000
2674 -20.0000000000
2697 -19.0000000000
2716 -18.0000000000
2720 -17.0000000000
2724 -16.0000000000
2766 -15.0000000000
2776 -14.0000000000
2823 -13.0000000000
2862 -12.0000000000
2886 -11.0000000000
2916 -10.0000000000
2941 -9.0000000000
3002 -8.0000000000
3152 -7.0000000000
3196 -6.0000000000
3197 -5.0000000000
3336 -4.0000000000
3375 -3.0000000000
3475 -2.0000000000
3712 -1.0000000000
3915 385.0000000000
4764 386.0000000000
4805 395.0000000000
5709 402.0000000000
5742 409.0000000000
6704 410.0000000000
6743 413.0000000000
10010 413.0000000000
evaluations raw_y
1 -246.0000000000
2 -211.0000000000
3 -209.0000000000
7 -205.0000000000
12 -204.0000000000
17 -199.0000000000
23 -196.0000000000
25 -190.0000000000
47 -188.0000000000
64 -184.0000000000
65 -180.0000000000
87 -179.0000000000
92 -178.0000000000
105 -177.0000000000
107 -175.0000000000
120 -174.0000000000
130 -173.0000000000
137 -171.0000000000
155 -169.0000000000
190 -168.0000000000
196 -167.0000000000
205 -166.0000000000
216 -165.0000000000
222 -163.0000000000
243 -161.0000000000
270 -159.0000000000
284 -158.0000000000
285 -157.0000000000
305 -155.0000000000
328 -154.0000000000
354 -153.0000000000
366 -152.0000000000
376 -151.0000000000
386 -150.0000000000
401 -149.0000000000
414 -148.0000000000
426 -147.0000000000
431 -146.0000000000
455 -145.0000000000
456 -143.0000000000
476 -142.0000000000
478 -141.0000000000
497 -140.0000000000
515 -139.0000000000
530 -137.0000000000
558 -135.0000000000
577 -134.0000000000
603 -133.0000000000
629 -132.0000000000
630 -131.0000000000
631 -130.0000000000
649 -129.0000000000
654 -128.0000000000
670 -127.0000000000
694 -126.0000000000
695 -125.0000000000
710 -124.0000000000
717 -123.0000000000
750 -122.0000000000
754 -121.0000000000
770 -120.0000000000
784 -119.0000000000
794 -118.0000000000
818 -117.0000000000
821 -116.0000000000
843 -115.0000000000
844 -114.0000000000
864 -113.0000000000
885 -112.0000000000
886 -111.0000000000
893 -109.0000000000
919 -108.0000000000
950 -107.0000000000
969 -106.0000000000
997 -104.0000000000
1035 -103.0000000000
1067 -102.0000000000
1090 -101.0000000000
1098 -100.0000000000
1130 -99.0000000000
1155 -98.0000000000
1161 -97.0000000000
1168 -96.0000000000
1178 -95.0000000000
1208 -92.0000000000
1212 -91.0000000000
1224 -90.0000000000
1250 -89.0000000000
1257 -88.0000000000
1285 -87.0000000000
1304 -86.0000000000
1328 -85.0000000000
1331 -84.0000000000
1353 -83.0000000000
1363 -82.0000000000
1369 -81.0000000000
1389 -80.0000000000
1397 -79.0000000000
1425 -78.0000000000
1486 -77.0000000000
1498 -76.0000000000
1545 -75.0000000000
1580 -74.0000000000
1641 -73.0000000000
1662 -72.0000000000
1692 -71.0000000000
1711 -70.0000000000
1777 -69.0000000000
1834 -68.0000000000
1859 -67.0000000000
1902 -66.0000000000
1925 -65.0000000000
1949 -64.0000000000
1963 -63.0000000000
1983 -62.0000000000
2004 -61.0000000000
2023 -60.0000000000
2040 -59.0000000000
2048 -58.0000000000
2054 -57.0000000000
2078 -56.0000000000
2090 -55.0000000000
2135 -54.0000000000
2143 -53.0000000000
2168 -52.0000000000
2178 -50.0000000000
2226 -49.0000000000
2266 -48.0000000000
2274 -47.0000000000
2361 -46.0000000000
2402 -45.0000000000
2434 -44.0000000000
2449 -43.0000000000
2478 -42.0000000000
2491 -41.0000000000
2510 -40.0000000000
2511 -38.0000000000
2536 -37.0000000000
2572 -36.0000000000
2633 -35.0000000000
2655 -34.0000000000
2672 -33.0000000000
2681 -32.0000000000
2710 -31.0000000000
2753 -30.0000000000
2787 -29.0000000000
2851 -28.0000000000
2872 -27.0000000000
2907 -26.0000000000
2917 -25.0000000000
2964 -24.0000000000
3001 -22.0000000000
3024 -21.0000000000
3065 -19.0000000000
3122 -18.0000000000
3204 -17.0000000000
3295 -16.0000000000
3319 -15.0000000000
3337 -14.0000000000
3475 -13.0000000000
3502 -12.0000000000
3564 -11.0000000000
3606 -10.0000000000
3672 -9.0000000000
3838 -8.0000000000
3981 -7.0000000000
4033 -6.0000000000
4116 -5.0000000000
4140 -4.0000000000
4216 -3.0000000000
4341 -2.0000000000
4905 -1.0000000000
5148 396.0000000000
5186 402.0000000000
5264 407.0000000000
6324 412.0000000000
10010 -1.0000000000
evaluations raw_y
1 -204.0000000000
4 -192.0000000000
29 -189.0000000000
41 -186.0000000000
47 -184.0000000000
52 -183.0000000000
53 -181.0000000000
57 -176.0000000000
74 -173.0000000000
83 -172.0000000000
92 -170.0000000000
96 -169.0000000000
102 -167.0000000000
111 -166.0000000000
118 -165.0000000000
126 -164.0000000000
145 -161.0000000000
148 -159.0000000000
186 -157.0000000000
201 -156.0000000000
209 -155.0000000000
218 -154.0000000000
233 -153.0000000000
272 -152.0000000000
275 -151.0000000000
280 -149.0000000000
308 -148.0000000000
314 -147.0000000000
336 -146.0000000000
366 -143.0000000000
390 -141.0000000000
413 -140.0000000000
414 -139.0000000000
448 -138.0000000000
488 -137.0000000000
495 -136.0000000000
508 -135.0000000000
523 -133.0000000000
544 -132.0000000000
572 -130.0000000000
574 -129.0000000000
613 -128.0000000000
615 -126.0000000000
620 -125.0000000000
629 -124.0000000000
633 -123.0000000000
663 -122.0000000000
665 -121.0000000000
676 -120.0000000000
695 -119.0000000000
705 -118.0000000000
717 -117.0000000000
732 -116.0000000000
758 -115.0000000000
780 -114.0000000000
792 -113.0000000000
795 -111.0000000000
822 -110.0000000000
847 -108.0000000000
883 -106.0000000000
886 -105.0000000000
911 -104.0000000000
934 -103.0000000000
944 -102.0000000000
954 -100.0000000000
988 -99.0000000000
996 -98.0000000000
1001 -97.0000000000
1044 -96.0000000000
1082 -95.0000000000
1092 -94.0000000000
1094 -93.0000000000
1138 -91.0000000000
1172 -90.0000000000
1175 -89.0000000000
1194 -88.0000000000
1208 -87.0000000000
1228 -85.0000000000
1248 -84.0000000000
1286 -83.0000000000
1309 -82.0000000000
1338 -81.0000000000
1357 -80.0000000000
1403 -79.0000000000
1437 -78.0000000000
1443 -77.0000000000
1472 -76.0000000000
1480 -75.0000000000
1521 -74.0000000000
1522 -73.0000000000
1569 -72.0000000000
1586 -71.0000000000
1606 -70.0000000000
1626 -69.0000000000
1640 -68.0000000000
1669 -67.0000000000
1680 -66.0000000000
1717 -65.0000000000
1742 -64.0000000000
1766 -63.0000000000
1769 -62.0000000000
1820 -61.0000000000
1857 -60.0000000000
1906 -59.0000000000
1959 -58.0000000000
1984 -57.0000000000
2013 -56.0000000000
2047 -55.0000000000
2091 -54.0000000000
2132 -53.0000000000
2187 -52.0000000000
2215 -51.0000000000
2295 -50.0000000000
2319 -49.0000000000
2332 -48.0000000000
2361 -47.0000000000
2373 -46.0000000000
2379 -44.0000000000
2403 -43.0000000000
2405 -42.0000000000
2429 -41.0000000000
2442 -40.0000000000
2483 -39.0000000000
2517 -37.0000000000
2611 -36.0000000000
2633 -35.0000000000
2670 -34.0000000000
2678 -33.0000000000
2697 -32.0000000000
2740 -31.0000000000
2793 -30.0000000000
2841 -29.0000000000
2950 -28.0000000000
2971 -27.0000000000
3015 -25.0000000000
3041 -24.0000000000
3064 -23.0000000000
3084 -22.0000000000
3116 -21.0000000000
3138 -20.0000000000
3154 -19.0000000000
3246 -18.0000000000
3308 -17.0000000000
3399 -15.0000000000
3435 -14.0000000000
3516 -13.0000000000
3558 -12.0000000000
3627 -11.0000000000
3701 -10.0000000000
3724 -9.0000000000
3759 -8.0000000000
3819 -7.0000000000
4055 -6.0000000000
4305 -5.0000000000
4343 -4.0000000000
4396 -3.0000000000
4469 -2.0000000000
4495 -1.0000000000
4555 382.0000000000
5736 393.0000000000
6317 401.0000000000
6345 405.0000000000
8723 407.0000000000
8797 410.0000000000
9038 413.0000000000
9711 414.0000000000
10010 -1.0000000000
evaluations raw_y
1 -210.0000000000
4 -208.0000000000
5 -206.0000000000
12 -194.0000000000
31 -186.0000000000
48 -175.0000000000
77 -173.0000000000
80 -171.0000000000
98 -170.0000000000
102 -168.0000000000
108 -167.0000000000
110 -159.0000000000
135 -158.0000000000
139 -157.0000000000
142 -156.0000000000
146 -154.0000000000
164 -151.0000000000
166 -150.0000000000
189 -148.0000000000
198 -147.0000000000
206 -145.0000000000
214 -143.0000000000
242 -142.0000000000
269 -141.0000000000
272 -140.0000000000
295 -139.0000000000
310 -138.0000000000
314 -137.0000000000
340 -136.0000000000
348 -135.0000000000
370 -134.0000000000
390 -132.0000000000
407 -131.0000000000
430 -129.0000000000
452 -128.0000000000
473 -126.0000000000
489 -125.0000000000
490 -124.0000000000
516 -123.0000000000
522 -122.0000000000
543 -121.0000000000
545 -120.0000000000
571 -119.0000000000
580 -118.0000000000
584 -117.0000000000
598 -116.0000000000
621 -115.0000000000
636 -114.0000000000
639 -113.0000000000
653 -112.0000000000
678 -111.0000000000
693 -109.0000000000
729 -108.0000000000
743 -106.0000000000
773 -105.0000000000
803 -104.0000000000
814 -103.0000000000
830 -102.0000000000
853 -101.0000000000
858 -99.0000000000
887 -98.0000000000
898 -97.0000000000
904 -96.0000000000
938 -95.0000000000
997 -94.0000000000
1011 -93.0000000000
1048 -91.0000000000
1067 -89.0000000000
1076 -88.0000000000
1093 -87.0000000000
1094 -86.0000000000
1103 -85.0000000000
1133 -83.0000000000
1165 -82.0000000000
1202 -81.0000000000
1206 -80.0000000000
1226 -79.0000000000
1242 -78.0000000000
1266 -77.0000000000
1268 -76.0000000000
1314 -75.0000000000
1326 -74.0000000000
1339 -73.0000000000
1364 -72.0000000000
1365 -71.0000000000
1392 -70.0000000000
1423 -69.0000000000
1432 -68.0000000000
1459 -67.0000000000
1487 -66.0000000000
1514 -65.0000000000
1541 -63.0000000000
1577 -62.0000000000
1588 -59.0000000000
1620 -58.0000000000
1644 -56.0000000000
1675 -55.0000000000
1683 -54.0000000000
1689 -53.0000000000
1697 -52.0000000000
1726 -51.0000000000
1745 -50.0000000000
1755 -49.0000000000
1776 -48.0000000000
1783 -47.0000000000
1792 -46.0000000000
1836 -45.0000000000
1849 -44.0000000000
1881 -43.0000000000
1883 -42.0000000000
1892 -41.0000000000
1894 -40.0000000000
1942 -39.0000000000
1965 -38.0000000000
1982 -37.0000000000
2034 -36.0000000000
2076 -35.0000000000
2099 -34.0000000000
2113 -33.0000000000
2149 -32.0000000000
2190 -31.0000000000
2236 -30.0000000000
2354 -29.0000000000
2385 -28.0000000000
2533 -27.0000000000
2585 -26.0000000000
2601 -25.0000000000
2622 -24.0000000000
2657 -23.0000000000
2689 -22.0000000000
2691 -21.0000000000
2714 -20.0000000000
2793 -19.0000000000
2806 -18.0000000000
2844 -17.0000000000
2891 -16.0000000000
2937 -15.0000000000
3011 -14.0000000000
3098 -13.0000000000
3125 -12.0000000000
3167 -11.0000000000
3276 -10.0000000000
3332 -9.0000000000
3420 -8.0000000000
3517 -7.0000000000
3585 -6.0000000000
3688 -5.0000000000
3741 -4.0000000000
3799 -3.0000000000
3955 -2.0000000000
4001 -1.0000000000
4135 386.0000000000
5506 391.0000000000
6308 398.0000000000
7449 404.0000000000
7845 405.0000000000
7924 411.0000000000
8581 418.0000000000
9650 420.0000000000
10010 420.0000000000
evaluations raw_y
1 -221.0000000000
2 -211.0000000000
3 -201.0000000000
7 -198.0000000000
15 -196.0000000000
24 -190.0000000000
46 -188.0000000000
47 -181.0000000000
62 -174.0000000000
75 -173.0000000000
79 -170.0000000000
95 -165.0000000000
109 -163.0000000000
137 -162.0000000000
146 -161.0000000000
153 -160.0000000000
168 -156.0000000000
177 -155.0000000000
198 -154.0000000000
203 -153.0000000000
209 -152.0000000000
222 -151.0000000000
223 -149.0000000000
233 -148.0000000000
254 -146.0000000000
273 -145.0000000000
296 -144.0000000000
323 -143.0000000000
326 -142.0000000000
327 -141.0000000000
356 -140.0000000000
358 -139.0000000000
373 -138.0000000000
387 -137.0000000000
400 -136.0000000000
415 -135.0000000000
424 -134.0000000000
428 -133.0000000000
450 -132.0000000000
467 -131.0000000000
483 -130.0000000000
506 -129.0000000000
514 -128.0000000000
552 -127.0000000000
569 -126.0000000000
575 -125.0000000000
596 -124.0000000000
613 -123.0000000000
614 -122.0000000000
631 -121.0000000000
633 -120.0000000000
645 -119.0000000000
659 -118.0000000000
665 -117.0000000000
672 -116.0000000000
690 -114.0000000000
700 -113.0000000000
712 -112.0000000000
719 -110.0000000000
755 -109.0000000000
777 -108.0000000000
794 -107.0000000000
814 -105.0000000000
845 -104.0000000000
879 -103.0000000000
882 -101.0000000000
917 -99.0000000000
942 -98.0000000000
953 -97.0000000000
972 -96.0000000000
994 -95.0000000000
1012 -94.0000000000
1053 -93.0000000000
1066 -92.0000000000
1087 -91.0000000000
1089 -90.0000000000
1109 -88.0000000000
1131 -87.0000000000
1137 -86.0000000000
1184 -85.0000000000
1198 -84.0000000000
1222 -83.0000000000
1230 -82.0000000000
1243 -81.0000000000
1247 -80.0000000000
1257 -79.0000000000
1279 -78.0000000000
1286 -77.0000000000
1307 -76.0000000000
1314 -75.0000000000
1354 -73.0000000000
1392 -72.0000000000
1421 -71.0000000000
1449 -70.0000000000
1470 -69.0000000000
1506 -68.0000000000
1521 -67.0000000000
1550 -66.0000000000
1575 -64.0000000000
1605 -63.0000000000
1637 -62.0000000000
1661 -60.0000000000
1679 -59.0000000000
1704 -58.0000000000
1709 -56.0000000000
1745 -55.0000000000
1752 -54.0000000000
1761 -53.0000000000
1763 -52.0000000000
1794 -51.0000000000
1838 -50.0000000000
1839 -49.0000000000
1864 -48.0000000000
1872 -47.0000000000
1890 -46.0000000000
1900 -45.0000000000
1919 -43.0000000000
1924 -42.0000000000
1972 -41.0000000000
1998 -40.0000000000
2028 -38.0000000000
2070 -37.0000000000
2095 -36.0000000000
2127 -35.0000000000
2157 -34.0000000000
2229 -33.0000000000
2253 -32.0000000000
2401 -31.0000000000
2425 -30.0000000000
2470 -29.0000000000
2544 -28.0000000000
2571 -27.0000000000
2654 -26.0000000000
2693 -23.0000000000
2743 -22.0000000000
2764 -21.0000000000
2795 -20.0000000000
2849 -19.0000000000
3039 -18.0000000000
3069 -17.0000000000
3105 -16.0000000000
3126 -15.0000000000
3152 -14.0000000000
3245 -13.0000000000
3309 -12.0000000000
3332 -11.0000000000
3468 -10.0000000000
3530 -9.0000000000
3572 -8.0000000000
3692 -7.0000000000
3759 -6.0000000000
3896 -5.0000000000
3967 -4.0000000000
4096 -3.0000000000
4145 -2.0000000000
4336 -1.0000000000
4496 370.0000000000
4752 373.0000000000
4789 380.0000000000
6083 383.0000000000
6155 391.0000000000
7749 403.0000000000
7784 407.0000000000
7811 409.0000000000
10010 -1.0000000000
evaluations raw_y
1 -227.0000000000
2 -219.0000000000
3 -208.0000000000
9 -206.0000000000
13 -203.0000000000
15 -201.0000000000
20 -198.0000000000
21 -194.0000000000
25 -193.0000000000
33 -184.0000000000
50 -179.0000000000
57 -178.0000000000
58 -176.0000000000
65 -175.0000000000
66 -174.0000000000
76 -173.0000000000
80 -172.0000000000
92 -169.0000000000
105 -168.0000000000
124 -167.0000000000
128 -166.0000000000
132 -164.0000000000
155 -163.0000000000
161 -162.0000000000
170 -161.0000000000
192 -160.0000000000
222 -159.0000000000
234 -158.0000000000
239 -157.0000000000
250 -156.0000000000
273 -155.0000000000
287 -153.0000000000
301 -152.0000000000
318 -150.0000000000
319 -149.0000000000
329 -148.0000000000
339 -147.0000000000
356 -146.0000000000
372 -145.0000000000
379 -144.0000000000
404 -143.0000000000
419 -142.0000000000
426 -141.0000000000
433 -140.0000000000
453 -139.0000000000
473 -138.0000000000
483 -137.0000000000
488 -136.0000000000
504 -133.0000000000
528 -132.0000000000
544 -131.0000000000
565 -130.0000000000
571 -129.0000000000
591 -128.0000000000
595 -127.0000000000
601 -126.0000000000
604 -125.0000000000
619 -122.0000000000
646 -121.0000000000
652 -120.0000000000
659 -119.0000000000
673 -118.0000000000
677 -117.0000000000
681 -116.0000000000
684 -114.0000000000
712 -113.0000000000
740 -112.0000000000
753 -111.0000000000
772 -110.0000000000
793 -109.0000000000
799 -108.0000000000
829 -107.0000000000
843 -106.0000000000
879 -105.0000000000
890 -104.0000000000
918 -102.0000000000
927 -101.0000000000
965 -100.0000000000
975 -99.0000000000
980 -98.0000000000
1019 -97.0000000000
1023 -96.0000000000
1039 -95.0000000000
1053 -94.0000000000
1074 -93.0000000000
1080 -92.0000000000
1091 -91.0000000000
1100 -89.0000000000
1151 -87.0000000000
1178 -86.0000000000
1180 -84.0000000000
1225 -82.0000000000
1241 -81.0000000000
1269 -80.0000000000
1287 -79.0000000000
1322 -78.0000000000
1336 -77.0000000000
1356 -76.0000000000
1393 -75.0000000000
1415 -73.0000000000
1452 -72.0000000000
1480 -71.0000000000
1493 -70.0000000000
1495 -69.0000000000
1503 -68.0000000000
1531 -67.0000000000
1576 -66.0000000000
1586 -65.0000000000
1614 -62.0000000000
1661 -61.0000000000
1695 -60.0000000000
1697 -59.0000000000
1745 -58.0000000000
1761 -57.0000000000
1768 -56.0000000000
1806 -55.0000000000
1820 -54.0000000000
1836 -53.0000000000
1904 -52.0000000000
1935 -51.0000000000
1936 -50.0000000000
2038 -49.0000000000
2077 -48.0000000000
2112 -47.0000000000
2137 -46.0000000000
2141 -45.0000000000
2168 -44.0000000000
2176 -43.0000000000
2198 -42.0000000000
2234 -41.0000000000
2245 -40.0000000000
2297 -39.0000000000
2354 -38.0000000000
2357 -37.0000000000
2421 -36.0000000000
2468 -35.0000000000
2600 -34.0000000000
2629 -33.0000000000
2671 -32.0000000000
2705 -31.0000000000
2746 -30.0000000000
2797 -29.0000000000
2800 -28.0000000000
2850 -27.0000000000
2897 -26.0000000000
2927 -25.0000000000
3068 -24.0000000000
3086 -23.0000000000
3108 -22.0000000000
3135 -21.0000000000
3157 -20.0000000000
3207 -19.0000000000
3251 -18.0000000000
3263 -17.0000000000
3331 -16.0000000000
3476 -15.0000000000
3500 -14.0000000000
3535 -13.0000000000
3595 -12.0000000000
3630 -11.0000000000
3660 -10.0000000000
3723 -9.0000000000
3865 -8.0000000000
3989 -7.0000000000
4041 -6.0000000000
4163 -5.0000000000
4222 -4.0000000000
4269 -3.0000000000
4342 -2.0000000000
4369 -1.0000000000
4476 397.0000000000
6257 401.0000000000
6484 407.0000000000
6564 408.0000000000
9376 411.0000000000
10010 411.0000000000
evaluations raw_y
1 -214.0000000000
2 -210.0000000000
5 -203.0000000000
19 -201.0000000000
23 -198.0000000000
43 -197.0000000000
45 -185.0000000000
58 -183.0000000000
60 -181.0000000000
65 -179.0000000000
78 -175.0000000000
85 -173.0000000000
100 -171.0000000000
103 -165.0000000000
126 -163.0000000000
133 -161.0000000000
142 -160.0000000000
143 -158.0000000000
158 -157.0000000000
169 -154.0000000000
186 -153.0000000000
191 -152.0000000000
201 -151.0000000000
217 -150.0000000000
232 -149.0000000000
249 -148.0000000000
271 -147.0000000000
292 -146.0000000000
300 -145.0000000000
315 -144.0000000000
323 -143.0000000000
350 -141.0000000000
373 -140.0000000000
374 -139.0000000000
413 -138.0000000000
430 -137.0000000000
445 -136.0000000000
450 -135.0000000000
454 -134.0000000000
461 -133.0000000000
480 -132.0000000000
501 -131.0000000000
526 -130.0000000000
544 -129.0000000000
554 -128.0000000000
579 -127.0000000000
587 -126.0000000000
596 -125.0000000000
605 -124.0000000000
612 -123.0000000000
613 -122.0000000000
649 -121.0000000000
651 -120.0000000000
669 -119.0000000000
686 -118.0000000000
714 -115.0000000000
746 -114.0000000000
766 -113.0000000000
768 -112.0000000000
783 -111.0000000000
800 -110.0000000000
819 -108.0000000000
835 -107.0000000000
864 -106.0000000000
876 -105.0000000000
893 -104.0000000000
919 -103.0000000000
951 -102.0000000000
962 -101.0000000000
963 -100.0000000000
996 -99.0000000000
1023 -98.0000000000
1044 -97.0000000000
1053 -96.0000000000
1079 -95.0000000000
1096 -94.0000000000
1114 -93.0000000000
1121 -92.0000000000
1146 -91.0000000000
1149 -90.0000000000
1177 -89.0000000000
1214 -88.0000000000
1216 -87.0000000000
1241 -86.0000000000
1259 -85.0000000000
1280 -84.0000000000
1296 -83.0000000000
1312 -82.0000000000
1332 -81.0000000000
1336 -80.0000000000
1345 -79.0000000000
1357 -78.0000000000
1387 -77.0000000000
1415 -76.0000000000
1432 -75.0000000000
1455 -74.0000000000
1475 -73.0000000000
1507 -72.0000000000
1535 -71.0000000000
1559 -70.0000000000
1573 -69.0000000000
1593 -68.0000000000
1608 -67.0000000000
1619 -66.0000000000
1655 -65.0000000000
1672 -64.0000000000
1693 -63.0000000000
1720 -62.0000000000
1742 -61.0000000000
1772 -60.0000000000
1781 -59.0000000000
1790 -58.0000000000
1815 -57.0000000000
1842 -56.0000000000
1855 -55.0000000000
1878 -53.0000000000
1928 -52.0000000000
1982 -51.0000000000
1985 -50.0000000000
2027 -49.0000000000
2042 -48.0000000000
2061 -47.0000000000
2083 -45.0000000000
2101 -44.0000000000
2115 -43.0000000000
2149 -42.0000000000
2158 -41.0000000000
2238 -40.0000000000
2254 -39.0000000000
2281 -38.0000000000
2303 -37.0000000000
2308 -35.0000000000
2340 -34.0000000000
2418 -33.0000000000
2455 -32.0000000000
2469 -31.0000000000
2516 -30.0000000000
2547 -29.0000000000
2588 -28.0000000000
2613 -27.0000000000
2631 -26.0000000000
2683 -25.0000000000
2759 -24.0000000000
2795 -23.0000000000
2833 -22.0000000000
2835 -21.0000000000
2860 -20.0000000000
2866 -19.0000000000
2885 -18.0000000000
2941 -17.0000000000
2975 -16.0000000000
3001 -15.0000000000
3006 -13.0000000000
3067 -12.0000000000
3185 -11.0000000000
3335 -10.0000000000
3449 -9.0000000000
3530 -8.0000000000
3610 -7.0000000000
3655 -6.0000000000
3841 -5.0000000000
3878 -4.0000000000
4025 -3.0000000000
4415 -2.0000000000
4466 -1.0000000000
4488 395.0000000000
4515 397.0000000000
4984 401.0000000000
5946 407.0000000000
5962 408.0000000000
6159 412.0000000000
10010 412.0000000000
evaluations raw_y
1 -224.0000000000
2 -218.0000000000
5 -211.0000000000
11 -207.0000000000
15 -203.0000000000
39 -199.0000000000
40 -198.0000000000
41 -194.0000000000
54 -189.0000000000
67 -184.0000000000
78 -183.0000000000
93 -179.0000000000
110 -178.0000000000
114 -177.0000000000
126 -175.0000000000
147 -173.0000000000
167 -171.0000000000
178 -168.0000000000
189 -167.0000000000
210 -166.0000000000
226 -165.0000000000
248 -164.0000000000
250 -163.0000000000
266 -161.0000000000
292 -160.0000000000
294 -159.0000000000
302 -157.0000000000
328 -156.0000000000
332 -155.0000000000
348 -154.0000000000
365 -153.0000000000
367 -152.0000000000
380 -151.0000000000
398 -150.0000000000
415 -149.0000000000
429 -147.0000000000
445 -146.0000000000
454 -144.0000000000
468 -143.0000000000
491 -142.0000000000
492 -141.0000000000
517 -140.0000000000
525 -139.0000000000
531 -138.0000000000
536 -137.0000000000
553 -136.0000000000
557 -135.0000000000
591 -134.0000000000
605 -133.0000000000
613 -131.0000000000
620 -130.0000000000
629 -129.0000000000
647 -127.0000000000
657 -126.0000000000
668 -125.0000000000
692 -123.0000000000
699 -120.0000000000
731 -119.0000000000
735 -118.0000000000
739 -116.0000000000
776 -115.0000000000
794 -113.0000000000
841 -112.0000000000
846 -110.0000000000
863 -109.0000000000
877 -106.0000000000
900 -105.0000000000
928 -102.0000000000
956 -101.0000000000
982 -100.0000000000
1017 -99.0000000000
1044 -98.0000000000
1047 -97.0000000000
1069 -96.0000000000
1085 -95.0000000000
1095 -94.0000000000
1111 -93.0000000000
1128 -92.0000000000
1176 -91.0000000000
1211 -90.0000000000
1236 -89.0000000000
1238 -88.0000000000
1262 -87.0000000000
1272 -86.0000000000
1291 -85.0000000000
1310 -84.0000000000
1321 -83.0000000000
1372 -82.0000000000
1376 -81.0000000000
1392 -80.0000000000
1407 -79.0000000000
1441 -78.0000000000
1469 -77.0000000000
1503 -75.0000000000
1554 -74.0000000000
1567 -73.0000000000
1586 -72.0000000000
1608 -70.0000000000
1631 -69.0000000000
1655 -68.0000000000
1660 -67.0000000000
1672 -66.0000000000
1693 -64.0000000000
1729 -63.0000000000
1749 -62.0000000000
1771 -61.0000000000
1815 -60.0000000000
1853 -59.0000000000
1891 -58.0000000000
1929 -57.0000000000
1957 -56.0000000000
2002 -55.0000000000
2018 -54.0000000000
2046 -53.0000000000
2050 -52.0000000000
2103 -51.0000000000
2133 -50.0000000000
2171 -49.0000000000
2219 -48.0000000000
2233 -47.0000000000
2291 -46.0000000000
2313 -45.0000000000
2341 -44.0000000000
2367 -43.0000000000
2380 -42.0000000000
2391 -40.0000000000
2452 -39.0000000000
2472 -38.0000000000
2496 -37.0000000000
2522 -36.0000000000
2546 -35.0000000000
2571 -34.0000000000
2577 -33.0000000000
2628 -32.0000000000
2663 -31.0000000000
2790 -30.0000000000
2827 -29.0000000000
2872 -28.0000000000
2936 -27.0000000000
2997 -26.0000000000
3042 -25.0000000000
3065 -24.0000000000
3096 -23.0000000000
3144 -22.0000000000
3157 -21.0000000000
3171 -20.0000000000
3254 -19.0000000000
3282 -18.0000000000
3332 -17.0000000000
3367 -16.0000000000
3404 -15.0000000000
3439 -14.0000000000
3543 -13.0000000000
3643 -12.0000000000
3695 -11.0000000000
3736 -10.0000000000
3789 -9.0000000000
3812 -8.0000000000
3835 -7.0000000000
3930 -6.0000000000
4021 -5.0000000000
4065 -4.0000000000
4170 -3.0000000000
4208 -2.0000000000
4257 -1.0000000000
4437 374.0000000000
4573 379.0000000000
4631 383.0000000000
4680 384.0000000000
6204 388.0000000000
6473 395.0000000000
7016 398.0000000000
7051 401.0000000000
8671 403.0000000000
9249 406.0000000000
9972 419.0000000000
10010 419.0000000000
evaluations raw_y
1 -198.0000000000
11 -196.0000000000
14 -193.0000000000
25 -186.0000000000
31 -177.0000000000
47 -172.0000000000
54 -167.0000000000
79 -165.0000000000
83 -162.0000000000
92 -161.0000000000
100 -159.0000000000
107 -158.0000000000
119 -157.0000000000
120 -156.0000000000
135 -154.0000000000
136 -151.0000000000
154 -149.0000000000
166 -148.0000000000
174 -147.0000000000
177 -146.0000000000
181 -145.0000000000
183 -142.0000000000
194 -141.0000000000
230 -139.0000000000
260 -138.0000000000
261 -137.0000000000
283 -136.0000000000
295 -135.0000000000
321 -134.0000000000
332 -133.0000000000
343 -132.0000000000
344 -131.0000000000
366 -130.0000000000
377 -129.0000000000
388 -128.0000000000
394 -126.0000000000
405 -125.0000000000
418 -123.0000000000
441 -121.0000000000
486 -120.0000000000
502 -119.0000000000
519 -118.0000000000
547 -117.0000000000
551 -116.0000000000
574 -115.0000000000
589 -114.0000000000
608 -113.0000000000
610 -112.0000000000
628 -111.0000000000
647 -110.0000000000
660 -109.0000000000
673 -108.0000000000
674 -107.0000000000
690 -106.0000000000
700 -105.0000000000
718 -104.0000000000
720 -103.0000000000
736 -102.0000000000
742 -101.0000000000
751 -98.0000000000
783 -97.0000000000
791 -96.0000000000
810 -95.0000000000
832 -94.0000000000
846 -93.0000000000
868 -92.0000000000
895 -91.0000000000
906 -90.0000000000
974 -89.0000000000
980 -88.0000000000
1012 -87.0000000000
1033 -86.0000000000
1057 -85.0000000000
1073 -84.0000000000
1086 -83.0000000000
1119 -82.0000000000
1133 -81.0000000000
1170 -80.0000000000
1192 -79.0000000000
1212 -78.0000000000
1237 -77.0000000000
1252 -76.0000000000
1274 -75.0000000000
1292 -74.0000000000
1303 -73.0000000000
1327 -72.0000000000
1347 -71.0000000000
1362 -70.0000000000
1372 -69.0000000000
1377 -68.0000000000
1404 -67.0000000000
1424 -66.0000000000
1447 -65.0000000000
1476 -64.0000000000
1489 -63.0000000000
1520 -62.0000000000
1532 -61.0000000000
1552 -60.0000000000
1560 -59.0000000000
1599 -58.0000000000
1642 -57.0000000000
1653 -56.0000000000
1674 -55.0000000000
1701 -54.0000000000
1719 -53.0000000000
1734 -52.0000000000
1793 -51.0000000000
1804 -50.0000000000
1826 -49.0000000000
1861 -48.0000000000
1899 -47.0000000000
1951 -46.0000000000
1969 -45.0000000000
1974 -44.0000000000
1987 -43.0000000000
2004 -42.0000000000
2027 -41.0000000000
2041 -40.0000000000
2059 -39.0000000000
2093 -38.0000000000
2130 -37.0000000000
2158 -36.0000000000
2172 -35.0000000000
2188 -34.0000000000
2223 -33.0000000000
2287 -32.0000000000
2307 -31.0000000000
2346 -30.0000000000
2350 -29.0000000000
2385 -28.0000000000
2398 -27.0000000000
2426 -25.0000000000
2453 -24.0000000000
2463 -23.0000000000
2497 -22.0000000000
2516 -21.0000000000
2555 -20.0000000000
2617 -19.0000000000
2658 -18.0000000000
2701 -17.0000000000
2734 -16.0000000000
2777 -15.0000000000
2805 -14.0000000000
2868 -13.0000000000
2893 -12.0000000000
2948 -11.0000000000
3022 -10.0000000000
3087 -9.0000000000
3111 -8.0000000000
3125 -7.0000000000
3127 -6.0000000000
3343 -5.0000000000
3520 -4.0000000000
3521 -3.0000000000
3589 -2.0000000000
3624 -1.0000000000
3654 411.0000000000
4283 413.0000000000
5316 414.0000000000
5383 420.0000000000
5817 422.0000000000
10010 -2.0000000000
evaluations raw_y
1 -220.0000000000
3 -216.0000000000
4 -203.0000000000
10 -194.0000000000
14 -192.0000000000
25 -190.0000000000
26 -180.0000000000
40 -178.0000000000
45 -169.0000000000
64 -166.0000000000
76 -164.0000000000
77 -161.0000000000
90 -160.0000000000
92 -156.0000000000
111 -155.0000000000
112 -154.0000000000
113 -152.0000000000
139 -150.0000000000
144 -148.0000000000
162 -146.0000000000
183 -144.0000000000
196 -142.0000000000
211 -140.0000000000
229 -139.0000000000
253 -137.0000000000
262 -136.0000000000
298 -135.0000000000
317 -133.0000000000
340 -132.0000000000
347 -130.0000000000
366 -129.0000000000
378 -128.0000000000
388 -127.0000000000
393 -126.0000000000
407 -125.0000000000
434 -124.0000000000
462 -123.0000000000
470 -122.0000000000
489 -121.0000000000
498 -119.0000000000
521 -118.0000000000
534 -117.0000000000
557 -116.0000000000
578 -114.0000000000
603 -113.0000000000
604 -112.0000000000
613 -111.0000000000
641 -109.0000000000
653 -108.0000000000
672 -107.0000000000
703 -106.0000000000
724 -105.0000000000
736 -104.0000000000
738 -103.0000000000
772 -101.0000000000
791 -100.0000000000
804 -99.0000000000
807 -98.0000000000
822 -97.0000000000
844 -96.0000000000
869 -95.0000000000
881 -94.0000000000
887 -93.0000000000
918 -92.0000000000
949 -91.0000000000
953 -90.0000000000
957 -89.0000000000
971 -88.0000000000
987 -86.0000000000
990 -85.0000000000
1005 -84.0000000000
1011 -83.0000000000
1035 -82.0000000000
1057 -81.0000000000
1060 -80.0000000000
1088 -79.0000000000
1139 -78.0000000000
1168 -77.0000000000
1174 -76.0000000000
1179 -75.0000000000
1214 -74.0000000000
1250 -73.0000000000
1256 -72.0000000000
1279 -71.0000000000
1291 -70.0000000000
1319 -69.0000000000
1357 -68.0000000000
1397 -67.0000000000
1408 -66.0000000000
1450 -65.0000000000
1476 -64.0000000000
1487 -63.0000000000
1514 -62.0000000000
1549 -61.0000000000
1564 -60.0000000000
1578 -59.0000000000
1599 -58.0000000000
1608 -57.0000000000
1626 -56.0000000000
1644 -55.0000000000
1700 -54.0000000000
1712 -53.0000000000
1733 -52.0000000000
1748 -51.0000000000
1802 -50.0000000000
1823 -49.0000000000
1864 -47.0000000000
1894 -46.0000000000
1936 -45.0000000000
1987 -44.0000000000
2013 -43.0000000000
2053 -41.0000000000
2092 -40.0000000000
2137 -39.0000000000
2149 -38.0000000000
2174 -36.0000000000
2229 -35.0000000000
2272 -34.0000000000
2287 -33.0000000000
2327 -32.0000000000
2330 -31.0000000000
2360 -30.0000000000
2382 -29.0000000000
2401 -28.0000000000
2475 -27.0000000000
2510 -26.0000000000
2538 -25.0000000000
2558 -24.0000000000
2578 -23.0000000000
2624 -22.0000000000
2657 -21.0000000000
2786 -20.0000000000
2869 -19.0000000000
2891 -18.0000000000
2929 -17.0000000000
3004 -16.0000000000
3081 -15.0000000000
3145 -14.0000000000
3165 -13.0000000000
3184 -12.0000000000
3204 -11.0000000000
3227 -10.0000000000
3354 -9.0000000000
3442 -8.0000000000
3542 -7.0000000000
3579 -6.0000000000
3626 -5.0000000000
3671 -4.0000000000
3763 -3.0000000000
4051 -2.0000000000
4130 -1.0000000000
4192 373.0000000000
4306 387.0000000000
5165 404.0000000000
5837 408.0000000000
5975 417.0000000000
6011 418.0000000000
6048 420.0000000000
8144 421.0000000000
8216 422.0000000000
9931 424.0000000000
10010 424.0000000000
evaluations raw_y
1 -225.0000000000
2 -221.0000000000
4 -212.0000000000
5 -199.0000000000
27 -192.0000000000
35 -191.0000000000
36 -183.0000000000
37 -182.0000000000
44 -175.0000000000
62 -172.0000000000
77 -171.0000000000
82 -169.0000000000
87 -166.0000000000
98 -162.0000000000
121 -161.0000000000
125 -159.0000000000
178 -157.0000000000
192 -156.0000000000
207 -155.0000000000
230 -154.0000000000
240 -153.0000000000
250 -152.0000000000
255 -151.0000000000
265 -149.0000000000
277 -148.0000000000
286 -147.0000000000
310 -144.0000000000
356 -143.0000000000
360 -142.0000000000
366 -141.0000000000
370 -140.0000000000
380 -139.0000000000
402 -137.0000000000
420 -136.0000000000
440 -135.0000000000
464 -134.0000000000
481 -133.0000000000
518 -132.0000000000
536 -131.0000000000
545 -130.0000000000
569 -129.0000000000
592 -128.0000000000
604 -127.0000000000
612 -126.0000000000
640 -125.0000000000
651 -124.0000000000
669 -123.0000000000
672 -121.0000000000
693 -120.0000000000
695 -119.0000000000
719 -118.0000000000
721 -117.0000000000
743 -116.0000000000
750 -115.0000000000
760 -114.0000000000
762 -113.0000000000
763 -112.0000000000
769 -111.0000000000
783 -109.0000000000
816 -108.0000000000
825 -106.0000000000
834 -105.0000000000
857 -104.0000000000
878 -103.0000000000
882 -101.0000000000
900 -100.0000000000
902 -99.0000000000
911 -98.0000000000
918 -97.0000000000
925 -96.0000000000
962 -94.0000000000
988 -93.0000000000
1002 -92.0000000000
1043 -90.0000000000
1050 -89.0000000000
1090 -87.0000000000
1106 -86.0000000000
1142 -85.0000000000
1152 -84.0000000000
1161 -82.0000000000
1176 -81.0000000000
1215 -80.0000000000
1235 -79.0000000000
1284 -78.0000000000
1295 -77.0000000000
1329 -76.0000000000
1347 -75.0000000000
1361 -74.0000000000
1363 -73.0000000000
1403 -72.0000000000
1438 -71.0000000000
1446 -70.0000000000
1461 -69.0000000000
1474 -68.0000000000
1534 -67.0000000000
1547 -66.0000000000
1590 -65.0000000000
1622 -64.0000000000
1628 -63.0000000000
1636 -62.0000000000
1665 -61.0000000000
1716 -60.0000000000
1729 -59.0000000000
1744 -57.0000000000
1771 -56.0000000000
1806 -55.0000000000
1825 -54.0000000000
1842 -53.0000000000
1851 -52.0000000000
1892 -51.0000000000
1909 -50.0000000000
1958 -48.0000000000
1974 -47.0000000000
1993 -46.0000000000
2043 -45.0000000000
2122 -44.0000000000
2141 -42.0000000000
2191 -41.0000000000
2222 -40.0000000000
2231 -39.0000000000
2254 -38.0000000000
2273 -37.0000000000
2311 -36.0000000000
2361 -35.0000000000
2390 -34.0000000000
2430 -32.0000000000
2480 -31.0000000000
2499 -30.0000000000
2546 -28.0000000000
2581 -27.0000000000
2611 -25.0000000000
2637 -24.0000000000
2723 -23.0000000000
2734 -22.0000000000
2787 -21.0000000000
2807 -20.0000000000
2843 -19.0000000000
2860 -18.0000000000
2958 -17.0000000000
3128 -16.0000000000
3214 -15.0000000000
3258 -14.0000000000
3398 -13.0000000000
3412 -12.0000000000
3434 -11.0000000000
3475 -10.0000000000
3480 -9.0000000000
3508 -8.0000000000
3647 -7.0000000000
3704 -6.0000000000
3797 -5.0000000000
3872 -4.0000000000
4073 -3.0000000000
4368 -2.0000000000
4493 -1.0000000000
4536 402.0000000000
4551 404.0000000000
4623 409.0000000000
8790 410.0000000000
10010 410.0000000000
evaluations raw_y
1 -208.0000000000
4 -207.0000000000
15 -204.0000000000
21 -202.0000000000
23 -195.0000000000
24 -193.0000000000
38 -184.0000000000
55 -183.0000000000
70 -182.0000000000
78 -179.0000000000
81 -177.0000000000
101 -176.0000000000
107 -175.0000000000
114 -173.0000000000
133 -172.0000000000
138 -171.0000000000
139 -170.0000000000
153 -168.0000000000
177 -167.0000000000
186 -165.0000000000
193 -164.0000000000
196 -163.0000000000
220 -162.0000000000
236 -161.0000000000
260 -160.0000000000
270 -159.0000000000
290 -158.0000000000
291 -156.0000000000
298 -155.0000000000
314 -154.0000000000
332 -153.0000000000
350 -151.0000000000
378 -150.0000000000
399 -149.0000000000
413 -147.0000000000
422 -146.0000000000
439 -145.0000000000
459 -144.0000000000
474 -143.0000000000
487 -142.0000000000
492 -141.0000000000
501 -139.0000000000
526 -138.0000000000
533 -136.0000000000
567 -135.0000000000
573 -133.0000000000
580 -131.0000000000
591 -130.0000000000
607 -129.0000000000
636 -128.0000000000
653 -126.0000000000
666 -125.0000000000
678 -124.0000000000
693 -123.0000000000
694 -122.0000000000
715 -121.0000000000
719 -120.0000000000
733 -119.0000000000
734 -118.0000000000
782 -117.0000000000
789 -116.0000000000
805 -115.0000000000
823 -114.0000000000
835 -113.0000000000
839 -112.0000000000
865 -111.0000000000
872 -110.0000000000
888 -108.0000000000
901 -107.0000000000
911 -106.0000000000
926 -104.0000000000
946 -103.0000000000
969 -102.0000000000
990 -101.0000000000
1003 -100.0000000000
1010 -99.0000000000
1016 -98.0000000000
1036 -97.0000000000
1058 -96.0000000000
1066 -95.0000000000
1086 -93.0000000000
1107 -92.0000000000
1119 -91.0000000000
1150 -90.0000000000
1177 -89.0000000000
1203 -88.0000000000
1207 -87.0000000000
1217 -85.0000000000
1254 -84.0000000000
1284 -83.0000000000
1286 -82.0000000000
1302 -81.0000000000
1304 -80.0000000000
1309 -79.0000000000
1335 -78.0000000000
1345 -77.0000000000
1366 -76.0000000000
1375 -75.0000000000
1389 -74.0000000000
1409 -73.0000000000
1459 -72.0000000000
1461 -71.0000000000
1485 -70.0000000000
1486 -69.0000000000
1513 -68.0000000000
1536 -67.0000000000
1550 -65.0000000000
1569 -64.0000000000
1597 -63.0000000000
1614 -62.0000000000
1635 -61.0000000000
1676 -60.0000000000
1690 -59.0000000000
1719 -58.0000000000
1720 -57.0000000000
1765 -56.0000000000
1799 -55.0000000000
1802 -54.0000000000
1827 -53.0000000000
1861 -52.0000000000
1894 -50.0000000000
1939 -49.0000000000
1960 -48.0000000000
1982 -47.0000000000
1996 -45.0000000000
2007 -44.0000000000
2043 -43.0000000000
2048 -42.0000000000
2084 -41.0000000000
2114 -40.0000000000
2174 -39.0000000000
2199 -38.0000000000
2203 -37.0000000000
2239 -36.0000000000
2253 -35.0000000000
2255 -34.0000000000
2286 -33.0000000000
2305 -32.0000000000
2341 -31.0000000000
2399 -30.0000000000
2416 -29.0000000000
2432 -28.0000000000
2483 -27.0000000000
2503 -26.0000000000
2559 -25.0000000000
2621 -24.0000000000
2691 -23.0000000000
2811 -22.0000000000
2854 -21.0000000000
2921 -20.0000000000
3124 -19.0000000000
3161 -18.0000000000
3175 -17.0000000000
3222 -16.0000000000
3234 -15.0000000000
3290 -14.0000000000
3297 -13.0000000000
3324 -12.0000000000
3512 -11.0000000000
3568 -10.0000000000
3612 -9.0000000000
3648 -8.0000000000
3705 -7.0000000000
3962 -6.0000000000
4062 -5.0000000000
4137 -4.0000000000
4205 -3.0000000000
4240 -2.0000000000
4852 -1.0000000000
5062 369.0000000000
5098 377.0000000000
5483 386.0000000000
5530 402.0000000000
6515 405.0000000000
8857 410.0000000000
10010 -1.0000000000
evaluations raw_y
1 -202.0000000000
4 -187.0000000000
16 -183.0000000000
44 -176.0000000000
48 -174.0000000000
51 -171.0000000000
58 -161.0000000000
77 -159.0000000000
84 -158.0000000000
96 -155.0000000000
111 -154.0000000000
123 -152.0000000000
142 -151.0000000000
149 -147.0000000000
165 -146.0000000000
179 -145.0000000000
181 -142.0000000000
203 -141.0000000000
221 -140.0000000000
243 -138.0000000000
277 -137.0000000000
304 -136.0000000000
314 -135.0000000000
320 -134.0000000000
337 -132.0000000000
339 -131.0000000000
352 -130.0000000000
383 -129.0000000000
405 -128.0000000000
414 -127.0000000000
430 -126.0000000000
453 -125.0000000000
459 -124.0000000000
483 -123.0000000000
485 -122.0000000000
505 -121.0000000000
518 -120.0000000000
524 -118.0000000000
544 -117.0000000000
554 -116.0000000000
595 -115.0000000000
599 -114.0000000000
625 -113.0000000000
644 -112.0000000000
646 -111.0000000000
679 -110.0000000000
689 -109.0000000000
705 -108.0000000000
717 -107.0000000000
747 -106.0000000000
758 -104.0000000000
776 -102.0000000000
793 -101.0000000000
803 -100.0000000000
815 -99.0000000000
822 -98.0000000000
826 -97.0000000000
834 -95.0000000000
861 -94.0000000000
872 -93.0000000000
883 -92.0000000000
892 -91.0000000000
909 -89.0000000000
947 -88.0000000000
982 -87.0000000000
998 -86.0000000000
1022 -85.0000000000
1036 -84.0000000000
1043 -83.0000000000
1069 -82.0000000000
1078 -81.0000000000
1093 -80.0000000000
1102 -79.0000000000
1148 -78.0000000000
1154 -77.0000000000
1178 -76.0000000000
1191 -75.0000000000
1220 -74.0000000000
1240 -73.0000000000
1251 -72.0000000000
1265 -71.0000000000
1312 -70.0000000000
1348 -68.0000000000
1374 -67.0000000000
1396 -66.0000000000
1401 -65.0000000000
1413 -64.0000000000
1416 -63.0000000000
1437 -62.0000000000
1444 -61.0000000000
1477 -60.0000000000
1494 -59.0000000000
1508 -58.0000000000
1537 -57.0000000000
1565 -56.0000000000
1588 -55.0000000000
1628 -54.0000000000
1702 -53.0000000000
1727 -51.0000000000
1740 -50.0000000000
1751 -47.0000000000
1867 -46.0000000000
1902 -44.0000000000
1928 -43.0000000000
1935 -42.0000000000
1970 -41.0000000000
2018 -40.0000000000
2027 -39.0000000000
2140 -38.0000000000
2156 -37.0000000000
2212 -36.0000000000
2231 -35.0000000000
2257 -34.0000000000
2289 -33.0000000000
2307 -32.0000000000
2347 -31.0000000000
2393 -30.0000000000
2432 -29.0000000000
2446 -27.0000000000
2497 -26.0000000000
2510 -25.0000000000
2533 -24.0000000000
2565 -23.0000000000
2651 -22.0000000000
2682 -21.0000000000
2711 -20.0000000000
2719 -19.0000000000
2742 -18.0000000000
2772 -17.0000000000
2799 -16.0000000000
2856 -15.0000000000
2894 -14.0000000000
2927 -13.0000000000
2929 -12.0000000000
2958 -11.0000000000
2967 -10.0000000000
3123 -9.0000000000
3139 -8.0000000000
3170 -7.0000000000
3184 -6.0000000000
3318 -5.0000000000
3498 -4.0000000000
3513 -3.0000000000
3906 -2.0000000000
4194 -1.0000000000
4412 390.0000000000
4889 391.0000000000
4957 394.0000000000
5573 410.0000000000
5668 417.0000000000
9359 418.0000000000
9482 419.0000000000
9500 420.0000000000
9548 421.0000000000
9589 422.0000000000
10010 422.0000000000
evaluations raw_y
1 -211.0000000000
20 -210.0000000000
24 -201.0000000000
29 -199.0000000000
39 -195.0000000000
46 -191.0000000000
47 -189.0000000000
69 -187.0000000000
83 -186.0000000000
96 -185.0000000000
97 -184.0000000000
106 -183.0000000000
118 -181.0000000000
135 -180.0000000000
150 -179.0000000000
153 -178.0000000000
162 -177.0000000000
167 -176.0000000000
175 -174.0000000000
184 -172.0000000000
207 -171.0000000000
218 -170.0000000000
222 -169.0000000000
229 -168.0000000000
247 -167.0000000000
251 -166.0000000000
262 -165.0000000000
276 -164.0000000000
282 -163.0000000000
311 -162.0000000000
318 -160.0000000000
324 -157.0000000000
338 -156.0000000000
345 -155.0000000000
361 -154.0000000000
373 -153.0000000000
391 -152.0000000000
392 -151.0000000000
420 -149.0000000000
437 -148.0000000000
447 -147.0000000000
449 -146.0000000000
476 -145.0000000000
482 -144.0000000000
508 -143.0000000000
511 -142.0000000000
526 -141.0000000000
541 -140.0000000000
589 -139.0000000000
596 -138.0000000000
625 -137.0000000000
639 -136.0000000000
647 -135.0000000000
662 -134.0000000000
687 -133.0000000000
691 -131.0000000000
707 -130.0000000000
711 -129.0000000000
713 -128.0000000000
735 -126.0000000000
777 -124.0000000000
791 -123.0000000000
807 -122.0000000000
816 -121.0000000000
834 -118.0000000000
844 -117.0000000000
877 -116.0000000000
899 -115.0000000000
909 -114.0000000000
937 -113.0000000000
960 -112.0000000000
977 -111.0000000000
988 -110.0000000000
1007 -109.0000000000
1016 -108.0000000000
1043 -107.0000000000
1072 -106.0000000000
1134 -105.0000000000
1138 -104.0000000000
1150 -103.0000000000
1157 -101.0000000000
1171 -100.0000000000
1188 -99.0000000000
1218 -97.0000000000
1244 -96.0000000000
1246 -95.0000000000
1269 -94.0000000000
1276 -93.0000000000
1315 -92.0000000000
1359 -91.0000000000
1381 -90.0000000000
1399 -88.0000000000
1408 -87.0000000000
1426 -86.0000000000
1437 -85.0000000000
1459 -84.0000000000
1483 -83.0000000000
1493 -82.0000000000
1514 -81.0000000000
1538 -80.0000000000
1540 -79.0000000000
1550 -78.0000000000
1558 -77.0000000000
1567 -76.0000000000
1586 -75.0000000000
1624 -74.0000000000
1645 -73.0000000000
1662 -72.0000000000
1671 -71.0000000000
1715 -70.0000000000
1734 -69.0000000000
1745 -68.0000000000
1782 -67.0000000000
1811 -66.0000000000
1827 -65.0000000000
1855 -64.0000000000
1877 -63.0000000000
1913 -62.0000000000
1991 -61.0000000000
2013 -60.0000000000
2035 -59.0000000000
2056 -58.0000000000
2084 -57.0000000000
2126 -56.0000000000
2151 -55.0000000000
2193 -54.0000000000
2214 -53.0000000000
2257 -52.0000000000
2268 -51.0000000000
2327 -50.0000000000
2341 -49.0000000000
2367 -48.0000000000
2408 -47.0000000000
2469 -46.0000000000
2470 -45.0000000000
2484 -43.0000000000
2568 -42.0000000000
2631 -41.0000000000
2654 -39.0000000000
2697 -38.0000000000
2738 -37.0000000000
2767 -36.0000000000
2788 -35.0000000000
2811 -34.0000000000
2842 -33.0000000000
2851 -32.0000000000
2878 -31.0000000000
2989 -29.0000000000
3020 -28.0000000000
3037 -27.0000000000
3196 -26.0000000000
3214 -25.0000000000
3331 -24.0000000000
3333 -23.0000000000
3357 -22.0000000000
3371 -21.0000000000
3412 -19.0000000000
3443 -18.0000000000
3470 -17.0000000000
3526 -16.0000000000
3540 -15.0000000000
3624 -14.0000000000
3795 -13.0000000000
3834 -12.0000000000
3889 -11.0000000000
4044 -10.0000000000
4154 -9.0000000000
4214 -8.0000000000
4229 -7.0000000000
4262 -6.0000000000
4323 -5.0000000000
4513 -4.0000000000
4562 -3.0000000000
4731 -2.0000000000
4805 -1.0000000000
4836 389.0000000000
4849 396.0000000000
4862 397.0000000000
5012 400.0000000000
5066 402.0000000000
6257 403.0000000000
6941 406.0000000000
7019 414.0000000000
10010 -1.0000000000
evaluations raw_y
1 -208.0000000000
2 -202.0000000000
10 -189.0000000000
20 -187.0000000000
33 -177.0000000000
49 -173.0000000000
57 -172.0000000000
61 -167.0000000000
81 -166.0000000000
99 -163.0000000000
104 -162.0000000000
121 -160.0000000000
129 -159.0000000000
143 -158.0000000000
150 -157.0000000000
166 -156.0000000000
181 -155.0000000000
188 -154.0000000000
202 -153.0000000000
214 -152.0000000000
216 -151.0000000000
228 -150.0000000000
230 -147.0000000000
273 -145.0000000000
281 -144.0000000000
299 -143.0000000000
310 -141.0000000000
334 -140.0000000000
351 -138.0000000000
381 -137.0000000000
383 -136.0000000000
415 -135.0000000000
419 -134.0000000000
431 -132.0000000000
469 -131.0000000000
489 -130.0000000000
491 -129.0000000000
502 -128.0000000000
505 -127.0000000000
521 -124.0000000000
552 -123.0000000000
574 -122.0000000000
585 -120.0000000000
604 -119.0000000000
610 -118.0000000000
628 -115.0000000000
669 -114.0000000000
681 -113.0000000000
686 -112.0000000000
707 -110.0000000000
724 -109.0000000000
744 -108.0000000000
745 -107.0000000000
764 -106.0000000000
784 -105.0000000000
813 -104.0000000000
818 -103.0000000000
827 -102.0000000000
841 -101.0000000000
848 -100.0000000000
867 -99.0000000000
891 -98.0000000000
924 -97.0000000000
930 -95.0000000000
958 -94.0000000000
994 -92.0000000000
1000 -91.0000000000
1026 -90.0000000000
1058 -89.0000000000
1076 -88.0000000000
1101 -87.0000000000
1106 -86.0000000000
1110 -84.0000000000
1123 -83.0000000000
1146 -82.0000000000
1172 -81.0000000000
1196 -79.0000000000
1227 -78.0000000000
1244 -77.0000000000
1273 -76.0000000000
1295 -75.0000000000
1332 -74.0000000000
1342 -73.0000000000
1374 -71.0000000000
1388 -69.0000000000
1405 -68.0000000000
1475 -67.0000000000
1479 -66.0000000000
1507 -65.0000000000
1535 -64.0000000000
1552 -63.0000000000
1579 -62.0000000000
1595 -60.0000000000
1696 -59.0000000000
1741 -58.0000000000
1801 -57.0000000000
1816 -56.0000000000
1830 -55.0000000000
1842 -54.0000000000
1863 -53.0000000000
1913 -52.0000000000
1945 -51.0000000000
1967 -49.0000000000
1995 -48.0000000000
2040 -47.0000000000
2072 -46.0000000000
2091 -45.0000000000
2109 -44.0000000000
2111 -43.0000000000
2135 -42.0000000000
2160 -41.0000000000
2185 -40.0000000000
2195 -39.0000000000
2246 -38.0000000000
2268 -37.0000000000
2306 -36.0000000000
2318 -35.0000000000
2367 -34.0000000000
2445 -33.0000000000
2451 -32.0000000000
2484 -31.0000000000
2501 -30.0000000000
2526 -29.0000000000
2557 -28.0000000000
2604 -27.0000000000
2682 -26.0000000000
2752 -25.0000000000
2808 -24.0000000000
2824 -23.0000000000
2868 -21.0000000000
2996 -20.0000000000
3038 -19.0000000000
3082 -18.0000000000
3110 -17.0000000000
3137 -16.0000000000
3143 -15.0000000000
3155 -14.0000000000
3181 -13.0000000000
3207 -12.0000000000
3277 -11.0000000000
3312 -10.0000000000
3480 -9.0000000000
3562 -8.0000000000
3611 -7.0000000000
3653 -6.0000000000
3674 -5.0000000000
3801 -4.0000000000
3868 -3.0000000000
3889 -2.0000000000
3952 -1.0000000000
3977 403.0000000000
5624 409.0000000000
8830 416.0000000000
10010 416.0000000000
evaluations raw_y
1 -220.0000000000
2 -204.0000000000
11 -196.0000000000
32 -195.0000000000
38 -192.0000000000
47 -190.0000000000
48 -189.0000000000
50 -188.0000000000
67 -187.0000000000
79 -186.0000000000
102 -185.0000000000
112 -184.0000000000
119 -183.0000000000
126 -182.0000000000
141 -181.0000000000
154 -180.0000000000
160 -178.0000000000
168 -177.0000000000
176 -175.0000000000
190 -174.0000000000
196 -172.0000000000
212 -171.0000000000
221 -169.0000000000
247 -168.0000000000
252 -167.0000000000
290 -166.0000000000
301 -163.0000000000
327 -162.0000000000
332 -160.0000000000
347 -159.0000000000
349 -158.0000000000
364 -157.0000000000
370 -156.0000000000
383 -155.0000000000
395 -154.0000000000
416 -152.0000000000
439 -151.0000000000
453 -150.0000000000
465 -149.0000000000
477 -148.0000000000
486 -147.0000000000
511 -146.0000000000
530 -144.0000000000
539 -143.0000000000
565 -142.0000000000
574 -141.0000000000
590 -140.0000000000
597 -139.0000000000
635 -138.0000000000
648 -137.0000000000
668 -135.0000000000
682 -134.0000000000
683 -133.0000000000
684 -131.0000000000
713 -130.0000000000
727 -129.0000000000
728 -128.0000000000
736 -127.0000000000
746 -126.0000000000
769 -125.0000000000
776 -124.0000000000
805 -123.0000000000
813 -122.0000000000
840 -121.0000000000
850 -120.0000000000
869 -119.0000000000
884 -118.0000000000
903 -117.0000000000
923 -116.0000000000
952 -115.0000000000
991 -114.0000000000
1008 -113.0000000000
1028 -112.0000000000
1035 -111.0000000000
1047 -109.0000000000
1090 -108.0000000000
1099 -107.0000000000
1141 -106.0000000000
1155 -105.0000000000
1178 -104.0000000000
1197 -103.0000000000
1217 -102.0000000000
1221 -100.0000000000
1276 -99.0000000000
1285 -98.0000000000
1318 -97.0000000000
1333 -96.0000000000
1349 -95.0000000000
1379 -94.0000000000
1410 -93.0000000000
1416 -91.0000000000
1441 -89.0000000000
1472 -88.0000000000
1479 -87.0000000000
1496 -86.0000000000
1507 -85.0000000000
1532 -84.0000000000
1540 -81.0000000000
1568 -80.0000000000
1583 -79.0000000000
1585 -78.0000000000
1603 -76.0000000000
1631 -75.0000000000
1634 -74.0000000000
1645 -72.0000000000
1671 -71.0000000000
1690 -70.0000000000
1707 -69.0000000000
1715 -68.0000000000
1739 -67.0000000000
1745 -66.0000000000
1755 -65.0000000000
1796 -64.0000000000
1812 -62.0000000000
1878 -61.0000000000
1890 -60.0000000000
1920 -59.0000000000
1963 -58.0000000000
2030 -57.0000000000
2077 -56.0000000000
2129 -55.0000000000
2161 -54.0000000000
2172 -53.0000000000
2207 -52.0000000000
2234 -51.0000000000
2273 -50.0000000000
2313 -49.0000000000
2329 -48.0000000000
2367 -47.0000000000
2392 -46.0000000000
2405 -45.0000000000
2430 -44.0000000000
2450 -43.0000000000
2469 -41.0000000000
2559 -40.0000000000
2574 -39.0000000000
2606 -38.0000000000
2662 -37.0000000000
2695 -36.0000000000
2717 -35.0000000000
2750 -33.0000000000
2776 -32.0000000000
2807 -31.0000000000
2840 -30.0000000000
2877 -29.0000000000
2908 -28.0000000000
2933 -27.0000000000
2996 -26.0000000000
3002 -25.0000000000
3069 -24.0000000000
3085 -23.0000000000
3114 -22.0000000000
3119 -21.0000000000
3155 -20.0000000000
3186 -19.0000000000
3249 -18.0000000000
3297 -17.0000000000
3319 -16.0000000000
3344 -15.0000000000
3376 -14.0000000000
3510 -13.0000000000
3563 -12.0000000000
3597 -11.0000000000
3700 -10.0000000000
3843 -9.0000000000
3925 -8.0000000000
4158 -7.0000000000
4281 -6.0000000000
4315 -5.0000000000
4452 -4.0000000000
4488 -3.0000000000
4507 -2.0000000000
5018 -1.0000000000
5103 391.0000000000
5782 403.0000000000
7961 407.0000000000
9405 408.0000000000
9463 410.0000000000
10010 -1.0000000000
evaluations raw_y
1 -219.0000000000
2 -214.0000000000
4 -213.0000000000
6 -195.0000000000
35 -193.0000000000
39 -191.0000000000
43 -187.0000000000
45 -186.0000000000
49 -180.0000000000
73 -177.0000000000
80 -175.0000000000
87 -172.0000000000
113 -170.0000000000
124 -168.0000000000
134 -167.0000000000
147 -166.0000000000
151 -165.0000000000
169 -162.0000000000
186 -161.0000000000
191 -160.0000000000
201 -158.0000000000
218 -157.0000000000
226 -156.0000000000
230 -155.0000000000
239 -153.0000000000
260 -151.0000000000
266 -150.0000000000
289 -149.0000000000
304 -146.0000000000
322 -145.0000000000
336 -144.0000000000
344 -142.0000000000
365 -141.0000000000
375 -140.0000000000
382 -139.0000000000
393 -138.0000000000
421 -136.0000000000
435 -135.0000000000
440 -134.0000000000
453 -133.0000000000
477 -132.0000000000
502 -131.0000000000
519 -130.0000000000
533 -129.0000000000
534 -128.0000000000
545 -127.0000000000
550 -126.0000000000
563 -125.0000000000
569 -124.0000000000
585 -123.0000000000
606 -122.0000000000
630 -121.0000000000
654 -117.0000000000
685 -116.0000000000
695 -114.0000000000
727 -112.0000000000
729 -111.0000000000
745 -109.0000000000
776 -108.0000000000
801 -107.0000000000
817 -106.0000000000
841 -105.0000000000
855 -104.0000000000
871 -103.0000000000
887 -102.0000000000
918 -101.0000000000
932 -100.0000000000
943 -99.0000000000
973 -98.0000000000
990 -97.0000000000
1002 -96.0000000000
1015 -95.0000000000
1037 -94.0000000000
1062 -92.0000000000
1090 -91.0000000000
1101 -90.0000000000
1137 -89.0000000000
1164 -88.0000000000
1167 -87.0000000000
1179 -86.0000000000
1184 -85.0000000000
1206 -84.0000000000
1211 -83.0000000000
1237 -82.0000000000
1246 -81.0000000000
1257 -80.0000000000
1275 -79.0000000000
1289 -78.0000000000
1304 -77.0000000000
1330 -76.0000000000
1352 -75.0000000000
1355 -74.0000000000
1393 -73.0000000000
1469 -72.0000000000
1477 -71.0000000000
1480 -70.0000000000
1506 -69.0000000000
1507 -68.0000000000
1511 -67.0000000000
1542 -66.0000000000
1591 -65.0000000000
1592 -64.0000000000
1610 -63.0000000000
1624 -62.0000000000
1630 -61.0000000000
1665 -60.0000000000
1693 -59.0000000000
1704 -58.0000000000
1734 -57.0000000000
1744 -56.0000000000
1779 -55.0000000000
1804 -54.0000000000
1826 -53.0000000000
1866 -52.0000000000
1875 -51.0000000000
1895 -50.0000000000
1918 -49.0000000000
1934 -48.0000000000
1953 -47.0000000000
2009 -46.0000000000
2014 -45.0000000000
2067 -44.0000000000
2086 -43.0000000000
2122 -42.0000000000
2142 -41.0000000000
2159 -40.0000000000
2176 -39.0000000000
2258 -38.0000000000
2274 -37.0000000000
2297 -36.0000000000
2327 -35.0000000000
2337 -34.0000000000
2383 -33.0000000000
2405 -32.0000000000
2432 -31.0000000000
2478 -30.0000000000
2579 -29.0000000000
2610 -28.0000000000
2701 -27.0000000000
2747 -26.0000000000
2786 -25.0000000000
2807 -24.0000000000
2845 -23.0000000000
2862 -22.0000000000
2914 -21.0000000000
2934 -20.0000000000
2975 -19.0000000000
3010 -18.0000000000
3060 -17.0000000000
3100 -16.0000000000
3166 -15.0000000000
3234 -14.0000000000
3264 -13.0000000000
3287 -12.0000000000
3304 -11.0000000000
3476 -10.0000000000
3483 -9.0000000000
3794 -8.0000000000
4098 -7.0000000000
4220 -6.0000000000
4288 -5.0000000000
4308 -4.0000000000
4390 -3.0000000000
4416 -2.0000000000
4492 -1.0000000000
4748 384.0000000000
5682 396.0000000000
5874 398.0000000000
6364 399.0000000000
6430 410.0000000000
9199 413.0000000000
10010 -1.0000000000
evaluations raw_y
1 -202.0000000000
3 -200.0000000000
10 -191.0000000000
23 -187.0000000000
40 -180.0000000000
46 -171.0000000000
76 -169.0000000000
85 -167.0000000000
96 -165.0000000000
101 -163.0000000000
110 -160.0000000000
124 -159.0000000000
141 -158.0000000000
144 -157.0000000000
145 -155.0000000000
162 -153.0000000000
173 -152.0000000000
185 -151.0000000000
190 -150.0000000000
205 -148.0000000000
224 -147.0000000000
229 -145.0000000000
265 -140.0000000000
287 -139.0000000000
310 -138.0000000000
334 -137.0000000000
342 -136.0000000000
360 -135.0000000000
371 -134.0000000000
379 -133.0000000000
384 -131.0000000000
411 -129.0000000000
414 -128.0000000000
426 -126.0000000000
445 -125.0000000000
450 -124.0000000000
475 -123.0000000000
485 -122.0000000000
507 -121.0000000000
522 -119.0000000000
548 -118.0000000000
549 -117.0000000000
559 -116.0000000000
563 -115.0000000000
578 -114.0000000000
594 -113.0000000000
611 -111.0000000000
632 -110.0000000000
642 -109.0000000000
648 -107.0000000000
661 -106.0000000000
671 -105.0000000000
684 -104.0000000000
699 -103.0000000000
701 -102.0000000000
711 -101.0000000000
717 -100.0000000000
725 -99.0000000000
742 -98.0000000000
755 -96.0000000000
775 -95.0000000000
780 -93.0000000000
808 -92.0000000000
809 -91.0000000000
840 -90.0000000000
869 -89.0000000000
905 -87.0000000000
917 -86.0000000000
935 -85.0000000000
973 -84.0000000000
1010 -83.0000000000
1035 -82.0000000000
1051 -81.0000000000
1054 -80.0000000000
1087 -79.0000000000
1130 -78.0000000000
1151 -77.0000000000
1152 -76.0000000000
1166 -75.0000000000
1181 -74.0000000000
1201 -73.0000000000
1226 -72.0000000000
1234 -70.0000000000
1263 -68.0000000000
1289 -67.0000000000
1327 -66.0000000000
1363 -65.0000000000
1378 -64.0000000000
1399 -63.0000000000
1457 -62.0000000000
1481 -61.0000000000
1526 -60.0000000000
1542 -59.0000000000
1563 -58.0000000000
1567 -57.0000000000
1587 -56.0000000000
1618 -55.0000000000
1653 -54.0000000000
1729 -53.0000000000
1763 -52.0000000000
1765 -51.0000000000
1783 -50.0000000000
1796 -49.0000000000
1808 -48.0000000000
1812 -47.0000000000
1834 -46.0000000000
1849 -45.0000000000
1864 -44.0000000000
1924 -43.0000000000
1936 -42.0000000000
1954 -41.0000000000
1985 -40.0000000000
2003 -39.0000000000
2046 -38.0000000000
2051 -37.0000000000
2069 -36.0000000000
2073 -35.0000000000
2081 -34.0000000000
2110 -33.0000000000
2130 -32.0000000000
2137 -31.0000000000
2168 -30.0000000000
2191 -29.0000000000
2276 -28.0000000000
2288 -27.0000000000
2306 -26.0000000000
2531 -25.0000000000
2548 -24.0000000000
2668 -23.0000000000
2712 -22.0000000000
2749 -21.0000000000
2782 -20.0000000000
2801 -19.0000000000
2838 -18.0000000000
2874 -17.0000000000
2908 -16.0000000000
2932 -15.0000000000
2939 -14.0000000000
2976 -13.0000000000
3177 -12.0000000000
3239 -11.0000000000
3429 -10.0000000000
3469 -9.0000000000
3492 -8.0000000000
3678 -7.0000000000
3719 -6.0000000000
3834 -5.0000000000
3903 -4.0000000000
3936 -3.0000000000
3938 -2.0000000000
3955 -1.0000000000
3982 376.0000000000
4454 380.0000000000
4711 388.0000000000
4749 390.0000000000
5088 394.0000000000
5216 404.0000000000
5228 407.0000000000
6240 408.0000000000
6419 411.0000000000
6480 417.0000000000
10010 417.0000000000
evaluations raw_y
1 -236.0000000000
2 -232.0000000000
3 -204.0000000000
5 -197.0000000000
24 -193.0000000000
42 -189.0000000000
45 -182.0000000000
54 -179.0000000000
68 -173.0000000000
75 -169.0000000000
105 -168.0000000000
111 -167.0000000000
120 -164.0000000000
138 -161.0000000000
139 -155.0000000000
164 -154.0000000000
191 -153.0000000000
197 -152.0000000000
218 -151.0000000000
220 -150.0000000000
221 -149.0000000000
248 -148.0000000000
253 -147.0000000000
277 -146.0000000000
289 -145.0000000000
305 -144.0000000000
332 -143.0000000000
345 -142.0000000000
347 -141.0000000000
358 -140.0000000000
365 -139.0000000000
367 -138.0000000000
390 -137.0000000000
410 -136.0000000000
428 -135.0000000000
434 -134.0000000000
437 -133.0000000000
456 -132.0000000000
486 -131.0000000000
497 -130.0000000000
519 -128.0000000000
530 -126.0000000000
546 -125.0000000000
558 -124.0000000000
588 -123.0000000000
608 -120.0000000000
635 -119.0000000000
649 -117.0000000000
651 -116.0000000000
675 -115.0000000000
683 -114.0000000000
697 -113.0000000000
714 -112.0000000000
717 -111.0000000000
726 -110.0000000000
740 -109.0000000000
763 -108.0000000000
795 -106.0000000000
828 -104.0000000000
854 -103.0000000000
870 -102.0000000000
882 -101.0000000000
885 -100.0000000000
950 -99.0000000000
973 -98.0000000000
1012 -97.0000000000
1033 -96.0000000000
1049 -95.0000000000
1072 -94.0000000000
1088 -93.0000000000
1110 -92.0000000000
1145 -90.0000000000
1155 -89.0000000000
1156 -88.0000000000
1171 -87.0000000000
1175 -86.0000000000
1195 -85.0000000000
1197 -84.0000000000
1217 -83.0000000000
1220 -82.0000000000
1239 -81.0000000000
1255 -80.0000000000
1278 -79.0000000000
1280 -78.0000000000
1294 -77.0000000000
1303 -76.0000000000
1308 -75.0000000000
1345 -74.0000000000
1364 -73.0000000000
1408 -72.0000000000
1444 -71.0000000000
1468 -70.0000000000
1487 -69.0000000000
1540 -68.0000000000
1557 -67.0000000000
1572 -65.0000000000
1606 -64.0000000000
1611 -63.0000000000
1635 -62.0000000000
1665 -61.0000000000
1671 -60.0000000000
1690 -59.0000000000
1730 -58.0000000000
1736 -57.0000000000
1761 -56.0000000000
1772 -55.0000000000
1781 -54.0000000000
1858 -53.0000000000
1865 -52.0000000000
1879 -51.0000000000
1884 -49.0000000000
1893 -47.0000000000
1926 -46.0000000000
1975 -45.0000000000
2104 -44.0000000000
2124 -43.0000000000
2127 -42.0000000000
2152 -41.0000000000
2203 -40.0000000000
2231 -39.0000000000
2233 -38.0000000000
2272 -37.0000000000
2276 -36.0000000000
2382 -35.0000000000
2415 -34.0000000000
2505 -33.0000000000
2565 -32.0000000000
2603 -31.0000000000
2613 -30.0000000000
2635 -29.0000000000
2690 -28.0000000000
2744 -27.0000000000
2765 -26.0000000000
2830 -25.0000000000
2864 -24.0000000000
2920 -23.0000000000
2936 -22.0000000000
2953 -21.0000000000
2967 -20.0000000000
2980 -19.0000000000
3009 -18.0000000000
3213 -17.0000000000
3243 -16.0000000000
3338 -15.0000000000
3520 -14.0000000000
3552 -13.0000000000
3555 -11.0000000000
3612 -10.0000000000
3659 -9.0000000000
3704 -8.0000000000
3742 -7.0000000000
3779 -5.0000000000
3860 -4.0000000000
3977 -3.0000000000
3999 -2.0000000000
4333 -1.0000000000
4440 374.0000000000
5600 376.0000000000
6137 388.0000000000
6276 390.0000000000
6582 397.0000000000
6588 409.0000000000
8656 410.0000000000
8678 411.0000000000
8698 416.0000000000
10010 -1.0000000000
evaluations raw_y
1 -225.0000000000
2 -211.0000000000
6 -200.0000000000
14 -198.0000000000
18 -194.0000000000
28 -192.0000000000
31 -190.0000000000
34 -185.0000000000
48 -184.0000000000
49 -179.0000000000
52 -177.0000000000
56 -175.0000000000
57 -173.0000000000
70 -165.0000000000
81 -164.0000000000
94 -162.0000000000
96 -160.0000000000
119 -159.0000000000
122 -158.0000000000
126 -155.0000000000
139 -154.0000000000
140 -153.0000000000
145 -152.0000000000
158 -151.0000000000
167 -149.0000000000
183 -147.0000000000
198 -146.0000000000
215 -144.0000000000
220 -143.0000000000
233 -142.0000000000
253 -141.0000000000
258 -140.0000000000
284 -139.0000000000
289 -138.0000000000
308 -137.0000000000
327 -136.0000000000
334 -134.0000000000
336 -133.0000000000
360 -132.0000000000
366 -131.0000000000
374 -130.0000000000
379 -129.0000000000
414 -128.0000000000
419 -127.0000000000
440 -126.0000000000
457 -125.0000000000
461 -124.0000000000
476 -123.0000000000
477 -122.0000000000
488 -120.0000000000
500 -119.0000000000
522 -118.0000000000
525 -117.0000000000
532 -115.0000000000
554 -114.0000000000
577 -112.0000000000
615 -111.0000000000
627 -110.0000000000
633 -109.0000000000
652 -108.0000000000
663 -107.0000000000
679 -106.0000000000
693 -105.0000000000
696 -104.0000000000
722 -103.0000000000
734 -102.0000000000
740 -101.0000000000
754 -100.0000000000
760 -99.0000000000
799 -98.0000000000
811 -97.0000000000
847 -95.0000000000
883 -94.0000000000
912 -93.0000000000
913 -92.0000000000
941 -91.0000000000
956 -90.0000000000
970 -89.0000000000
978 -88.0000000000
1000 -87.0000000000
1012 -86.0000000000
1017 -85.0000000000
1041 -84.0000000000
1077 -83.0000000000
1099 -82.0000000000
1123 -81.0000000000
1166 -80.0000000000
1212 -79.0000000000
1237 -78.0000000000
1263 -77.0000000000
1298 -76.0000000000
1306 -75.0000000000
1307 -74.0000000000
1335 -73.0000000000
1364 -72.0000000000
1375 -71.0000000000
1417 -70.0000000000
1441 -69.0000000000
1462 -68.0000000000
1481 -67.0000000000
1506 -66.0000000000
1531 -65.0000000000
1545 -64.0000000000
1585 -62.0000000000
1595 -61.0000000000
1604 -60.0000000000
1682 -59.0000000000
1721 -58.0000000000
1744 -57.0000000000
1750 -56.0000000000
1798 -55.0000000000
1820 -54.0000000000
1834 -53.0000000000
1845 -52.0000000000
1870 -51.0000000000
1915 -50.0000000000
1919 -49.0000000000
1942 -47.0000000000
1966 -46.0000000000
1981 -45.0000000000
2008 -44.0000000000
2036 -43.0000000000
2090 -42.0000000000
2111 -41.0000000000
2145 -40.0000000000
2179 -39.0000000000
2216 -38.0000000000
2297 -37.0000000000
2343 -36.0000000000
2414 -35.0000000000
2438 -34.0000000000
2451 -33.0000000000
2475 -32.0000000000
2478 -31.0000000000
2537 -30.0000000000
2602 -29.0000000000
2650 -27.0000000000
2696 -26.0000000000
2722 -25.0000000000
2740 -23.0000000000
2792 -22.0000000000
2855 -21.0000000000
2885 -20.0000000000
2913 -19.0000000000
2986 -18.0000000000
3040 -17.0000000000
3097 -16.0000000000
3116 -15.0000000000
3144 -14.0000000000
3218 -13.0000000000
3276 -12.0000000000
3294 -11.0000000000
3321 -10.0000000000
3343 -9.0000000000
3519 -8.0000000000
3600 -7.0000000000
3636 -6.0000000000
3794 -5.0000000000
4210 -4.0000000000
4242 -3.0000000000
4316 -2.0000000000
4389 -1.0000000000
4417 361.0000000000
4466 371.0000000000
5665 388.0000000000
5696 394.0000000000
5724 400.0000000000
5740 402.0000000000
6229 403.0000000000
6239 406.0000000000
6295 409.0000000000
6375 410.0000000000
7792 413.0000000000
7807 415.0000000000
8394 418.0000000000
10010 -1.0000000000
evaluations raw_y
1 -211.0000000000
2 -194.0000000000
22 -192.0000000000
27 -190.0000000000
39 -185.0000000000
40 -181.0000000000
50 -180.0000000000
51 -169.0000000000
57 -163.0000000000
76 -162.0000000000
88 -161.0000000000
95 -158.0000000000
116 -157.0000000000
131 -156.0000000000
136 -155.0000000000
144 -154.0000000000
146 -153.0000000000
162 -152.0000000000
167 -150.0000000000
186 -149.0000000000
196 -148.0000000000
204 -147.0000000000
210 -146.0000000000
224 -144.0000000000
252 -143.0000000000
261 -142.0000000000
273 -141.0000000000
286 -140.0000000000
305 -139.0000000000
322 -138.0000000000
331 -137.0000000000
338 -136.0000000000
346 -135.0000000000
352 -134.0000000000
355 -133.0000000000
387 -131.0000000000
400 -128.0000000000
424 -127.0000000000
432 -126.0000000000
440 -125.0000000000
451 -124.0000000000
465 -121.0000000000
495 -119.0000000000
509 -118.0000000000
516 -117.0000000000
525 -116.0000000000
538 -115.0000000000
543 -114.0000000000
569 -113.0000000000
578 -112.0000000000
586 -111.0000000000
589 -110.0000000000
616 -109.0000000000
633 -108.0000000000
636 -107.0000000000
641 -106.0000000000
665 -105.0000000000
686 -103.0000000000
703 -102.0000000000
721 -101.0000000000
728 -100.0000000000
754 -99.0000000000
797 -98.0000000000
801 -97.0000000000
816 -96.0000000000
827 -95.0000000000
848 -94.0000000000
872 -93.0000000000
886 -92.0000000000
912 -91.0000000000
915 -90.0000000000
921 -89.0000000000
922 -87.0000000000
946 -86.0000000000
979 -85.0000000000
982 -83.0000000000
1003 -82.0000000000
1026 -81.0000000000
1056 -80.0000000000
1073 -79.0000000000
1093 -78.0000000000
1133 -76.0000000000
1161 -75.0000000000
1201 -74.0000000000
1248 -73.0000000000
1284 -72.0000000000
1342 -71.0000000000
1357 -70.0000000000
1361 -69.0000000000
1390 -68.0000000000
1397 -67.0000000000
1430 -66.0000000000
1458 -65.0000000000
1500 -64.0000000000
1527 -63.0000000000
1539 -62.0000000000
1552 -61.0000000000
1574 -60.0000000000
1596 -59.0000000000
1626 -58.0000000000
1680 -56.0000000000
1711 -55.0000000000
1760 -54.0000000000
1783 -53.0000000000
1822 -52.0000000000
1871 -51.0000000000
1920 -50.0000000000
1938 -49.0000000000
1942 -48.0000000000
1967 -47.0000000000
2071 -46.0000000000
2087 -45.0000000000
2107 -44.0000000000
2113 -43.0000000000
2116 -42.0000000000
2156 -40.0000000000
2238 -39.0000000000
2271 -38.0000000000
2299 -37.0000000000
2320 -36.0000000000
2336 -35.0000000000
2365 -33.0000000000
2388 -32.0000000000
2412 -31.0000000000
2451 -30.0000000000
2474 -29.0000000000
2481 -28.0000000000
2506 -27.0000000000
2518 -26.0000000000
2526 -25.0000000000
2611 -24.0000000000
2661 -23.0000000000
2743 -22.0000000000
2777 -21.0000000000
2822 -20.0000000000
2849 -19.0000000000
2894 -18.0000000000
2923 -17.0000000000
2935 -16.0000000000
2987 -15.0000000000
3005 -14.0000000000
3034 -13.0000000000
3062 -12.0000000000
3102 -11.0000000000
3212 -10.0000000000
3247 -9.0000000000
3271 -8.0000000000
3350 -7.0000000000
3447 -6.0000000000
3496 -5.0000000000
3516 -4.0000000000
3534 -3.0000000000
3747 -2.0000000000
3922 -1.0000000000
3973 403.0000000000
4141 405.0000000000
4161 418.0000000000
5395 419.0000000000
6403 420.0000000000
7028 422.0000000000
10010 422.0000000000
evaluations raw_y
1 -209.0000000000
5 -186.0000000000
34 -184.0000000000
41 -183.0000000000
47 -180.0000000000
53 -177.0000000000
54 -175.0000000000
58 -173.0000000000
64 -167.0000000000
89 -164.0000000000
93 -163.0000000000
114 -161.0000000000
115 -159.0000000000
128 -158.0000000000
154 -157.0000000000
160 -156.0000000000
190 -155.0000000000
199 -154.0000000000
212 -152.0000000000
221 -150.0000000000
246 -147.0000000000
272 -146.0000000000
278 -145.0000000000
288 -144.0000000000
289 -142.0000000000
303 -141.0000000000
324 -140.0000000000
357 -139.0000000000
359 -138.0000000000
374 -136.0000000000
379 -135.0000000000
393 -134.0000000000
411 -133.0000000000
416 -132.0000000000
420 -131.0000000000
434 -130.0000000000
449 -129.0000000000
471 -128.0000000000
484 -127.0000000000
485 -126.0000000000
505 -125.0000000000
520 -124.0000000000
530 -123.0000000000
538 -122.0000000000
556 -121.0000000000
574 -120.0000000000
579 -119.0000000000
589 -118.0000000000
598 -116.0000000000
637 -115.0000000000
646 -114.0000000000
657 -113.0000000000
681 -112.0000000000
684 -110.0000000000
711 -109.0000000000
735 -107.0000000000
750 -106.0000000000
766 -105.0000000000
778 -104.0000000000
789 -103.0000000000
791 -102.0000000000
803 -101.0000000000
812 -100.0000000000
822 -99.0000000000
846 -98.0000000000
869 -97.0000000000
889 -96.0000000000
905 -94.0000000000
942 -93.0000000000
950 -92.0000000000
951 -91.0000000000
974 -90.0000000000
986 -88.0000000000
1013 -87.0000000000
1058 -86.0000000000
1068 -85.0000000000
1072 -84.0000000000
1111 -83.0000000000
1127 -82.0000000000
1139 -81.0000000000
1162 -79.0000000000
1182 -78.0000000000
1208 -77.0000000000
1216 -76.0000000000
1242 -75.0000000000
1254 -74.0000000000
1289 -72.0000000000
1325 -71.0000000000
1341 -70.0000000000
1394 -69.0000000000
1404 -68.0000000000
1421 -67.0000000000
1450 -66.0000000000
1475 -64.0000000000
1506 -63.0000000000
1534 -62.0000000000
1554 -61.0000000000
1573 -60.0000000000
1577 -59.0000000000
1589 -57.0000000000
1619 -56.0000000000
1635 -55.0000000000
1654 -54.0000000000
1684 -53.0000000000
1721 -52.0000000000
1729 -51.0000000000
1772 -50.0000000000
1789 -49.0000000000
1807 -48.0000000000
1822 -45.0000000000
1851 -44.0000000000
1917 -43.0000000000
1940 -42.0000000000
1960 -41.0000000000
1987 -40.0000000000
1989 -39.0000000000
2010 -38.0000000000
2046 -37.0000000000
2049 -36.0000000000
2133 -35.0000000000
2190 -34.0000000000
2242 -33.0000000000
2265 -32.0000000000
2285 -31.0000000000
2310 -30.0000000000
2323 -29.0000000000
2340 -28.0000000000
2378 -27.0000000000
2396 -26.0000000000
2416 -25.0000000000
2456 -24.0000000000
2497 -23.0000000000
2523 -22.0000000000
2597 -21.0000000000
2608 -20.0000000000
2612 -19.0000000000
2651 -17.0000000000
2711 -16.0000000000
2735 -15.0000000000
2771 -14.0000000000
2798 -13.0000000000
2819 -12.0000000000
2931 -11.0000000000
2989 -10.0000000000
3146 -9.0000000000
3173 -8.0000000000
3217 -7.0000000000
3276 -6.0000000000
3302 -5.0000000000
3310 -4.0000000000
3345 -3.0000000000
3575 -2.0000000000
3620 -1.0000000000
3692 384.0000000000
4657 386.0000000000
4681 388.0000000000
5009 389.0000000000
5128 393.0000000000
5185 395.0000000000
5597 403.0000000000
5674 406.0000000000
10010 406.0000000000
