evaluations raw_y
1 -2123857.0000000005
2 -2122854.0000000005
3 -2121848.0000000005
4 -2120840.0000000005
7 -2119832.0000000005
8 -2118826.0000000005
11 -2117818.0000000005
12 -2116816.0000000005
13 -2115814.0000000005
14 -2114814.0000000005
16 -2113807.0000000005
17 -2112800.0000000005
18 -2111794.0000000005
19 -2110794.0000000005
20 -2109789.0000000005
21 -2108786.0000000005
26 -2107783.0000000005
27 -2106782.0000000005
29 -2105776.0000000005
30 -2104769.0000000005
35 -2103763.0000000005
39 -2102759.0000000005
45 -2101757.0000000005
46 -2100754.0000000005
47 -2099747.0000000005
49 -2098744.0000000005
50 -2097744.0000000005
52 -2096744.0000000005
53 -2095739.0000000005
54 -2094739.0000000005
57 -2093733.0000000005
58 -2092732.0000000005
66 -2091728.0000000005
67 -2090723.0000000005
69 -2089721.0000000005
70 -2088720.0000000005
74 -2087717.0000000005
75 -2086716.0000000005
81 -2085715.0000000005
82 -2084715.0000000005
83 -2083709.0000000005
84 -2082702.0000000005
86 -2081698.0000000005
90 -2080690.0000000005
92 -2079684.0000000005
94 -2078675.0000000005
96 -2077670.0000000005
100 -2076666.0000000005
102 -2075658.0000000005
103 -2074650.0000000005
104 -2073643.0000000005
105 309789.9029981215
192 309799.4066578548
193 309835.5284054938
264 309851.0510337759
265 310421.1663373376
523 310457.8384407414
529 311284.7866984456
813 311297.9823364458
819 312099.4165753843
884 312110.5890668545
885 312129.5581153187
888 312140.3370565920
890 312907.2983590383
1010 312928.1348791943
1011 313807.7174112379
1034 313814.3148205488
1035 313824.7949560984
1039 313859.0020680924
1042 314041.2785433621
1374 314042.7894090161
1380 314972.2080944403
1444 314989.5671633077
1446 315895.1379014093
1712 315923.4340685173
1714 316329.3966867347
1811 316364.4311007769
1815 317000.6130890956
2274 317027.4319537989
2277 317388.5766379184
2859 317389.4085114201
2860 317491.5504066414
3360 317502.0151381904
3364 318296.7269884785
5821 318310.9663255512
5823 319081.1715412467
10001 -2073658.0000000005
evaluations raw_y
1 -2108724.0000000005
2 -2107723.0000000005
4 -2106719.0000000005
6 -2105714.0000000005
9 -2104709.0000000005
11 -2103704.0000000005
14 -2102697.0000000005
15 -2101692.0000000005
17 -2100684.0000000005
19 -2099681.0000000005
21 -2098675.0000000005
22 -2097667.0000000005
27 -2096666.0000000005
28 -2095663.0000000005
29 -2094661.0000000005
30 -2093655.0000000005
31 -2092649.0000000005
35 -2091644.0000000005
36 -2090641.0000000005
38 -2089635.0000000005
40 -2088634.0000000005
41 -2087627.0000000005
42 -2086626.0000000005
46 -2085621.0000000005
47 -2084612.0000000005
49 -2083612.0000000005
50 -2082607.0000000005
51 -2081606.0000000005
55 -2080605.0000000005
60 -2079603.0000000005
62 -2078596.0000000005
63 -2077591.0000000005
66 -2076582.0000000005
67 -2075577.0000000005
75 -2074570.0000000005
77 -2073570.0000000005
80 306851.5593398353
129 306857.2683657287
130 307116.4457305758
216 307116.8602023090
217 307378.5681799513
487 307390.7176272293
488 308326.1549052484
585 308366.8937628723
588 309049.6519712278
856 309083.6643962805
857 309798.0864148982
925 309817.9101864138
926 310732.6471054091
954 310746.8761866522
955 311411.7307641117
1234 311418.5315854427
1238 311864.6269064638
1322 311899.0258195089
1324 312243.3997009497
1547 312268.6080762998
1548 312480.4631621296
1748 312515.2826124979
1750 313331.0883750358
1817 313341.2439307676
1818 314098.5869478500
2524 314120.5329167196
2526 314652.4260345542
4568 314675.0031398995
4570 314959.4651285959
10001 -2073581.0000000005
evaluations raw_y
1 -2142914.0000000005
5 -2141907.0000000005
6 -2140898.0000000005
10 -2139897.0000000005
11 -2138897.0000000005
13 -2137888.0000000005
15 -2136884.0000000005
22 -2135882.0000000005
24 -2134877.0000000005
25 -2133871.0000000005
26 -2132862.0000000005
29 -2131854.0000000005
33 -2130846.0000000005
36 -2129838.0000000005
37 -2128832.0000000005
39 -2127828.0000000005
41 -2126824.0000000005
42 -2125819.0000000005
43 -2124814.0000000005
46 -2123808.0000000005
48 -2122803.0000000005
51 -2121801.0000000005
52 -2120801.0000000005
53 -2119798.0000000005
56 -2118797.0000000005
57 -2117792.0000000005
58 -2116786.0000000005
63 -2115784.0000000005
64 -2114776.0000000005
65 -2113768.0000000005
69 -2112767.0000000005
72 -2111758.0000000005
75 -2110758.0000000005
77 -2109749.0000000005
78 -2108741.0000000005
79 -2107732.0000000005
82 -2106732.0000000005
85 -2105724.0000000005
86 -2104722.0000000005
89 -2103722.0000000005
90 -2102715.0000000005
95 -2101709.0000000005
96 -2100701.0000000005
98 -2099701.0000000005
100 -2098701.0000000005
106 -2097696.0000000005
107 -2096695.0000000005
111 -2095688.0000000005
113 -2094680.0000000005
114 -2093679.0000000005
115 -2092678.0000000005
116 -2091676.0000000005
117 -2090672.0000000005
120 -2089671.0000000005
121 -2088671.0000000005
124 -2087664.0000000005
127 -2086663.0000000005
128 -2085661.0000000005
133 -2084653.0000000005
134 -2083647.0000000005
135 -2082638.0000000005
137 -2081634.0000000005
141 -2080629.0000000005
143 -2079621.0000000005
144 -2078618.0000000005
145 -2077612.0000000005
146 -2076609.0000000005
147 -2075608.0000000005
149 -2074603.0000000005
150 -2073595.0000000005
151 308137.7295414777
178 308161.3025526913
179 308614.8575859499
240 308651.9457159749
241 309302.4114038667
258 309318.9613110901
259 310069.2383783959
314 310104.1976796445
315 310118.0165270496
316 310737.1359299796
317 310822.4037872087
323 310846.2339797193
325 311554.1645499080
550 311574.0681734404
552 312434.4898916805
555 312446.9313383392
556 313102.5322331362
678 313109.1960107127
679 313784.6742642334
996 313798.7695463019
998 314545.3986512876
1026 314545.5596604382
1028 315274.1074516450
1152 315287.0662656499
1153 316067.2302918545
1758 316089.5962443569
1760 317028.7804772072
2165 317035.6155501670
2167 317067.3871101286
2380 317094.2501845009
2382 317379.7251520040
2547 317393.5372657935
2549 318070.2889904070
2839 318088.1639591459
2841 318477.5912516906
2908 318496.3728191128
2909 318673.7821777109
3140 318706.4507392532
3144 319557.9591176357
3302 319567.2267665074
3305 320426.0530929363
3328 320443.2438014330
3329 320948.5781187405
10001 -2073581.0000000005
evaluations raw_y
1 -2144931.0000000005
2 -2143929.0000000005
3 -2142929.0000000005
9 -2141927.0000000005
10 -2140918.0000000005
11 -2139909.0000000005
12 -2138905.0000000005
16 -2137901.0000000005
25 -2136892.0000000005
27 -2135883.0000000005
28 -2134877.0000000005
29 -2133869.0000000005
34 -2132868.0000000005
36 -2131868.0000000005
37 -2130867.0000000005
38 -2129861.0000000005
39 -2128854.0000000005
40 -2127851.0000000005
41 -2126847.0000000005
45 -2125842.0000000005
49 -2124837.0000000005
50 -2123837.0000000005
51 -2122836.0000000005
52 -2121830.0000000005
53 -2120823.0000000005
55 -2119816.0000000005
56 -2118816.0000000005
58 -2117811.0000000005
60 -2116804.0000000005
61 -2115799.0000000005
63 -2114793.0000000005
66 -2113793.0000000005
67 -2112785.0000000005
68 -2111781.0000000005
70 -2110778.0000000005
73 -2109770.0000000005
74 -2108765.0000000005
79 -2107765.0000000005
80 -2106760.0000000005
81 -2105751.0000000005
82 -2104743.0000000005
84 -2103735.0000000005
85 -2102734.0000000005
88 -2101733.0000000005
89 -2100725.0000000005
97 -2099724.0000000005
101 -2098721.0000000005
103 -2097716.0000000005
104 -2096709.0000000005
105 -2095703.0000000005
109 -2094694.0000000005
111 -2093692.0000000005
112 -2092691.0000000005
116 -2091683.0000000005
118 -2090678.0000000005
119 -2089678.0000000005
122 -2088669.0000000005
123 -2087660.0000000005
124 -2086655.0000000005
128 -2085653.0000000005
130 -2084647.0000000005
131 -2083647.0000000005
132 -2082645.0000000005
134 -2081636.0000000005
135 -2080633.0000000005
137 -2079627.0000000005
138 -2078618.0000000005
141 -2077609.0000000005
142 -2076606.0000000005
143 -2075597.0000000005
145 -2074589.0000000005
146 -2073584.0000000005
147 311986.7142706524
202 312006.2710501847
203 312411.3460332021
508 312427.0647144222
509 313173.5072018619
611 313184.4876189178
613 314135.8234295731
739 314174.2871311335
741 314416.2887681581
790 314417.8224025492
792 315158.2945598397
978 315170.1700304446
979 315831.7232139084
1016 315852.7207000531
1017 316045.5542497770
1119 316051.9913416142
1120 316622.5593485491
1131 316624.2239125620
1132 316821.8482931144
1454 316863.9960431543
1455 316997.1479658236
1464 317013.0164054395
1467 317124.7083214240
2255 317133.8986510030
2256 317622.4790583138
2465 317646.1886936296
2469 318528.6903073011
2516 318530.3099728423
2517 319231.8914341222
2561 319267.0009375362
2567 320226.4925729604
2642 320233.1883756550
2644 320742.1417502593
2652 320778.5856790339
2653 320926.3988205843
2784 320958.6971171016
2786 321098.1909738309
3145 321102.0376971610
3146 321545.0642959728
10001 321259.0311149026
evaluations raw_y
1 -2118771.0000000005
2 -2117765.0000000005
4 -2116760.0000000005
6 -2115755.0000000005
7 -2114747.0000000005
8 -2113741.0000000005
9 -2112734.0000000005
10 -2111734.0000000005
11 -2110731.0000000005
12 -2109725.0000000005
17 -2108725.0000000005
18 -2107724.0000000005
24 -2106717.0000000005
25 -2105713.0000000005
26 -2104708.0000000005
27 -2103701.0000000005
32 -2102692.0000000005
33 -2101692.0000000005
36 -2100691.0000000005
37 -2099683.0000000005
38 -2098682.0000000005
42 -2097674.0000000005
43 -2096668.0000000005
45 -2095661.0000000005
47 -2094653.0000000005
52 -2093651.0000000005
56 -2092649.0000000005
57 -2091641.0000000005
63 -2090641.0000000005
66 -2089635.0000000005
67 -2088626.0000000005
70 -2087622.0000000005
71 -2086619.0000000005
73 -2085611.0000000005
74 -2084608.0000000005
81 -2083600.0000000005
85 -2082595.0000000005
86 -2081594.0000000005
88 -2080594.0000000005
90 -2079588.0000000005
91 -2078588.0000000005
92 -2077582.0000000005
94 -2076574.0000000005
96 -2075568.0000000005
97 -2074564.0000000005
98 -2073564.0000000005
100 310850.7657737720
111 310862.7819407251
113 311750.7394710495
135 311786.5460573293
136 312404.8267934275
470 312406.5647039032
471 312952.7967536979
503 312962.9653310886
506 313767.0083329312
521 313784.2466059764
523 314061.1303490389
582 314095.6597816685
583 314717.1048662491
666 314730.2196495127
667 314733.6790141689
668 314939.9629564572
669 315411.9322157963
1203 315436.6372632473
1204 315547.8160952478
1409 315571.8780330454
1410 315820.2954338377
1477 315822.0729550113
1479 315917.6729186489
1891 315954.0746085760
1892 315959.2165072227
2186 315994.5294844094
2188 316170.4126252187
2424 316206.1387886617
2427 316622.5522645363
2560 316633.3854011527
2562 316804.6683154224
2753 316846.7275314528
2755 317692.6101194643
2822 317707.9873775279
2823 317830.6820574104
2936 317831.5115230652
2937 318233.7272028420
6777 318262.3077256359
6778 318266.5458580531
10001 317902.7941974963
evaluations raw_y
1 -2131833.0000000005
2 -2130827.0000000005
3 -2129825.0000000005
7 -2128817.0000000005
8 -2127814.0000000005
10 -2126814.0000000005
12 -2125808.0000000005
14 -2124803.0000000005
15 -2123794.0000000005
18 -2122794.0000000005
21 -2121787.0000000005
22 -2120783.0000000005
27 -2119777.0000000005
29 -2118774.0000000005
32 -2117765.0000000005
34 -2116759.0000000005
36 -2115750.0000000005
37 -2114743.0000000005
38 -2113734.0000000005
39 -2112729.0000000005
41 -2111729.0000000005
45 -2110721.0000000005
46 -2109717.0000000005
49 -2108716.0000000005
52 -2107711.0000000005
53 -2106703.0000000005
54 -2105696.0000000005
56 -2104690.0000000005
57 -2103683.0000000005
61 -2102676.0000000005
65 -2101667.0000000005
66 -2100666.0000000005
74 -2099664.0000000005
75 -2098658.0000000005
76 -2097654.0000000005
77 -2096651.0000000005
80 -2095644.0000000005
81 -2094639.0000000005
82 -2093638.0000000005
83 -2092632.0000000005
86 -2091625.0000000005
89 -2090616.0000000005
90 -2089608.0000000005
91 -2088601.0000000005
94 -2087596.0000000005
99 -2086594.0000000005
100 -2085594.0000000005
103 -2084594.0000000005
105 -2083588.0000000005
107 -2082581.0000000005
108 -2081574.0000000005
110 -2080569.0000000005
112 -2079565.0000000005
114 -2078558.0000000005
115 -2077551.0000000005
116 -2076544.0000000005
117 -2075543.0000000005
122 -2074536.0000000005
123 -2073528.0000000005
124 306955.1921961354
140 306978.5623035681
143 307833.9514240443
230 307843.8198480635
233 308601.8099732079
244 308614.2792443825
246 308823.0418340875
361 308831.7997337137
363 309339.0997351002
488 309346.9085755324
489 310215.5465993499
1071 310253.1868595848
1078 310757.7937323241
1088 310772.6524829650
1089 310807.1422947655
1116 310841.8292176768
1117 311272.8086848335
1243 311291.0025178824
1244 312038.5212195776
1329 312051.0988361701
1330 312178.9250872034
1760 312219.9104467130
1762 312753.7377323134
1965 312763.4339984444
1971 313175.6338947732
4151 313195.6782166620
4155 313993.4721641399
4301 313993.7581507352
4305 314647.2749493755
10001 -2073515.0000000005
evaluations raw_y
1 -2152947.0000000005
2 -2151941.0000000005
3 -2150936.0000000005
6 -2149935.0000000005
8 -2148926.0000000005
11 -2147925.0000000005
12 -2146920.0000000005
14 -2145915.0000000005
15 -2144910.0000000005
17 -2143908.0000000005
19 -2142906.0000000005
20 -2141897.0000000005
21 -2140895.0000000005
23 -2139888.0000000005
24 -2138885.0000000005
28 -2137880.0000000005
29 -2136872.0000000005
30 -2135865.0000000005
31 -2134859.0000000005
32 -2133859.0000000005
35 -2132853.0000000005
37 -2131848.0000000005
42 -2130841.0000000005
44 -2129834.0000000005
46 -2128832.0000000005
50 -2127827.0000000005
53 -2126827.0000000005
54 -2125819.0000000005
56 -2124813.0000000005
57 -2123811.0000000005
58 -2122809.0000000005
59 -2121803.0000000005
60 -2120794.0000000005
61 -2119789.0000000005
62 -2118789.0000000005
63 -2117780.0000000005
66 -2116777.0000000005
67 -2115776.0000000005
70 -2114771.0000000005
72 -2113763.0000000005
75 -2112755.0000000005
78 -2111752.0000000005
80 -2110746.0000000005
81 -2109740.0000000005
82 -2108733.0000000005
83 -2107729.0000000005
84 -2106720.0000000005
85 -2105712.0000000005
86 -2104712.0000000005
91 -2103711.0000000005
93 -2102704.0000000005
94 -2101704.0000000005
95 -2100696.0000000005
97 -2099695.0000000005
101 -2098694.0000000005
102 -2097688.0000000005
104 -2096686.0000000005
106 -2095684.0000000005
108 -2094678.0000000005
110 -2093673.0000000005
111 -2092666.0000000005
113 -2091663.0000000005
114 -2090655.0000000005
116 -2089652.0000000005
117 -2088644.0000000005
121 -2087638.0000000005
122 -2086630.0000000005
126 -2085624.0000000005
127 -2084615.0000000005
128 -2083615.0000000005
129 -2082614.0000000005
130 -2081611.0000000005
131 -2080611.0000000005
132 -2079609.0000000005
133 -2078602.0000000005
135 -2077597.0000000005
136 -2076595.0000000005
137 -2075594.0000000005
140 -2074588.0000000005
144 -2073583.0000000005
146 307664.5998805431
181 307699.7079330376
182 307948.2195848075
228 307983.7283248577
229 308242.1051090636
242 308249.2259178099
248 309211.0413243168
578 309219.2370871485
579 309887.4590560371
674 309900.3094606298
675 310403.1313611734
712 310439.9372635487
713 310574.9770948783
720 310609.1318973632
722 311365.7800194044
967 311388.3742752478
968 312044.2112216793
992 312061.2383994214
993 312602.9187729989
1330 312616.8941391234
1331 313502.8162398477
1408 313543.2683841294
1409 314063.0676754727
1823 314072.2643809621
1826 314279.5825486667
2704 314288.1759676424
2707 314648.5585980953
2742 314682.6808059247
2743 314775.2721406790
10001 -2073567.0000000005
evaluations raw_y
1 -2121791.0000000005
3 -2120787.0000000005
4 -2119785.0000000005
7 -2118785.0000000005
9 -2117779.0000000005
10 -2116779.0000000005
12 -2115778.0000000005
13 -2114775.0000000005
15 -2113769.0000000005
16 -2112762.0000000005
18 -2111760.0000000005
20 -2110752.0000000005
26 -2109744.0000000005
29 -2108736.0000000005
34 -2107732.0000000005
35 -2106724.0000000005
37 -2105717.0000000005
39 -2104714.0000000005
41 -2103707.0000000005
45 -2102702.0000000005
46 -2101695.0000000005
47 -2100687.0000000005
48 -2099679.0000000005
49 -2098675.0000000005
50 -2097670.0000000005
52 -2096663.0000000005
54 -2095654.0000000005
57 -2094654.0000000005
58 -2093650.0000000005
59 -2092650.0000000005
60 -2091646.0000000005
61 -2090638.0000000005
63 -2089635.0000000005
67 -2088626.0000000005
68 -2087620.0000000005
72 -2086613.0000000005
81 -2085611.0000000005
82 -2084603.0000000005
83 -2083595.0000000005
84 -2082587.0000000005
85 -2081583.0000000005
86 -2080578.0000000005
87 -2079573.0000000005
89 -2078570.0000000005
93 -2077568.0000000005
96 -2076559.0000000005
98 -2075558.0000000005
99 -2074558.0000000005
100 -2073555.0000000005
101 319745.8637683709
275 319772.7406497873
276 320511.5185537050
631 320521.5443303181
632 321189.4330927255
666 321195.9236725802
667 321452.4288891764
866 321453.8700824903
867 322017.9926876787
1012 322019.1292870021
1015 322899.8207610798
1054 322899.9978237642
1056 323227.0430073243
1400 323238.8412626651
1403 324144.4392924647
1526 324145.7182090573
1528 324972.8476522481
2241 324988.5682332322
2243 325061.5341800782
2565 325071.1340351958
2568 325630.4734667736
3196 325651.2456535941
3199 325979.1253554543
3246 326007.6822713967
3248 326608.4298084684
4088 326640.7899050617
4089 327554.5589909288
5453 327590.0066832954
5463 327650.4258821242
10001 326798.9352259010
evaluations raw_y
1 -2121734.0000000005
6 -2120727.0000000005
7 -2119723.0000000005
8 -2118716.0000000005
13 -2117714.0000000005
16 -2116705.0000000005
17 -2115704.0000000005
20 -2114704.0000000005
22 -2113704.0000000005
23 -2112702.0000000005
26 -2111697.0000000005
27 -2110692.0000000005
34 -2109685.0000000005
36 -2108683.0000000005
38 -2107678.0000000005
40 -2106672.0000000005
43 -2105671.0000000005
45 -2104665.0000000005
46 -2103658.0000000005
47 -2102652.0000000005
48 -2101645.0000000005
49 -2100638.0000000005
52 -2099634.0000000005
53 -2098627.0000000005
55 -2097618.0000000005
57 -2096617.0000000005
59 -2095616.0000000005
61 -2094615.0000000005
63 -2093608.0000000005
64 -2092608.0000000005
65 -2091602.0000000005
66 -2090602.0000000005
68 -2089600.0000000005
69 -2088591.0000000005
71 -2087582.0000000005
73 -2086582.0000000005
78 -2085580.0000000005
80 -2084574.0000000005
82 -2083571.0000000005
84 -2082565.0000000005
88 -2081561.0000000005
91 -2080559.0000000005
93 -2079554.0000000005
98 -2078553.0000000005
99 -2077547.0000000005
100 -2076539.0000000005
101 -2075539.0000000005
106 -2074536.0000000005
107 -2073529.0000000005
108 308130.6939394550
260 308164.7720118616
261 308814.7394004575
266 308816.6567039620
267 309675.8838192960
539 309682.1219693582
540 310543.9470798088
583 310576.1067594307
584 310615.8213993265
689 310634.1764934505
691 311480.7875677602
713 311510.8881336902
716 311683.0271750915
734 311689.2313290827
736 312301.4799957003
748 312314.8674527312
749 312548.0036321601
858 312565.1753054708
860 312826.3766013035
1023 312836.2581218069
1025 313376.9162691957
1507 313385.9645171326
1508 314234.9316978143
1731 314242.3408401682
1733 314462.3341116889
1966 314473.4386131984
1970 315383.3988477009
2231 315401.0583734566
2232 315505.7920190645
2642 315538.7741704218
2643 315539.5562226664
4426 315565.7762918822
4427 315678.9525273546
10001 -2073557.0000000005
evaluations raw_y
1 -2113790.0000000005
3 -2112782.0000000005
4 -2111777.0000000005
5 -2110773.0000000005
11 -2109766.0000000005
13 -2108757.0000000005
14 -2107750.0000000005
16 -2106745.0000000005
20 -2105744.0000000005
21 -2104735.0000000005
25 -2103732.0000000005
27 -2102727.0000000005
31 -2101722.0000000005
32 -2100719.0000000005
33 -2099717.0000000005
35 -2098717.0000000005
37 -2097716.0000000005
38 -2096710.0000000005
39 -2095703.0000000005
40 -2094702.0000000005
41 -2093695.0000000005
42 -2092687.0000000005
46 -2091684.0000000005
47 -2090676.0000000005
49 -2089670.0000000005
50 -2088665.0000000005
53 -2087659.0000000005
55 -2086658.0000000005
56 -2085653.0000000005
57 -2084646.0000000005
58 -2083637.0000000005
59 -2082630.0000000005
60 -2081629.0000000005
63 -2080629.0000000005
65 -2079627.0000000005
66 -2078621.0000000005
68 -2077621.0000000005
71 -2076617.0000000005
72 -2075608.0000000005
73 -2074602.0000000005
75 -2073599.0000000005
76 308583.9676230595
95 308597.5634294893
96 308722.4089322986
121 308726.8900436004
122 308917.0048129522
131 308952.3466593632
135 309653.2291848549
180 309663.7804697410
181 310442.9105053373
419 310449.8312440377
420 310772.2117717284
530 310773.2800717680
535 311453.5032008410
952 311455.2941898411
954 311785.0228435021
1688 311798.8648683276
1691 312070.3692942024
1746 312078.9253496574
1747 312320.4406916779
2022 312356.0945215166
2024 312600.2958560571
2354 312624.1452568831
2355 313297.9929670943
2416 313340.0706017674
2418 313896.5400181501
2525 313898.1243516312
2526 313954.3542834154
2679 313978.4535718570
2682 314057.4838517410
2807 314093.2811464088
2810 314841.6993728313
3447 314857.6092594635
3448 314940.4475774253
4264 314952.2431644958
4266 315071.0231925890
10001 -2073607.0000000005
evaluations raw_y
1 -2102713.0000000005
6 -2101704.0000000005
7 -2100701.0000000005
8 -2099697.0000000005
10 -2098689.0000000005
11 -2097681.0000000005
12 -2096672.0000000005
17 -2095666.0000000005
20 -2094660.0000000005
21 -2093658.0000000005
22 -2092657.0000000005
24 -2091648.0000000005
25 -2090645.0000000005
29 -2089636.0000000005
30 -2088635.0000000005
31 -2087633.0000000005
32 -2086626.0000000005
35 -2085618.0000000005
36 -2084618.0000000005
37 -2083613.0000000005
38 -2082607.0000000005
42 -2081602.0000000005
44 -2080596.0000000005
48 -2079594.0000000005
49 -2078587.0000000005
51 -2077579.0000000005
54 -2076573.0000000005
56 -2075569.0000000005
62 -2074568.0000000005
63 -2073563.0000000005
64 306433.0455510804
93 306446.5404161341
94 306977.7855146141
181 306988.6375962771
183 307630.1590276918
190 307665.8023063042
191 308520.2054718076
257 308562.5777695491
259 308778.2296312181
409 308792.6766541846
413 309508.9894931522
625 309536.1989238440
627 310163.8670558785
728 310163.9665982965
731 310174.1083762082
732 310951.5432661081
733 311817.8753242465
1031 311827.9050943846
1032 312400.2718941475
1067 312435.3557174194
1069 312749.8349509101
1073 312756.2072405050
1075 313670.9919587137
1124 313676.0200003958
1126 313797.6609166702
1334 313800.3537329045
1337 314159.7342858287
1363 314184.6325293346
1366 314674.0409718698
1739 314690.4138681975
1740 315400.5131385894
1972 315426.1482315647
1973 316081.5770118229
1981 316101.5141089124
1982 316200.1147624264
2021 316212.1300371471
2022 316894.5395606917
2090 316915.7436016923
2092 317527.3980688270
2157 317549.2229564913
2158 318082.9705371323
2851 318119.3674651535
2852 318742.5382422468
10001 317892.2919766697
evaluations raw_y
1 -2147985.0000000005
3 -2146985.0000000005
5 -2145984.0000000005
8 -2144979.0000000005
10 -2143973.0000000005
11 -2142969.0000000005
13 -2141968.0000000005
14 -2140963.0000000005
16 -2139955.0000000005
20 -2138950.0000000005
23 -2137948.0000000005
24 -2136941.0000000005
25 -2135932.0000000005
27 -2134923.0000000005
29 -2133921.0000000005
30 -2132920.0000000005
32 -2131917.0000000005
33 -2130917.0000000005
35 -2129910.0000000005
37 -2128901.0000000005
38 -2127894.0000000005
39 -2126894.0000000005
41 -2125893.0000000005
43 -2124891.0000000005
45 -2123886.0000000005
47 -2122879.0000000005
48 -2121879.0000000005
53 -2120877.0000000005
55 -2119868.0000000005
60 -2118864.0000000005
63 -2117861.0000000005
69 -2116852.0000000005
72 -2115845.0000000005
74 -2114836.0000000005
75 -2113833.0000000005
76 -2112824.0000000005
78 -2111817.0000000005
79 -2110815.0000000005
80 -2109814.0000000005
87 -2108808.0000000005
88 -2107801.0000000005
90 -2106793.0000000005
91 -2105792.0000000005
92 -2104788.0000000005
93 -2103782.0000000005
94 -2102777.0000000005
99 -2101773.0000000005
107 -2100765.0000000005
108 -2099759.0000000005
111 -2098758.0000000005
114 -2097750.0000000005
116 -2096747.0000000005
117 -2095747.0000000005
118 -2094746.0000000005
120 -2093742.0000000005
121 -2092735.0000000005
125 -2091730.0000000005
127 -2090730.0000000005
128 -2089726.0000000005
129 -2088725.0000000005
131 -2087722.0000000005
133 -2086713.0000000005
138 -2085713.0000000005
139 -2084708.0000000005
141 -2083701.0000000005
142 -2082701.0000000005
143 -2081697.0000000005
144 -2080692.0000000005
146 -2079692.0000000005
149 -2078692.0000000005
151 -2077690.0000000005
152 -2076684.0000000005
153 -2075679.0000000005
155 -2074679.0000000005
156 -2073676.0000000005
157 310870.2352317180
181 310876.7396052473
182 310988.4674108477
199 310991.0012491427
204 311584.8110846672
219 311621.2937864003
220 312497.4358685575
230 312521.5675421054
231 313405.7753928751
280 313439.1720714658
281 313841.6933730845
418 313857.7859569183
423 314199.0111825331
590 314234.8059960250
592 315160.5078706379
600 315174.2057124804
607 315987.6823900990
1000 316022.6696029193
1010 316102.6998433377
1086 316113.7411169629
1087 316521.5225232174
1170 316541.0815224492
1174 317374.8581044312
1236 317386.5588480114
1237 317402.7314019112
1262 317419.4416131096
1263 317864.3521652273
1273 317880.4280930815
1278 318647.9519188324
1312 318660.4972638859
1314 319259.5225659753
1399 319302.1424837049
1401 319746.9141830171
1416 319765.6453665494
1418 320303.1286848456
1907 320330.1657619069
1908 321175.8228242344
1912 321189.4154108329
1914 321713.0443338609
10001 -2073671.0000000005
evaluations raw_y
1 -2135831.0000000005
2 -2134829.0000000005
3 -2133829.0000000005
5 -2132824.0000000005
6 -2131822.0000000005
8 -2130816.0000000005
9 -2129810.0000000005
10 -2128807.0000000005
13 -2127805.0000000005
15 -2126803.0000000005
20 -2125796.0000000005
22 -2124795.0000000005
23 -2123789.0000000005
25 -2122783.0000000005
27 -2121774.0000000005
33 -2120765.0000000005
35 -2119762.0000000005
37 -2118761.0000000005
40 -2117757.0000000005
42 -2116750.0000000005
47 -2115749.0000000005
48 -2114743.0000000005
49 -2113738.0000000005
52 -2112729.0000000005
54 -2111724.0000000005
55 -2110718.0000000005
56 -2109709.0000000005
59 -2108706.0000000005
62 -2107705.0000000005
63 -2106700.0000000005
64 -2105694.0000000005
67 -2104688.0000000005
72 -2103687.0000000005
73 -2102680.0000000005
74 -2101673.0000000005
75 -2100667.0000000005
76 -2099664.0000000005
77 -2098661.0000000005
78 -2097660.0000000005
79 -2096660.0000000005
80 -2095654.0000000005
81 -2094647.0000000005
82 -2093641.0000000005
84 -2092639.0000000005
86 -2091632.0000000005
90 -2090623.0000000005
91 -2089623.0000000005
93 -2088614.0000000005
96 -2087611.0000000005
98 -2086603.0000000005
99 -2085596.0000000005
100 -2084587.0000000005
101 -2083585.0000000005
102 -2082581.0000000005
103 -2081578.0000000005
104 -2080573.0000000005
106 -2079571.0000000005
108 -2078568.0000000005
109 -2077568.0000000005
110 -2076566.0000000005
112 -2075564.0000000005
113 -2074562.0000000005
114 -2073554.0000000005
116 302320.0700539376
176 302332.1521519162
177 303195.9936072332
286 303209.8185335640
287 303478.7030326726
419 303505.3429255760
423 304059.5350700871
434 304076.6665421926
435 304953.7509991843
568 304992.6056882214
569 305745.8208633079
670 305786.2606142979
674 305960.9771460071
880 305978.3463076489
883 306578.8031520994
914 306579.4933879467
915 306636.1421125850
935 306679.9893871748
936 307058.3016734177
1095 307065.1869529970
1096 307505.8305296733
1338 307521.2661033563
1341 308341.4024677065
1464 308361.2514900480
1466 309187.3784398418
3462 309209.7724633734
3464 310040.6786232119
3770 310065.5141178999
3771 310726.6374614637
10001 310257.0612929482
evaluations raw_y
1 -2130842.0000000005
7 -2129835.0000000005
8 -2128827.0000000005
9 -2127821.0000000005
10 -2126812.0000000005
12 -2125805.0000000005
16 -2124799.0000000005
17 -2123795.0000000005
19 -2122790.0000000005
21 -2121785.0000000005
27 -2120783.0000000005
30 -2119776.0000000005
32 -2118774.0000000005
35 -2117768.0000000005
38 -2116768.0000000005
44 -2115764.0000000005
46 -2114755.0000000005
47 -2113748.0000000005
48 -2112744.0000000005
50 -2111738.0000000005
53 -2110730.0000000005
54 -2109728.0000000005
55 -2108722.0000000005
56 -2107720.0000000005
57 -2106719.0000000005
58 -2105714.0000000005
59 -2104705.0000000005
63 -2103696.0000000005
64 -2102695.0000000005
65 -2101690.0000000005
66 -2100689.0000000005
67 -2099683.0000000005
68 -2098680.0000000005
69 -2097678.0000000005
70 -2096672.0000000005
72 -2095666.0000000005
73 -2094662.0000000005
75 -2093654.0000000005
76 -2092645.0000000005
77 -2091637.0000000005
78 -2090629.0000000005
80 -2089621.0000000005
83 -2088614.0000000005
85 -2087607.0000000005
87 -2086603.0000000005
88 -2085602.0000000005
89 -2084602.0000000005
91 -2083594.0000000005
94 -2082588.0000000005
97 -2081588.0000000005
101 -2080583.0000000005
102 -2079580.0000000005
103 -2078573.0000000005
107 -2077571.0000000005
110 -2076566.0000000005
115 -2075559.0000000005
118 -2074554.0000000005
119 -2073550.0000000005
126 314193.1842320578
156 314227.2583852398
161 314360.7529193524
207 314388.4653539366
208 314691.4315454377
249 314732.4450569109
250 315247.0999902376
387 315270.1783512399
389 315828.5866386959
1055 315834.4420555433
1056 315934.5705692438
1065 315969.2147872645
1066 316524.8021408171
1206 316537.7235795775
1207 316772.9061853205
1887 316779.1964540994
1888 316913.3451801187
2409 316923.4885102731
2411 317563.3583093830
3403 317580.2816322235
3408 317931.1842368114
3631 317940.7632199560
3632 318136.6790581008
10001 317385.2929215351
evaluations raw_y
1 -2138823.0000000005
3 -2137814.0000000005
4 -2136808.0000000005
6 -2135800.0000000005
8 -2134799.0000000005
12 -2133792.0000000005
14 -2132792.0000000005
15 -2131787.0000000005
18 -2130781.0000000005
19 -2129774.0000000005
22 -2128765.0000000005
24 -2127756.0000000005
25 -2126750.0000000005
30 -2125749.0000000005
32 -2124749.0000000005
35 -2123748.0000000005
36 -2122748.0000000005
38 -2121746.0000000005
40 -2120741.0000000005
41 -2119737.0000000005
42 -2118729.0000000005
48 -2117726.0000000005
50 -2116726.0000000005
54 -2115717.0000000005
55 -2114709.0000000005
58 -2113704.0000000005
65 -2112703.0000000005
69 -2111703.0000000005
70 -2110703.0000000005
72 -2109701.0000000005
73 -2108698.0000000005
74 -2107697.0000000005
76 -2106692.0000000005
77 -2105683.0000000005
81 -2104674.0000000005
83 -2103666.0000000005
85 -2102662.0000000005
87 -2101661.0000000005
89 -2100652.0000000005
91 -2099643.0000000005
94 -2098639.0000000005
95 -2097635.0000000005
96 -2096629.0000000005
98 -2095623.0000000005
100 -2094619.0000000005
101 -2093618.0000000005
102 -2092617.0000000005
103 -2091610.0000000005
104 -2090602.0000000005
109 -2089598.0000000005
111 -2088598.0000000005
117 -2087592.0000000005
119 -2086585.0000000005
120 -2085582.0000000005
121 -2084582.0000000005
122 -2083581.0000000005
124 -2082575.0000000005
127 -2081567.0000000005
128 -2080559.0000000005
129 -2079559.0000000005
136 -2078551.0000000005
137 -2077544.0000000005
140 -2076539.0000000005
145 -2075535.0000000005
146 -2074526.0000000005
147 -2073520.0000000005
156 310862.7948199854
255 310864.1352771114
258 311137.7620486136
485 311139.1655902583
487 311690.2970794656
497 311699.7353508943
499 312325.0181398123
631 312338.1561914636
633 312368.3982754092
766 312372.3535929248
767 312847.2876105529
942 312882.8759452341
945 313563.0660751235
996 313597.4499693328
998 314166.6471419030
1042 314184.2019392926
1044 314529.2667760973
1077 314556.2465758179
1079 315320.8384875796
1142 315341.8618189236
1146 315708.3186499251
1940 315721.8112982402
1944 316054.5540896934
1951 316090.6771361480
1952 316147.0869216439
1995 316171.0524735824
1996 316383.3461377475
2079 316402.4594830971
2080 316574.7627223479
2092 316590.9058048509
2093 317097.4750049157
2360 317121.8846015828
2361 317384.6886119306
2453 317396.2126163011
2454 318064.0254915523
2923 318064.1895622038
2924 318368.5436113780
2980 318369.4834669962
2983 318822.0290545186
3248 318835.5986127843
3251 319047.0267926789
10001 318074.6331206943
evaluations raw_y
1 -2112751.0000000005
2 -2111742.0000000005
3 -2110733.0000000005
4 -2109728.0000000005
5 -2108728.0000000005
6 -2107728.0000000005
7 -2106725.0000000005
9 -2105719.0000000005
12 -2104718.0000000005
18 -2103713.0000000005
21 -2102705.0000000005
22 -2101699.0000000005
23 -2100692.0000000005
24 -2099683.0000000005
26 -2098683.0000000005
27 -2097683.0000000005
29 -2096682.0000000005
30 -2095673.0000000005
32 -2094672.0000000005
35 -2093664.0000000005
36 -2092658.0000000005
37 -2091652.0000000005
38 -2090651.0000000005
40 -2089646.0000000005
42 -2088643.0000000005
44 -2087637.0000000005
47 -2086636.0000000005
49 -2085630.0000000005
52 -2084628.0000000005
55 -2083628.0000000005
58 -2082626.0000000005
59 -2081624.0000000005
60 -2080623.0000000005
63 -2079618.0000000005
68 -2078610.0000000005
69 -2077607.0000000005
71 -2076607.0000000005
75 -2075601.0000000005
76 -2074600.0000000005
77 -2073596.0000000005
78 311571.4507578447
179 311586.2081954269
180 311588.9480658761
220 311612.7257472659
221 311917.0994790929
280 311948.8620015956
281 312591.6181123494
448 312617.8729873855
449 312826.6335059167
563 312846.5862270407
565 312858.4287358731
566 312870.8888410346
567 313529.2279246403
569 314182.9571528904
570 315002.1460702503
590 315009.9049459336
591 315653.8530370381
757 315660.0869695098
759 316274.2927352671
770 316310.0273953471
771 316848.9792979484
778 316855.3682120239
779 317137.1524800013
1763 317155.6093881360
1765 317640.9476779820
1811 317663.8470667860
1812 318378.1947243157
3402 318387.1340200292
3403 318400.9588846716
3924 318401.0702162647
3927 319239.8902211151
8275 319258.0213537369
8277 319467.2017520600
10001 -2073608.0000000005
evaluations raw_y
1 -2118912.0000000005
2 -2117905.0000000005
3 -2116900.0000000005
9 -2115893.0000000005
11 -2114887.0000000005
14 -2113885.0000000005
17 -2112883.0000000005
19 -2111877.0000000005
20 -2110870.0000000005
21 -2109869.0000000005
22 -2108867.0000000005
24 -2107866.0000000005
26 -2106862.0000000005
29 -2105857.0000000005
30 -2104848.0000000005
31 -2103844.0000000005
35 -2102839.0000000005
37 -2101838.0000000005
38 -2100832.0000000005
39 -2099827.0000000005
41 -2098822.0000000005
46 -2097816.0000000005
47 -2096815.0000000005
52 -2095812.0000000005
53 -2094803.0000000005
54 -2093799.0000000005
55 -2092798.0000000005
60 -2091792.0000000005
63 -2090783.0000000005
66 -2089781.0000000005
67 -2088775.0000000005
68 -2087774.0000000005
72 -2086765.0000000005
73 -2085759.0000000005
74 -2084755.0000000005
76 -2083749.0000000005
77 -2082745.0000000005
78 -2081736.0000000005
79 -2080730.0000000005
83 -2079721.0000000005
84 -2078714.0000000005
88 -2077709.0000000005
89 -2076705.0000000005
91 -2075702.0000000005
98 -2074696.0000000005
100 -2073691.0000000005
102 -2072685.0000000005
103 315161.5850262158
141 315162.8010786059
142 315294.7870863822
167 315302.0321078419
168 315675.5448498922
212 315695.3846114567
214 316593.0103625944
217 317152.4260498224
243 317158.2669563884
249 317226.2129049702
372 317240.1402170744
375 317623.4404251900
397 317626.3174471703
399 318507.0611567537
680 318544.1904845994
681 318731.9791481562
1013 318772.2535615726
1017 318777.9791481562
1075 318794.5474954061
1076 319538.9690394329
1109 319553.6688267735
1110 320360.0956055523
1154 320360.6223868327
1166 321036.7733907510
1171 321048.2852301033
1172 321254.6776390803
1202 321272.7955329073
1204 321341.0970648760
1393 321366.8312792712
1395 322021.9606835845
1442 322063.1967368062
1444 322457.2967210044
1485 322498.1167528093
1487 323143.6351450648
1591 323149.2264037022
1592 323372.3054556364
2039 323400.1435588739
2040 323584.5229495384
2145 323599.9910812444
2147 324493.6483949862
2360 324513.9032072970
2362 325232.3531804461
2847 325252.5443984101
2849 325423.1768723428
2917 325452.4895074870
2921 326307.7206122809
3054 326331.1463270481
3055 326600.7969098613
10001 -2073674.0000000005
evaluations raw_y
1 -2128901.0000000005
3 -2127894.0000000005
7 -2126886.0000000005
8 -2125877.0000000005
9 -2124876.0000000005
11 -2123872.0000000005
12 -2122863.0000000005
17 -2121857.0000000005
18 -2120848.0000000005
21 -2119842.0000000005
22 -2118838.0000000005
23 -2117831.0000000005
26 -2116825.0000000005
29 -2115816.0000000005
33 -2114807.0000000005
34 -2113799.0000000005
35 -2112798.0000000005
39 -2111798.0000000005
40 -2110793.0000000005
42 -2109785.0000000005
44 -2108783.0000000005
45 -2107777.0000000005
46 -2106774.0000000005
56 -2105773.0000000005
57 -2104765.0000000005
64 -2103756.0000000005
67 -2102753.0000000005
68 -2101752.0000000005
71 -2100750.0000000005
74 -2099749.0000000005
75 -2098740.0000000005
76 -2097731.0000000005
77 -2096726.0000000005
79 -2095724.0000000005
86 -2094722.0000000005
87 -2093716.0000000005
88 -2092711.0000000005
89 -2091710.0000000005
91 -2090708.0000000005
93 -2089708.0000000005
95 -2088705.0000000005
96 -2087705.0000000005
97 -2086701.0000000005
100 -2085698.0000000005
101 -2084690.0000000005
106 -2083690.0000000005
107 -2082681.0000000005
108 -2081677.0000000005
110 -2080668.0000000005
111 -2079660.0000000005
113 -2078659.0000000005
116 -2077653.0000000005
117 -2076647.0000000005
118 -2075639.0000000005
123 -2074639.0000000005
127 -2073639.0000000005
130 293796.1355189369
162 293814.6258252151
164 293848.0503735748
228 293854.5916225672
229 294450.3909531937
243 294468.6873127307
246 294693.2609061615
248 294702.7450060995
249 294892.7049384051
308 294896.2946954417
314 295515.1492411424
358 295538.2520918716
359 295967.7791751300
542 295971.8259498569
544 296127.1324976630
682 296128.4340678742
683 296625.6345818620
726 296651.8873858359
727 297364.2890327368
831 297375.9385938270
833 297778.8791589708
1128 297815.5565449120
1129 298051.4259778531
1133 298052.5976078159
1139 298596.8652674960
1608 298625.4651506705
1609 299317.1477984496
1682 299321.3931401135
1683 300216.3145556187
1744 300228.9231724823
1746 300553.2558625769
1803 300557.2820001296
1804 300850.6796962584
2194 300865.0285293267
2195 301613.0012028715
2344 301651.7064411488
2345 302103.2504268459
2543 302120.7663226302
2547 302853.4153767478
2925 302883.4349789665
2928 303265.2062095217
3214 303308.6903041745
3216 303753.0572041017
10001 302802.6272996216
evaluations raw_y
1 -2126783.0000000005
8 -2125778.0000000005
9 -2124769.0000000005
11 -2123765.0000000005
14 -2122763.0000000005
15 -2121759.0000000005
16 -2120751.0000000005
20 -2119751.0000000005
22 -2118744.0000000005
24 -2117740.0000000005
25 -2116740.0000000005
26 -2115732.0000000005
32 -2114729.0000000005
34 -2113727.0000000005
36 -2112718.0000000005
40 -2111718.0000000005
42 -2110710.0000000005
43 -2109708.0000000005
45 -2108703.0000000005
47 -2107695.0000000005
49 -2106689.0000000005
51 -2105687.0000000005
53 -2104679.0000000005
54 -2103677.0000000005
63 -2102674.0000000005
64 -2101674.0000000005
66 -2100672.0000000005
68 -2099668.0000000005
69 -2098661.0000000005
70 -2097652.0000000005
72 -2096643.0000000005
74 -2095637.0000000005
76 -2094630.0000000005
77 -2093629.0000000005
80 -2092620.0000000005
87 -2091617.0000000005
91 -2090610.0000000005
92 -2089606.0000000005
97 -2088606.0000000005
101 -2087599.0000000005
103 -2086590.0000000005
107 -2085584.0000000005
108 -2084579.0000000005
112 -2083571.0000000005
115 -2082566.0000000005
116 -2081559.0000000005
117 -2080554.0000000005
120 -2079552.0000000005
123 -2078552.0000000005
125 -2077545.0000000005
126 -2076543.0000000005
127 -2075540.0000000005
136 -2074531.0000000005
140 -2073529.0000000005
141 308303.4612876973
182 308325.2395963563
183 308468.1583225642
263 308469.0498821976
264 308586.1718784258
270 308625.5811078350
278 309554.9447085069
331 309557.4131403844
332 310224.3687375073
337 310239.1699862016
340 310652.0430328714
343 310653.4746390876
345 311406.0202624142
436 311435.3303252503
437 311495.0300481761
442 311502.1603707311
443 312319.2804902819
471 312319.8747123068
472 312493.7052600363
559 312505.9965799807
560 312621.9817862671
583 312660.7790672664
586 313132.4958625950
612 313146.3641884183
614 313195.3274561435
725 313209.5386152179
730 313274.0064614133
771 313300.9909344289
773 314172.8589519489
798 314204.3584528452
799 315032.1344848219
932 315071.3518558888
933 315432.9550969673
1234 315460.2017336283
1239 316398.9314003545
1400 316412.0970981537
1403 317198.6560843277
1451 317224.6741067691
1452 317863.6056001547
1453 317867.7491333359
1455 318633.1916924024
1585 318637.4028198905
1587 319589.1607618917
1682 319600.0026297194
1683 320177.8951980757
2887 320181.2261964879
2888 320199.8397013225
3702 320215.9737766399
3708 320658.9967805897
10001 319994.2119229034
evaluations raw_y
1 -2129842.0000000005
6 -2128841.0000000005
7 -2127837.0000000005
8 -2126830.0000000005
9 -2125823.0000000005
10 -2124823.0000000005
11 -2123822.0000000005
13 -2122818.0000000005
14 -2121811.0000000005
15 -2120804.0000000005
16 -2119799.0000000005
18 -2118796.0000000005
19 -2117789.0000000005
22 -2116786.0000000005
23 -2115786.0000000005
24 -2114780.0000000005
26 -2113775.0000000005
27 -2112773.0000000005
29 -2111765.0000000005
30 -2110758.0000000005
33 -2109750.0000000005
36 -2108748.0000000005
43 -2107748.0000000005
47 -2106742.0000000005
48 -2105742.0000000005
50 -2104738.0000000005
52 -2103731.0000000005
55 -2102731.0000000005
56 -2101726.0000000005
57 -2100726.0000000005
58 -2099719.0000000005
59 -2098711.0000000005
61 -2097708.0000000005
64 -2096703.0000000005
66 -2095703.0000000005
69 -2094699.0000000005
73 -2093696.0000000005
75 -2092689.0000000005
77 -2091680.0000000005
80 -2090675.0000000005
81 -2089672.0000000005
82 -2088671.0000000005
87 -2087665.0000000005
88 -2086659.0000000005
93 -2085652.0000000005
94 -2084647.0000000005
95 -2083642.0000000005
97 -2082633.0000000005
98 -2081630.0000000005
100 -2080625.0000000005
103 -2079622.0000000005
104 -2078616.0000000005
105 -2077610.0000000005
106 -2076601.0000000005
107 -2075593.0000000005
108 -2074590.0000000005
110 -2073581.0000000005
111 310346.4284191246
133 310354.2678294357
135 310602.4010767392
179 310637.4644193997
180 311469.8898566076
276 311503.6513173075
277 311866.8221686422
474 311878.9115363274
475 312556.8473431728
624 312592.1133685482
626 312672.5972689753
659 312690.5952209047
663 313217.1862063031
699 313217.9665659625
700 313688.7279855702
902 313723.4820674493
904 314333.9858364742
952 314342.3950664520
953 315217.0055343066
1050 315232.0822572486
1055 315446.3503066924
1191 315459.3450296906
1192 316025.7476499435
1199 316031.5663485326
1201 316173.9386568886
1450 316174.4181429903
1451 317104.6109138039
1482 317116.7427040263
1484 317499.8531063179
1727 317510.5573361623
1728 318132.1724260990
1796 318169.2591365975
1797 318439.8237775134
2250 318463.2267173401
2252 318856.4191253475
2733 318879.3719770624
2735 319099.4756575517
10001 318140.7861467679
evaluations raw_y
1 -2109853.0000000005
2 -2108846.0000000005
4 -2107842.0000000005
5 -2106834.0000000005
14 -2105831.0000000005
15 -2104823.0000000005
16 -2103814.0000000005
17 -2102806.0000000005
21 -2101798.0000000005
22 -2100795.0000000005
24 -2099788.0000000005
26 -2098787.0000000005
33 -2097778.0000000005
34 -2096770.0000000005
37 -2095770.0000000005
38 -2094769.0000000005
40 -2093764.0000000005
42 -2092763.0000000005
43 -2091755.0000000005
46 -2090746.0000000005
47 -2089743.0000000005
48 -2088742.0000000005
50 -2087739.0000000005
51 -2086733.0000000005
56 -2085729.0000000005
59 -2084725.0000000005
61 -2083720.0000000005
62 -2082720.0000000005
63 -2081719.0000000005
65 -2080712.0000000005
67 -2079704.0000000005
68 -2078697.0000000005
69 -2077691.0000000005
75 -2076687.0000000005
76 -2075683.0000000005
79 -2074678.0000000005
84 -2073678.0000000005
85 308933.9527681184
160 308939.1342385721
162 309369.5481055854
241 309379.0287472699
244 309702.3478354412
287 309726.2064332889
290 310598.5886669443
355 310632.7962638920
356 310773.1464079292
425 310773.3535616280
427 311414.7905878958
730 311447.7041342489
733 312397.1384004715
1113 312423.1530018451
1116 312567.9553443855
1464 312581.4228193233
1467 313223.6410183893
1537 313237.7627889406
1539 314147.5422104720
1604 314147.5571428118
1605 314976.2555313412
2389 315003.3248189852
2390 315342.6747169820
2585 315355.0232205231
2587 315442.3778432989
3718 315464.9657006284
3721 315794.6277521627
4194 315835.2051034154
4196 315879.0949844621
4549 315897.6283785408
4551 316842.3922229263
10001 316219.8099527485
evaluations raw_y
1 -2133777.0000000005
3 -2132775.0000000005
5 -2131770.0000000005
11 -2130768.0000000005
12 -2129764.0000000005
13 -2128762.0000000005
17 -2127754.0000000005
19 -2126753.0000000005
20 -2125752.0000000005
22 -2124751.0000000005
23 -2123746.0000000005
26 -2122740.0000000005
28 -2121734.0000000005
30 -2120727.0000000005
32 -2119726.0000000005
33 -2118724.0000000005
34 -2117724.0000000005
36 -2116723.0000000005
37 -2115715.0000000005
40 -2114709.0000000005
42 -2113709.0000000005
44 -2112703.0000000005
48 -2111697.0000000005
49 -2110694.0000000005
50 -2109694.0000000005
61 -2108693.0000000005
64 -2107691.0000000005
67 -2106687.0000000005
70 -2105681.0000000005
73 -2104673.0000000005
74 -2103668.0000000005
76 -2102665.0000000005
79 -2101661.0000000005
80 -2100659.0000000005
81 -2099658.0000000005
85 -2098652.0000000005
86 -2097648.0000000005
87 -2096646.0000000005
88 -2095646.0000000005
89 -2094642.0000000005
91 -2093642.0000000005
92 -2092637.0000000005
100 -2091634.0000000005
102 -2090630.0000000005
103 -2089623.0000000005
104 -2088619.0000000005
109 -2087610.0000000005
111 -2086602.0000000005
112 -2085600.0000000005
117 -2084592.0000000005
119 -2083592.0000000005
122 -2082585.0000000005
123 -2081577.0000000005
124 -2080568.0000000005
125 -2079565.0000000005
126 -2078564.0000000005
127 -2077563.0000000005
128 -2076554.0000000005
132 -2075552.0000000005
134 -2074546.0000000005
136 -2073540.0000000005
141 305120.9600916347
367 305135.5487703553
368 306067.2202908532
507 306078.1765780270
513 306634.7319274708
577 306637.3296449174
580 307382.4176537042
1251 307404.3191207800
1252 307935.3756722446
1295 307968.6967786294
1296 308199.4573943156
1431 308236.4713871895
1432 308252.4692800136
1750 308264.3561067086
1751 308578.6995724578
1951 308591.4383757922
1953 309196.0445477857
2309 309212.3914301323
2313 309866.0710847478
2639 309866.9348692448
2640 310486.4818331957
2843 310494.2918356564
2845 311170.1868034356
2899 311194.5654074952
2900 311477.2565343864
3244 311488.8263120867
3245 311988.8445004286
3345 312010.5309257881
3347 312893.9199769014
3392 312904.4781932233
3396 313179.0541265295
3462 313181.1138859625
3464 314066.4525398169
3498 314068.9512796041
3499 314392.0163228590
10001 -2073544.0000000005
evaluations raw_y
1 -2119894.0000000005
2 -2118889.0000000005
4 -2117886.0000000005
11 -2116880.0000000005
13 -2115872.0000000005
18 -2114872.0000000005
19 -2113866.0000000005
21 -2112859.0000000005
22 -2111853.0000000005
25 -2110852.0000000005
26 -2109844.0000000005
28 -2108843.0000000005
29 -2107834.0000000005
32 -2106831.0000000005
34 -2105827.0000000005
35 -2104822.0000000005
36 -2103821.0000000005
37 -2102814.0000000005
39 -2101809.0000000005
43 -2100802.0000000005
44 -2099793.0000000005
45 -2098791.0000000005
46 -2097782.0000000005
49 -2096774.0000000005
50 -2095768.0000000005
52 -2094762.0000000005
53 -2093759.0000000005
57 -2092753.0000000005
59 -2091747.0000000005
60 -2090741.0000000005
65 -2089732.0000000005
68 -2088724.0000000005
69 -2087723.0000000005
71 -2086716.0000000005
74 -2085710.0000000005
75 -2084705.0000000005
78 -2083696.0000000005
79 -2082688.0000000005
80 -2081688.0000000005
87 -2080688.0000000005
91 -2079680.0000000005
93 -2078674.0000000005
94 -2077668.0000000005
95 -2076661.0000000005
97 -2075658.0000000005
98 -2074655.0000000005
101 -2073648.0000000005
102 305896.0885394523
103 305904.8054582536
105 305961.9054940506
236 305976.7336866638
237 306269.5385559288
275 306310.7233559533
278 306583.0682891200
606 306609.3487835636
608 306898.3658729514
679 306906.1416155953
681 307219.4508951823
740 307256.9481660958
743 307317.5459497837
847 307327.8200430163
848 308229.0823076178
1009 308241.8143874026
1010 308332.4973775233
1198 308352.2516911626
1201 308420.3502082523
1233 308431.4808792899
1237 309282.2061515178
1314 309316.9641017761
1318 310138.0660421313
1411 310154.8571516784
1413 310436.4255737954
1447 310454.8994797244
1450 310841.8466651711
1700 310857.2462578883
1701 311001.3377164709
2283 311037.1603165723
2285 311582.1927677682
2486 311582.7906672900
2487 311657.0020533007
2527 311684.7182000173
2528 312445.3588935769
2584 312451.2301675315
2587 312589.3721092261
2598 312609.4374841229
2600 313531.6008441022
5318 313566.7356943987
5319 314337.4064506791
5836 314351.9684975668
5837 315222.8826185834
10001 -2073605.0000000005
evaluations raw_y
1 -2156996.0000000005
2 -2155996.0000000005
7 -2154989.0000000005
8 -2153981.0000000005
11 -2152975.0000000005
14 -2151967.0000000005
15 -2150966.0000000005
16 -2149965.0000000005
17 -2148958.0000000005
21 -2147949.0000000005
25 -2146942.0000000005
27 -2145933.0000000005
29 -2144925.0000000005
30 -2143921.0000000005
36 -2142915.0000000005
38 -2141911.0000000005
42 -2140902.0000000005
44 -2139902.0000000005
46 -2138895.0000000005
47 -2137887.0000000005
51 -2136878.0000000005
53 -2135878.0000000005
55 -2134872.0000000005
57 -2133867.0000000005
68 -2132863.0000000005
70 -2131862.0000000005
76 -2130860.0000000005
77 -2129855.0000000005
78 -2128847.0000000005
79 -2127846.0000000005
80 -2126838.0000000005
85 -2125833.0000000005
86 -2124825.0000000005
87 -2123818.0000000005
88 -2122817.0000000005
89 -2121811.0000000005
90 -2120808.0000000005
92 -2119804.0000000005
93 -2118798.0000000005
95 -2117790.0000000005
99 -2116788.0000000005
100 -2115782.0000000005
104 -2114780.0000000005
106 -2113773.0000000005
108 -2112765.0000000005
110 -2111763.0000000005
112 -2110757.0000000005
114 -2109755.0000000005
117 -2108747.0000000005
118 -2107741.0000000005
119 -2106736.0000000005
121 -2105736.0000000005
123 -2104728.0000000005
124 -2103721.0000000005
125 -2102718.0000000005
128 -2101717.0000000005
129 -2100708.0000000005
130 -2099705.0000000005
132 -2098703.0000000005
135 -2097700.0000000005
141 -2096699.0000000005
142 -2095693.0000000005
147 -2094693.0000000005
148 -2093687.0000000005
149 -2092681.0000000005
150 -2091675.0000000005
153 -2090666.0000000005
155 -2089658.0000000005
156 -2088652.0000000005
157 -2087643.0000000005
159 -2086642.0000000005
160 -2085633.0000000005
167 -2084631.0000000005
169 -2083630.0000000005
170 -2082623.0000000005
171 -2081623.0000000005
172 -2080619.0000000005
175 -2079618.0000000005
176 -2078611.0000000005
179 -2077608.0000000005
180 -2076602.0000000005
181 -2075596.0000000005
183 -2074595.0000000005
185 -2073589.0000000005
190 302293.9087645989
232 302308.9643036851
233 303204.8689662286
347 303238.7119521479
348 303832.9321545858
480 303847.2885348143
482 304613.8499527391
620 304650.4743753585
621 304913.3387359553
676 304923.9853300333
678 305576.0636629169
948 305613.0072766946
949 305802.8623682883
1094 305838.1410918423
1097 306502.4335882798
1260 306526.9516871919
1261 306767.9713101925
1299 306779.1496512975
1302 307152.9703154698
1392 307157.4051958778
1394 308083.4013422991
1457 308094.2749148954
1459 308255.7963908885
1591 308282.8330181994
1592 308736.6122301596
1674 308750.1272686597
1675 308953.9202469080
2060 308991.0637058014
2061 309418.5053402337
2478 309420.4518302979
2480 309689.3843363591
2549 309691.3522423591
2552 309777.0835701454
3037 309789.4731298354
3039 310307.3099975843
10001 -2073602.0000000005
evaluations raw_y
1 -2107688.0000000005
2 -2106679.0000000005
5 -2105672.0000000005
6 -2104664.0000000005
7 -2103660.0000000005
8 -2102658.0000000005
9 -2101657.0000000005
10 -2100652.0000000005
12 -2099645.0000000005
15 -2098637.0000000005
17 -2097630.0000000005
19 -2096627.0000000005
22 -2095620.0000000005
24 -2094614.0000000005
25 -2093610.0000000005
27 -2092608.0000000005
28 -2091602.0000000005
33 -2090597.0000000005
34 -2089592.0000000005
35 -2088584.0000000005
38 -2087581.0000000005
40 -2086577.0000000005
44 -2085572.0000000005
45 -2084564.0000000005
46 -2083557.0000000005
47 -2082550.0000000005
48 -2081544.0000000005
51 -2080535.0000000005
54 -2079527.0000000005
55 -2078522.0000000005
59 -2077521.0000000005
62 -2076515.0000000005
69 -2075506.0000000005
72 -2074502.0000000005
74 -2073502.0000000005
76 306631.3565308012
80 306654.7220729765
81 307491.3409241362
102 307526.0193780679
103 308142.1322245232
141 308142.2891259154
142 308790.3703729350
160 308793.4544767115
161 308819.6905562876
162 309692.9980879792
164 310122.8026505309
257 310135.8822951441
258 310957.3467029171
272 310973.6021790934
274 311442.3704566743
293 311481.2972716285
294 311913.8579254540
358 311936.9112461145
359 312769.4132220880
434 312781.0351279185
436 313664.3180654141
470 313693.8758070390
472 314568.7918618966
502 314581.9477210944
503 315164.5185095465
580 315195.1553699142
582 315521.0019180216
645 315539.0343269247
646 315708.0127808759
728 315745.7549737872
730 316122.7785628532
950 316144.2788275135
952 316198.9044530346
1324 316220.4724102227
1325 316904.0964688541
2082 316940.7425719694
2083 316981.3925932015
2104 316990.3201532313
2105 317899.5010352093
3535 317903.0284236750
3539 318229.7161119921
3620 318273.7194379774
3621 318535.8554326799
4080 318539.7173056949
4082 318747.4918151469
10001 -2073480.0000000005
evaluations raw_y
1 -2107770.0000000005
6 -2106764.0000000005
11 -2105763.0000000005
12 -2104758.0000000005
13 -2103757.0000000005
15 -2102756.0000000005
16 -2101755.0000000005
17 -2100747.0000000005
18 -2099743.0000000005
22 -2098737.0000000005
23 -2097733.0000000005
24 -2096724.0000000005
28 -2095722.0000000005
31 -2094716.0000000005
32 -2093716.0000000005
34 -2092707.0000000005
36 -2091706.0000000005
38 -2090705.0000000005
39 -2089698.0000000005
43 -2088695.0000000005
44 -2087688.0000000005
45 -2086685.0000000005
49 -2085684.0000000005
52 -2084681.0000000005
53 -2083672.0000000005
54 -2082666.0000000005
57 -2081657.0000000005
58 -2080649.0000000005
59 -2079643.0000000005
60 -2078636.0000000005
62 -2077627.0000000005
63 -2076626.0000000005
67 -2075620.0000000005
74 -2074618.0000000005
75 -2073610.0000000005
77 304160.4467473514
91 304197.9352550363
93 304930.6051167058
122 304966.1825712178
123 305057.6895900921
186 305082.7293750528
187 305326.5040079791
300 305338.7361076141
301 305347.7123147302
303 305654.1708044877
304 306413.3352464167
532 306426.8762330954
534 306813.0857295195
576 306837.1260170342
578 307711.4724729709
652 307722.6805372889
654 308174.1124471763
703 308188.5558682121
704 308616.6121680589
822 308635.6204900246
823 308946.7408109217
871 308983.2339530392
874 308999.7788866639
1015 309032.4297445844
1016 309437.8886226196
1182 309473.8491377081
1184 310255.6514731812
1537 310259.8910362006
1539 310878.1501794402
1585 310898.8254186768
1588 311428.6110711850
1810 311447.8667626724
1812 312345.9579839280
2058 312347.5459569595
2060 313167.4914308612
2093 313205.7854181169
2098 314156.8755436704
2252 314183.8416440760
2254 314373.4459092626
2287 314394.3786661050
2288 315058.8084967840
2717 315059.1876033357
2719 315327.8714129975
3830 315362.9841752921
3833 315396.9772389531
8114 315420.8075831705
8115 315751.6103923858
10001 -2073610.0000000005
evaluations raw_y
1 -2149890.0000000005
2 -2148888.0000000005
4 -2147880.0000000005
6 -2146876.0000000005
7 -2145870.0000000005
8 -2144864.0000000005
9 -2143859.0000000005
10 -2142855.0000000005
11 -2141851.0000000005
12 -2140845.0000000005
15 -2139838.0000000005
16 -2138834.0000000005
19 -2137832.0000000005
21 -2136832.0000000005
26 -2135825.0000000005
27 -2134817.0000000005
29 -2133815.0000000005
30 -2132811.0000000005
31 -2131804.0000000005
32 -2130803.0000000005
33 -2129802.0000000005
34 -2128801.0000000005
35 -2127796.0000000005
38 -2126796.0000000005
39 -2125791.0000000005
40 -2124785.0000000005
43 -2123779.0000000005
44 -2122779.0000000005
46 -2121772.0000000005
47 -2120765.0000000005
48 -2119765.0000000005
49 -2118764.0000000005
51 -2117759.0000000005
55 -2116755.0000000005
56 -2115754.0000000005
57 -2114753.0000000005
58 -2113747.0000000005
60 -2112739.0000000005
64 -2111733.0000000005
66 -2110727.0000000005
67 -2109720.0000000005
69 -2108718.0000000005
73 -2107711.0000000005
75 -2106708.0000000005
76 -2105707.0000000005
77 -2104699.0000000005
78 -2103697.0000000005
80 -2102697.0000000005
84 -2101695.0000000005
85 -2100689.0000000005
87 -2099684.0000000005
89 -2098677.0000000005
90 -2097676.0000000005
92 -2096676.0000000005
95 -2095669.0000000005
98 -2094662.0000000005
100 -2093653.0000000005
101 -2092651.0000000005
104 -2091648.0000000005
105 -2090643.0000000005
108 -2089637.0000000005
109 -2088630.0000000005
112 -2087627.0000000005
113 -2086620.0000000005
114 -2085616.0000000005
116 -2084611.0000000005
118 -2083608.0000000005
120 -2082600.0000000005
124 -2081592.0000000005
125 -2080586.0000000005
126 -2079583.0000000005
128 -2078574.0000000005
130 -2077573.0000000005
134 -2076571.0000000005
135 -2075565.0000000005
139 -2074563.0000000005
140 -2073558.0000000005
143 310602.9158704041
256 310632.7206838922
260 311451.5269129114
284 311476.6424431693
285 311918.9316392366
615 311952.5570214477
616 312889.3966880704
738 312911.1039523443
741 313747.6652732469
845 313759.4284732186
846 313976.2639889038
1095 314001.7603970349
1097 314895.6612655512
1108 314915.9442447458
1109 315631.6435484533
1116 315646.5505152840
1117 316029.6079340096
1120 316066.5818908450
1121 316343.8308293962
1270 316351.9604323595
1271 316355.1225142241
1304 316357.3890190112
1305 316632.0710223948
1399 316660.5454878809
1401 317000.2607783385
1576 317037.7256399595
1578 317624.5738342619
1581 317646.8757442255
1582 318120.5109728943
1697 318156.9754085840
1700 318416.2017392326
2639 318426.9566025332
2641 318585.8884074615
3641 318600.3415753265
3643 319506.6533070800
10001 -2073532.0000000005
evaluations raw_y
1 -2133884.0000000005
5 -2132884.0000000005
9 -2131882.0000000005
11 -2130882.0000000005
12 -2129877.0000000005
14 -2128874.0000000005
15 -2127870.0000000005
16 -2126861.0000000005
19 -2125856.0000000005
22 -2124852.0000000005
23 -2123847.0000000005
24 -2122838.0000000005
25 -2121831.0000000005
26 -2120823.0000000005
27 -2119816.0000000005
28 -2118807.0000000005
31 -2117806.0000000005
35 -2116797.0000000005
36 -2115791.0000000005
38 -2114790.0000000005
44 -2113785.0000000005
45 -2112781.0000000005
46 -2111779.0000000005
47 -2110779.0000000005
50 -2109772.0000000005
56 -2108770.0000000005
58 -2107761.0000000005
59 -2106758.0000000005
62 -2105750.0000000005
67 -2104747.0000000005
69 -2103744.0000000005
71 -2102737.0000000005
73 -2101729.0000000005
79 -2100721.0000000005
81 -2099719.0000000005
83 -2098712.0000000005
85 -2097703.0000000005
89 -2096694.0000000005
93 -2095693.0000000005
96 -2094692.0000000005
99 -2093687.0000000005
101 -2092680.0000000005
102 -2091673.0000000005
105 -2090666.0000000005
111 -2089661.0000000005
112 -2088655.0000000005
113 -2087646.0000000005
114 -2086638.0000000005
115 -2085632.0000000005
118 -2084626.0000000005
120 -2083623.0000000005
121 -2082614.0000000005
123 -2081611.0000000005
124 -2080607.0000000005
128 -2079600.0000000005
131 -2078598.0000000005
133 -2077591.0000000005
134 -2076587.0000000005
135 -2075587.0000000005
137 -2074581.0000000005
141 -2073581.0000000005
142 310591.0656155322
144 310629.5874528001
145 311514.0844902699
363 311530.2214500497
367 311648.5282313337
425 311681.1427174066
428 311962.1130365635
540 311971.7146296313
543 312322.7607349700
603 312364.7237880564
605 312617.8116894202
682 312628.8868512844
684 313380.1024656626
845 313394.0421166256
846 313898.5891331360
904 313916.6364652761
905 314475.0188655759
1183 314503.4981477887
1187 315073.2247334116
1309 315074.6601170505
1310 315644.9143945081
1801 315648.8977834312
1802 316330.9378595881
2101 316366.5825769147
2102 316538.6443222635
2110 316548.9082791425
2111 316673.0493720055
2553 316673.5849948396
2557 316959.7915144151
2910 316979.0596410796
2912 317424.8646309307
5377 317432.9773523502
5378 317481.4988099654
10001 -2073568.0000000005
evaluations raw_y
1 -2158884.0000000005
2 -2157878.0000000005
5 -2156876.0000000005
8 -2155873.0000000005
12 -2154864.0000000005
13 -2153860.0000000005
14 -2152852.0000000005
16 -2151851.0000000005
17 -2150842.0000000005
18 -2149840.0000000005
22 -2148832.0000000005
24 -2147824.0000000005
25 -2146817.0000000005
26 -2145815.0000000005
27 -2144814.0000000005
28 -2143810.0000000005
29 -2142810.0000000005
37 -2141804.0000000005
40 -2140795.0000000005
42 -2139787.0000000005
43 -2138783.0000000005
44 -2137779.0000000005
45 -2136775.0000000005
47 -2135773.0000000005
48 -2134769.0000000005
49 -2133768.0000000005
50 -2132768.0000000005
51 -2131762.0000000005
52 -2130756.0000000005
53 -2129751.0000000005
54 -2128744.0000000005
55 -2127741.0000000005
56 -2126740.0000000005
57 -2125738.0000000005
58 -2124732.0000000005
61 -2123732.0000000005
62 -2122724.0000000005
63 -2121717.0000000005
66 -2120714.0000000005
70 -2119710.0000000005
71 -2118708.0000000005
73 -2117704.0000000005
74 -2116698.0000000005
75 -2115694.0000000005
76 -2114687.0000000005
80 -2113680.0000000005
81 -2112671.0000000005
82 -2111664.0000000005
84 -2110659.0000000005
85 -2109658.0000000005
86 -2108657.0000000005
88 -2107653.0000000005
90 -2106644.0000000005
94 -2105640.0000000005
96 -2104635.0000000005
98 -2103634.0000000005
99 -2102632.0000000005
100 -2101631.0000000005
102 -2100629.0000000005
103 -2099626.0000000005
105 -2098617.0000000005
106 -2097611.0000000005
108 -2096608.0000000005
114 -2095602.0000000005
115 -2094601.0000000005
117 -2093596.0000000005
118 -2092590.0000000005
125 -2091586.0000000005
126 -2090583.0000000005
127 -2089577.0000000005
130 -2088577.0000000005
131 -2087570.0000000005
132 -2086568.0000000005
139 -2085565.0000000005
142 -2084562.0000000005
143 -2083562.0000000005
144 -2082560.0000000005
145 -2081559.0000000005
146 -2080550.0000000005
149 -2079550.0000000005
154 -2078544.0000000005
155 -2077542.0000000005
158 -2076539.0000000005
163 -2075531.0000000005
164 -2074531.0000000005
165 -2073526.0000000005
166 306310.5882787126
197 306321.8949584779
198 306932.6846833660
358 306940.5348022289
359 306975.3954988915
362 307036.4533807196
363 307890.2707486895
452 307917.8968458286
453 308621.4185075776
493 308636.0210829258
496 309224.3403715873
516 309230.2765121061
517 309532.0752249422
553 309538.5517009351
555 310446.9788189508
647 310461.1694502406
649 310751.5600983765
811 310760.4333518799
815 310819.6856718172
986 310844.0782187148
987 311648.5470054693
1773 311680.5616436597
1774 312155.8971864023
2228 312157.0028236962
2229 312824.7371637413
2386 312848.0082347537
2387 313701.7959697918
2588 313714.6711999914
2589 314239.7796285651
2658 314280.8021819143
2659 314462.9059014760
3108 314481.2494672345
3111 314530.2568231135
3989 314548.9450040354
3990 315501.6833271040
10001 314724.6559383362
evaluations raw_y
1 -2111742.0000000005
2 -2110736.0000000005
3 -2109731.0000000005
5 -2108729.0000000005
6 -2107723.0000000005
9 -2106721.0000000005
10 -2105719.0000000005
12 -2104719.0000000005
14 -2103711.0000000005
18 -2102708.0000000005
19 -2101699.0000000005
20 -2100692.0000000005
21 -2099683.0000000005
26 -2098682.0000000005
27 -2097679.0000000005
30 -2096675.0000000005
32 -2095674.0000000005
39 -2094673.0000000005
45 -2093671.0000000005
49 -2092668.0000000005
51 -2091665.0000000005
52 -2090658.0000000005
53 -2089652.0000000005
58 -2088647.0000000005
63 -2087639.0000000005
66 -2086632.0000000005
73 -2085624.0000000005
77 -2084621.0000000005
79 -2083613.0000000005
81 -2082607.0000000005
82 -2081601.0000000005
83 -2080596.0000000005
84 -2079588.0000000005
86 -2078581.0000000005
90 -2077579.0000000005
97 -2076579.0000000005
98 -2075570.0000000005
100 -2074564.0000000005
101 -2073558.0000000005
103 310514.3777078464
286 310539.7280939799
287 311487.1403028890
292 311524.1834210398
294 312479.5595815100
342 312495.6004986415
343 312773.6758754989
380 312789.7453879400
385 313579.2993895788
548 313593.3340329945
550 313796.9371440242
651 313829.9776745116
652 313948.6666747418
939 313973.0664843124
941 314377.7479859058
986 314406.7391612661
988 315067.6986841902
1426 315079.2442141866
1428 315825.7626133019
1669 315830.1519800389
1670 316649.9309088619
1726 316657.1498192677
1728 317558.2983054651
1828 317559.6833111977
1830 317800.7859844895
2016 317809.1449530016
2017 318223.7450609269
2218 318244.7232580701
2219 318513.7623004628
2853 318524.0895806034
2855 318988.6406115420
2916 319012.5786068098
2917 319464.2481186508
3704 319480.3906187004
3707 319723.1117572744
3947 319758.4750706149
3948 320640.9719368597
4294 320660.0029493051
4295 321437.6841014739
10001 -2073554.0000000005
