results for eil51:
mean: 433.5945759451167
stdev: 2.4308926012386842

