evaluations raw_y
1 -0.4867384535
13 -0.4817160712
16 -0.4799446922
20 -0.4794645722
26 -0.4689415736
33 -0.4676800174
41 -0.4642004629
48 -0.4615689326
57 -0.4566374340
70 -0.4487884992
77 -0.4479866582
92 -0.4443000994
108 -0.4427785610
129 -0.4414316203
149 -0.4401785167
171 -0.4378990683
198 -0.4372030175
226 -0.4329608712
256 -0.4322714545
272 -0.4257380513
303 -0.4236750184
337 -0.4139617614
373 -0.4130098632
411 -0.4063114999
450 -0.4013575114
492 -0.4006939060
537 -0.3972536168
584 -0.3886264109
632 -0.3880966682
660 -0.3867383549
702 -0.3823863736
751 -0.3775748422
801 -0.3761008476
862 -0.3757768094
915 -0.3750145116
978 -0.3707172192
1046 -0.3657639567
1082 -0.3638562996
1151 -0.3575682473
1226 -0.3536835668
1304 -0.3493618352
1305 -0.3456403716
1387 -0.3350665335
1471 -0.3325044583
1562 -0.3271452625
1654 -0.3166565804
1747 -0.3154641503
1842 -0.3124803508
7766 -0.3122063405
9676 -0.3108731540
11352 -0.3091530913
11440 -0.3072820720
11532 -0.3062730602
11625 -0.3050806300
11719 -0.3038503398
19731703 -0.4942930423
evaluations raw_y
1 -0.4749373765
7 -0.4522327293
17 -0.4499709427
24 -0.4491691017
38 -0.4431235721
53 -0.4407594847
70 -0.4404279107
88 -0.4249356890
107 -0.4204218014
127 -0.4191686978
149 -0.4168892494
174 -0.4164052068
202 -0.4106237351
231 -0.4103120602
237 -0.4059468744
248 -0.3998518272
252 -0.3993717072
273 -0.3992453017
293 -0.3939256659
324 -0.3918626330
357 -0.3898932918
393 -0.3837286300
433 -0.3785702513
476 -0.3778292339
520 -0.3755214835
568 -0.3699761542
617 -0.3651646227
668 -0.3571852873
720 -0.3499028048
773 -0.3491405070
827 -0.3442396709
890 -0.3435861059
954 -0.3401233472
1023 -0.3334780219
1095 -0.3228818082
1172 -0.3211709127
1200 -0.3201698723
1285 -0.3161167913
1373 -0.3148452830
1466 -0.3136528528
1560 -0.3124225627
1655 -0.3094387631
1751 -0.3081982295
1813 -0.3075816473
13146236 -0.3068366705
13146329 -0.3056442404
19722705 -0.4942930423
evaluations raw_y
1 -0.4897594774
3 -0.4757329726
20 -0.4708014741
31 -0.4705115357
33 -0.4700890294
37 -0.4696089094
51 -0.4666159277
70 -0.4642744723
90 -0.4639945564
111 -0.4560748762
134 -0.4538697618
158 -0.4513621189
183 -0.4459772402
204 -0.4458508347
239 -0.4391642279
275 -0.4372565708
316 -0.4348351879
360 -0.4325274374
405 -0.4318691828
451 -0.4255804844
499 -0.4200351551
527 -0.4190341147
576 -0.4142225833
626 -0.4127485887
677 -0.4047692533
729 -0.3974867708
786 -0.3926419161
845 -0.3902815860
906 -0.3862163211
969 -0.3846853447
1034 -0.3748827155
1097 -0.3727699646
1163 -0.3692924733
1235 -0.3586962596
1310 -0.3572111826
1390 -0.3525807005
1471 -0.3416286100
1534 -0.3409750449
1616 -0.3329524984
1699 -0.3321744068
1719 -0.3268547709
1804 -0.3228016899
1890 -0.3198831586
1904 -0.3138376290
1991 -0.3111834990
2081 -0.3109765894
2156 -0.3052741053
2251 -0.3047042213
19721870 -0.4945729582
evaluations raw_y
1 -0.5119443160
4 -0.5001503814
9 -0.4830244706
12 -0.4780264302
14 -0.4772054752
18 -0.4767253552
23 -0.4681610306
30 -0.4668994744
38 -0.4634199198
45 -0.4607883895
54 -0.4558568909
64 -0.4484281543
77 -0.4458831210
84 -0.4450812800
99 -0.4413947212
119 -0.4401416176
141 -0.4378621692
165 -0.4340980763
190 -0.4287131975
217 -0.4280171467
245 -0.4234940943
274 -0.4142592069
280 -0.4098940212
301 -0.4097676157
321 -0.4044479799
355 -0.3995344105
390 -0.3928478037
426 -0.3866831420
464 -0.3786867090
507 -0.3779456916
554 -0.3776038625
602 -0.3770741198
644 -0.3727221386
695 -0.3647428031
748 -0.3617638742
806 -0.3571376795
865 -0.3547773493
926 -0.3544533110
979 -0.3536910133
1044 -0.3490588137
1113 -0.3424134885
1190 -0.3407025930
1218 -0.3397015526
1296 -0.3353798210
1297 -0.3316583575
1377 -0.3270278754
1461 -0.3269708126
1552 -0.3216116168
1644 -0.3111229347
1739 -0.3105530507
7686 -0.3090244028
20299 -0.3082231561
20394 -0.3076532721
11016632 -0.3067199722
19730595 -0.4942930423
evaluations raw_y
1 -0.4978650864
4 -0.4902133501
6 -0.4659348647
13 -0.4588170088
20 -0.4541220812
28 -0.4506425267
40 -0.4404076402
54 -0.4374146585
69 -0.4352726769
85 -0.4337511386
102 -0.4298038313
120 -0.4291109799
139 -0.4267695245
159 -0.4214498887
181 -0.4190872678
204 -0.4168821534
228 -0.4114913710
254 -0.4109143381
282 -0.4107333261
316 -0.4034835172
353 -0.4007935354
371 -0.3905567429
411 -0.3840314727
454 -0.3832904553
498 -0.3809827048
543 -0.3775424156
593 -0.3760684211
644 -0.3680890856
698 -0.3631882495
755 -0.3629221096
813 -0.3582959149
872 -0.3570286539
933 -0.3529633890
996 -0.3508506381
1061 -0.3486922989
1124 -0.3471613224
1192 -0.3393485046
1261 -0.3327031793
1334 -0.3288245498
1409 -0.3231220657
1486 -0.3214111702
1514 -0.3204101298
1602 -0.3170754208
1698 -0.3158348872
1760 -0.3152183049
3454 -0.3133117951
3517 -0.3126582300
3605 -0.3107872108
3701 -0.3095466771
3763 -0.3089300949
5623 -0.3057095541
5720 -0.3057011690
19727001 -0.5009914056
evaluations raw_y
1 -0.4711925132
2 -0.4656910572
15 -0.4652109372
20 -0.4622551037
34 -0.4592621221
49 -0.4568980347
66 -0.4565664607
84 -0.4555184995
89 -0.4549597162
109 -0.4546798003
133 -0.4540455558
159 -0.4534685229
160 -0.4529976956
188 -0.4503809631
217 -0.4369101837
247 -0.4362207671
263 -0.4296873639
294 -0.4276243310
327 -0.4252973535
362 -0.4198691659
399 -0.4072790300
438 -0.4023250414
479 -0.3998871887
522 -0.3991461713
566 -0.3968384209
611 -0.3933981317
658 -0.3930563026
711 -0.3922940048
766 -0.3847561031
822 -0.3820898198
873 -0.3772148135
914 -0.3765483371
971 -0.3717034824
1036 -0.3685205538
1105 -0.3622325015
1176 -0.3523142030
1254 -0.3479924715
1255 -0.3442710079
1335 -0.3408437232
1416 -0.3386218427
1499 -0.3378437512
1519 -0.3325241153
1603 -0.3299620401
1695 -0.3289530283
1788 -0.3277605982
1882 -0.3265303080
1978 -0.3252897744
2040 -0.3246731921
2137 -0.3246648070
4019 -0.3242800117
4112 -0.3230875816
4207 -0.3201037821
4304 -0.3200953969
6401 -0.3191401905
6463 -0.3185236082
8202 -0.3136439824
8289 -0.3109898524
8382 -0.3097974222
12548 -0.3095348486
12610 -0.3089182664
12061173 -0.3068366705
12061266 -0.3056442404
19730646 -0.4942930423
evaluations raw_y
1 -0.5441208693
2 -0.4708545946
3 -0.4590138532
13 -0.4529684910
18 -0.4444041664
24 -0.4400389806
33 -0.4387781846
44 -0.4374539809
48 -0.4369738609
61 -0.4343104853
68 -0.4335086443
84 -0.4269752411
101 -0.4266436671
125 -0.4231333293
150 -0.4177484506
171 -0.4176220451
197 -0.4170450123
224 -0.4163489615
255 -0.4115755739
290 -0.4094888431
292 -0.4061634857
328 -0.3999988240
365 -0.3882066692
404 -0.3863825290
452 -0.3808371997
480 -0.3794788864
535 -0.3727538492
591 -0.3700875659
642 -0.3652125596
683 -0.3645460832
740 -0.3597012285
798 -0.3550750337
857 -0.3527147036
919 -0.3523138895
982 -0.3516603245
1051 -0.3453722722
1123 -0.3389206408
1147 -0.3351565479
1220 -0.3312779184
1303 -0.3304998268
1323 -0.3251801909
1410 -0.3225260609
1502 -0.3215170491
1595 -0.3203246189
1689 -0.3190943288
1784 -0.3185244448
1880 -0.3172839112
1942 -0.3166673289
2039 -0.3166589438
3914 -0.3131840899
4008 -0.3119537997
4103 -0.3089700002
11945 -0.3086281578
12038 -0.3074357277
12133 -0.3068658437
14785 -0.3067457422
13930506 -0.3059804499
13930593 -0.3033263199
13930686 -0.3021338897
19726556 -0.4942930423
evaluations raw_y
1 -0.4940891565
3 -0.4847987867
14 -0.4830274077
18 -0.4828600804
23 -0.4637200101
29 -0.4614582235
37 -0.4579786689
44 -0.4553471386
57 -0.4526837630
64 -0.4518819220
79 -0.4481953632
96 -0.4478637892
116 -0.4410111339
140 -0.4358620676
166 -0.4355141106
167 -0.4306348558
195 -0.4257545305
224 -0.4254428555
230 -0.4210776698
241 -0.4207877314
243 -0.4182697515
247 -0.4177896315
268 -0.4176632261
299 -0.4156001931
334 -0.4002575411
371 -0.3993950301
389 -0.3891582376
427 -0.3824598744
466 -0.3775058858
506 -0.3709806156
550 -0.3686728651
595 -0.3652325759
642 -0.3566053700
690 -0.3510600407
739 -0.3462485093
789 -0.3447745147
843 -0.3398736786
904 -0.3358084137
979 -0.3301059295
1056 -0.3283950340
1084 -0.3273939937
1162 -0.3188799713
1245 -0.3181018797
1265 -0.3127822438
1349 -0.3102201686
1434 -0.3061670876
1525 -0.3008078918
9443 -0.2997386221
9538 -0.2967548225
9635 -0.2967464374
19725627 -0.4972768419
evaluations raw_y
1 -0.5069930150
2 -0.4828062110
12 -0.4790847474
20 -0.4748784029
27 -0.4722468725
37 -0.4648181359
48 -0.4639942331
50 -0.4625487470
54 -0.4623814197
67 -0.4545324848
74 -0.4537306438
93 -0.4513891884
115 -0.4490265675
138 -0.4468214531
163 -0.4414365744
190 -0.4373533549
219 -0.4370416799
225 -0.4326764942
236 -0.4323865558
238 -0.4290611984
242 -0.4285810784
263 -0.4284546729
294 -0.4236812854
328 -0.4163042680
366 -0.4083078351
407 -0.4058699823
451 -0.4035622319
497 -0.3972735335
544 -0.3969317044
592 -0.3913863751
620 -0.3900280617
669 -0.3852165303
719 -0.3837425357
771 -0.3764600532
827 -0.3737937699
878 -0.3689187636
919 -0.3682522872
976 -0.3634074325
1037 -0.3593421676
1099 -0.3587255854
1165 -0.3552480940
1234 -0.3489600417
1306 -0.3425084104
1330 -0.3387443174
1403 -0.3348656879
1483 -0.3314384032
1566 -0.3306603117
1586 -0.3253406758
1670 -0.3252836130
1757 -0.3226294830
1845 -0.3192947740
1937 -0.3182857622
2030 -0.3170933320
2124 -0.3158630419
2221 -0.3158546567
4189 -0.3145850398
4281 -0.3040963577
16437 -0.3023949877
16530 -0.3012025575
16624 -0.2999722674
19726589 -0.4942930423
evaluations raw_y
1 -0.5202537597
3 -0.5199236620
5 -0.4887090661
8 -0.4799947817
10 -0.4624172714
13 -0.4563719092
16 -0.4538227228
20 -0.4536553955
26 -0.4492902097
33 -0.4484883687
42 -0.4472275727
52 -0.4397988361
63 -0.4395088977
67 -0.4390287777
82 -0.4351201132
98 -0.4335985748
115 -0.4332670008
134 -0.4309255454
155 -0.4307991399
177 -0.4285196915
201 -0.4218674662
234 -0.4198981251
269 -0.4178113943
271 -0.4144860368
309 -0.4077876736
354 -0.4043473844
402 -0.4038176417
444 -0.3994656605
445 -0.3957441969
494 -0.3909326654
544 -0.3894586709
596 -0.3821761884
649 -0.3783964413
703 -0.3734956052
758 -0.3681867293
819 -0.3641214644
881 -0.3637206504
944 -0.3630670853
1008 -0.3626524399
1085 -0.3609415444
1113 -0.3599405040
1193 -0.3565132194
1274 -0.3542913389
1337 -0.3521785880
1420 -0.3514004964
1440 -0.3460808606
1524 -0.3460237978
1609 -0.3419707167
1695 -0.3390521855
1709 -0.3330066559
1798 -0.3320025235
1879 -0.3210504331
1942 -0.3203968680
2030 -0.3185258487
2124 -0.3172955585
2220 -0.3160550249
2282 -0.3154384427
5788 -0.3144563033
5875 -0.3118021733
5968 -0.3106097431
6063 -0.3100398592
6159 -0.3087993256
6221 -0.3081827433
12432 -0.3059058303
12525 -0.3047134001
12622 -0.3047050150
19716873 -0.4942930423
