evaluations raw_y
1 -343.0000000000
7 -327.0000000000
36 -326.0000000000
45 -325.0000000000
50 -319.0000000000
59 -313.0000000000
67 -312.0000000000
69 -309.0000000000
70 -304.0000000000
81 -301.0000000000
88 -298.0000000000
106 -294.0000000000
117 -293.0000000000
127 -292.0000000000
129 -291.0000000000
134 -290.0000000000
143 -287.0000000000
151 -286.0000000000
159 -285.0000000000
163 -284.0000000000
171 -283.0000000000
185 -282.0000000000
199 -280.0000000000
215 -279.0000000000
229 -278.0000000000
245 -277.0000000000
253 -276.0000000000
257 -275.0000000000
267 -274.0000000000
285 -273.0000000000
293 -272.0000000000
302 -271.0000000000
309 -270.0000000000
318 -269.0000000000
320 -267.0000000000
346 -266.0000000000
348 -265.0000000000
359 -264.0000000000
362 -263.0000000000
385 -262.0000000000
395 -261.0000000000
406 -260.0000000000
411 -259.0000000000
448 -258.0000000000
461 -257.0000000000
500 -256.0000000000
513 -255.0000000000
528 -254.0000000000
529 -253.0000000000
560 -252.0000000000
569 -251.0000000000
571 -250.0000000000
588 -249.0000000000
593 -246.0000000000
609 -245.0000000000
615 -244.0000000000
622 -241.0000000000
632 -240.0000000000
658 -239.0000000000
662 -237.0000000000
667 -236.0000000000
678 -235.0000000000
688 -234.0000000000
710 -233.0000000000
739 -232.0000000000
769 -231.0000000000
780 -230.0000000000
793 -229.0000000000
816 -228.0000000000
829 -227.0000000000
843 -226.0000000000
852 -223.0000000000
871 -222.0000000000
894 -221.0000000000
901 -219.0000000000
952 -218.0000000000
972 -217.0000000000
988 -216.0000000000
1005 -214.0000000000
1036 -213.0000000000
1038 -212.0000000000
1048 -211.0000000000
1066 -210.0000000000
1068 -209.0000000000
1086 -208.0000000000
1105 -207.0000000000
1135 -206.0000000000
1145 -205.0000000000
1159 -204.0000000000
1163 -203.0000000000
1183 -202.0000000000
1193 -201.0000000000
1199 -200.0000000000
1219 -199.0000000000
1222 -197.0000000000
1239 -196.0000000000
1263 -195.0000000000
1280 -193.0000000000
1283 -192.0000000000
1357 -191.0000000000
1381 -190.0000000000
1387 -189.0000000000
1410 -187.0000000000
1434 -186.0000000000
1462 -185.0000000000
1466 -184.0000000000
1470 -182.0000000000
1489 -181.0000000000
1513 -179.0000000000
1522 -178.0000000000
1533 -177.0000000000
1564 -176.0000000000
1575 -175.0000000000
1585 -172.0000000000
1589 -171.0000000000
1619 -170.0000000000
1625 -169.0000000000
1633 -168.0000000000
1643 -167.0000000000
1677 -166.0000000000
1700 -164.0000000000
1718 -163.0000000000
1743 -162.0000000000
1754 -161.0000000000
1774 -160.0000000000
1781 -159.0000000000
1805 -158.0000000000
1819 -157.0000000000
1852 -155.0000000000
1862 -154.0000000000
1900 -153.0000000000
1918 -152.0000000000
1958 -151.0000000000
1961 -150.0000000000
1983 -149.0000000000
1992 -148.0000000000
2014 -147.0000000000
2031 -146.0000000000
2053 -145.0000000000
2069 -144.0000000000
2091 -143.0000000000
2100 -142.0000000000
2116 -141.0000000000
2129 -140.0000000000
2167 -139.0000000000
2187 -138.0000000000
2214 -137.0000000000
2233 -136.0000000000
2268 -135.0000000000
2296 -134.0000000000
2342 -133.0000000000
2367 -131.0000000000
2398 -130.0000000000
2411 -129.0000000000
2431 -128.0000000000
2432 -126.0000000000
2466 -125.0000000000
2492 -124.0000000000
2504 -123.0000000000
2509 -122.0000000000
2541 -121.0000000000
2562 -120.0000000000
2582 -119.0000000000
2605 -118.0000000000
2610 -117.0000000000
2642 -115.0000000000
2673 -114.0000000000
2701 -113.0000000000
2736 -112.0000000000
2755 -111.0000000000
2780 -110.0000000000
2810 -109.0000000000
2861 -108.0000000000
2895 -107.0000000000
2912 -106.0000000000
2928 -105.0000000000
2949 -104.0000000000
2982 -103.0000000000
3014 -102.0000000000
3027 -101.0000000000
3030 -100.0000000000
3073 -99.0000000000
3098 -98.0000000000
3107 -97.0000000000
3143 -96.0000000000
3160 -95.0000000000
3184 -94.0000000000
3191 -92.0000000000
3336 -91.0000000000
3349 -90.0000000000
3362 -89.0000000000
3401 -88.0000000000
3436 -87.0000000000
3438 -86.0000000000
3460 -85.0000000000
3507 -84.0000000000
3516 -83.0000000000
3544 -82.0000000000
3578 -81.0000000000
3581 -80.0000000000
3618 -79.0000000000
3619 -77.0000000000
3655 -76.0000000000
3672 -75.0000000000
3755 -74.0000000000
3806 -73.0000000000
3851 -72.0000000000
3854 -71.0000000000
3917 -70.0000000000
3957 -69.0000000000
3978 -68.0000000000
3990 -67.0000000000
4009 -66.0000000000
4023 -64.0000000000
4064 -63.0000000000
4110 -62.0000000000
4125 -61.0000000000
4152 -60.0000000000
4184 -59.0000000000
4208 -58.0000000000
4241 -57.0000000000
4274 -56.0000000000
4302 -55.0000000000
4369 -54.0000000000
4401 -53.0000000000
4423 -52.0000000000
4443 -51.0000000000
4458 -50.0000000000
4462 -48.0000000000
4486 -47.0000000000
4536 -46.0000000000
4609 -45.0000000000
4661 -44.0000000000
4677 -43.0000000000
4713 -42.0000000000
4745 -41.0000000000
4788 -40.0000000000
4815 -38.0000000000
4846 -37.0000000000
4949 -36.0000000000
5076 -35.0000000000
5129 -34.0000000000
5182 -33.0000000000
5231 -32.0000000000
5280 -31.0000000000
5286 -30.0000000000
5364 -29.0000000000
5395 -28.0000000000
5481 -27.0000000000
5720 -26.0000000000
5732 -25.0000000000
5753 -24.0000000000
5785 -23.0000000000
6022 -22.0000000000
6069 -21.0000000000
6144 -20.0000000000
6189 -19.0000000000
6298 -18.0000000000
6444 -17.0000000000
6530 -15.0000000000
6572 -14.0000000000
6638 -13.0000000000
6698 -12.0000000000
6831 -11.0000000000
7143 -10.0000000000
7178 -9.0000000000
7358 -8.0000000000
7402 -7.0000000000
7476 -6.0000000000
7506 -5.0000000000
7554 -4.0000000000
7705 -3.0000000000
7885 -2.0000000000
8006 -1.0000000000
8111 595.0000000000
8536 614.0000000000
9041 615.0000000000
9097 619.0000000000
9098 626.0000000000
9119 632.0000000000
10010 632.0000000000
evaluations raw_y
1 -347.0000000000
19 -342.0000000000
24 -338.0000000000
31 -337.0000000000
32 -336.0000000000
36 -327.0000000000
40 -325.0000000000
41 -322.0000000000
54 -317.0000000000
55 -315.0000000000
65 -314.0000000000
74 -313.0000000000
79 -311.0000000000
82 -310.0000000000
83 -309.0000000000
89 -308.0000000000
90 -307.0000000000
98 -304.0000000000
116 -303.0000000000
122 -302.0000000000
128 -301.0000000000
138 -298.0000000000
166 -297.0000000000
179 -296.0000000000
202 -295.0000000000
215 -294.0000000000
223 -293.0000000000
226 -291.0000000000
272 -290.0000000000
277 -289.0000000000
287 -288.0000000000
295 -287.0000000000
305 -286.0000000000
324 -285.0000000000
345 -284.0000000000
348 -283.0000000000
375 -282.0000000000
385 -281.0000000000
386 -280.0000000000
391 -279.0000000000
421 -278.0000000000
427 -277.0000000000
444 -275.0000000000
471 -274.0000000000
496 -273.0000000000
503 -272.0000000000
516 -270.0000000000
534 -267.0000000000
545 -266.0000000000
555 -264.0000000000
583 -263.0000000000
594 -262.0000000000
609 -261.0000000000
611 -260.0000000000
618 -259.0000000000
621 -258.0000000000
649 -257.0000000000
655 -256.0000000000
684 -255.0000000000
689 -254.0000000000
699 -253.0000000000
723 -252.0000000000
743 -251.0000000000
749 -250.0000000000
753 -249.0000000000
772 -248.0000000000
779 -246.0000000000
789 -245.0000000000
800 -243.0000000000
843 -242.0000000000
850 -241.0000000000
870 -240.0000000000
889 -238.0000000000
915 -237.0000000000
918 -236.0000000000
941 -235.0000000000
956 -234.0000000000
982 -233.0000000000
983 -232.0000000000
990 -231.0000000000
1003 -230.0000000000
1024 -229.0000000000
1030 -228.0000000000
1036 -227.0000000000
1044 -226.0000000000
1054 -225.0000000000
1068 -224.0000000000
1070 -223.0000000000
1078 -222.0000000000
1086 -221.0000000000
1101 -220.0000000000
1116 -219.0000000000
1147 -218.0000000000
1154 -217.0000000000
1182 -216.0000000000
1188 -215.0000000000
1204 -214.0000000000
1229 -213.0000000000
1246 -212.0000000000
1253 -211.0000000000
1257 -210.0000000000
1272 -209.0000000000
1284 -208.0000000000
1292 -207.0000000000
1309 -206.0000000000
1345 -205.0000000000
1361 -204.0000000000
1389 -203.0000000000
1413 -202.0000000000
1432 -201.0000000000
1468 -200.0000000000
1474 -199.0000000000
1495 -198.0000000000
1507 -197.0000000000
1515 -196.0000000000
1521 -195.0000000000
1550 -194.0000000000
1559 -193.0000000000
1576 -192.0000000000
1611 -191.0000000000
1634 -189.0000000000
1679 -187.0000000000
1713 -186.0000000000
1718 -185.0000000000
1723 -184.0000000000
1746 -182.0000000000
1767 -181.0000000000
1783 -180.0000000000
1802 -179.0000000000
1805 -178.0000000000
1824 -177.0000000000
1840 -176.0000000000
1842 -174.0000000000
1871 -173.0000000000
1903 -172.0000000000
1916 -171.0000000000
1933 -170.0000000000
1965 -169.0000000000
1993 -168.0000000000
2026 -167.0000000000
2042 -166.0000000000
2073 -165.0000000000
2085 -164.0000000000
2094 -163.0000000000
2100 -162.0000000000
2123 -160.0000000000
2140 -158.0000000000
2169 -156.0000000000
2193 -155.0000000000
2214 -153.0000000000
2251 -152.0000000000
2259 -151.0000000000
2282 -150.0000000000
2298 -149.0000000000
2329 -148.0000000000
2378 -147.0000000000
2387 -146.0000000000
2410 -145.0000000000
2438 -144.0000000000
2460 -143.0000000000
2477 -142.0000000000
2505 -141.0000000000
2522 -140.0000000000
2565 -139.0000000000
2619 -138.0000000000
2626 -137.0000000000
2644 -136.0000000000
2716 -135.0000000000
2753 -134.0000000000
2762 -133.0000000000
2771 -132.0000000000
2822 -130.0000000000
2929 -129.0000000000
2945 -128.0000000000
2968 -127.0000000000
2986 -126.0000000000
2998 -125.0000000000
3020 -124.0000000000
3054 -123.0000000000
3063 -122.0000000000
3090 -121.0000000000
3100 -120.0000000000
3128 -119.0000000000
3142 -118.0000000000
3165 -117.0000000000
3172 -116.0000000000
3182 -115.0000000000
3232 -113.0000000000
3273 -111.0000000000
3308 -110.0000000000
3352 -109.0000000000
3435 -108.0000000000
3473 -106.0000000000
3518 -105.0000000000
3543 -104.0000000000
3559 -102.0000000000
3580 -101.0000000000
3587 -100.0000000000
3595 -99.0000000000
3605 -98.0000000000
3618 -97.0000000000
3632 -96.0000000000
3642 -95.0000000000
3664 -94.0000000000
3672 -93.0000000000
3678 -92.0000000000
3704 -91.0000000000
3712 -90.0000000000
3760 -89.0000000000
3797 -88.0000000000
3825 -86.0000000000
3854 -85.0000000000
3874 -84.0000000000
3899 -83.0000000000
3914 -82.0000000000
3930 -81.0000000000
3958 -79.0000000000
3991 -78.0000000000
4018 -77.0000000000
4046 -76.0000000000
4089 -75.0000000000
4105 -74.0000000000
4137 -73.0000000000
4163 -72.0000000000
4174 -71.0000000000
4194 -70.0000000000
4219 -69.0000000000
4255 -68.0000000000
4284 -67.0000000000
4329 -66.0000000000
4376 -65.0000000000
4397 -64.0000000000
4434 -62.0000000000
4460 -61.0000000000
4543 -60.0000000000
4607 -59.0000000000
4632 -58.0000000000
4640 -57.0000000000
4679 -55.0000000000
4754 -54.0000000000
4784 -52.0000000000
4837 -51.0000000000
4845 -50.0000000000
4862 -48.0000000000
4892 -47.0000000000
4916 -46.0000000000
4970 -45.0000000000
4998 -44.0000000000
5072 -43.0000000000
5152 -42.0000000000
5190 -41.0000000000
5266 -40.0000000000
5302 -39.0000000000
5360 -38.0000000000
5407 -37.0000000000
5537 -36.0000000000
5558 -35.0000000000
5573 -34.0000000000
5590 -33.0000000000
5632 -32.0000000000
5645 -31.0000000000
5733 -30.0000000000
5754 -29.0000000000
5809 -28.0000000000
5839 -27.0000000000
5878 -26.0000000000
5895 -25.0000000000
5970 -24.0000000000
6067 -23.0000000000
6198 -22.0000000000
6340 -21.0000000000
6358 -20.0000000000
6438 -19.0000000000
6446 -18.0000000000
6515 -17.0000000000
6556 -16.0000000000
6586 -15.0000000000
6629 -14.0000000000
6694 -13.0000000000
6710 -12.0000000000
6757 -11.0000000000
6829 -10.0000000000
6976 -9.0000000000
7051 -8.0000000000
7064 -7.0000000000
7082 -6.0000000000
7124 -5.0000000000
7183 -4.0000000000
7254 -3.0000000000
7331 -2.0000000000
7333 -1.0000000000
7401 599.0000000000
7580 606.0000000000
7850 611.0000000000
8838 617.0000000000
10010 -1.0000000000
evaluations raw_y
1 -345.0000000000
9 -329.0000000000
42 -325.0000000000
53 -323.0000000000
56 -321.0000000000
57 -316.0000000000
61 -314.0000000000
75 -310.0000000000
80 -307.0000000000
90 -304.0000000000
98 -299.0000000000
123 -297.0000000000
129 -296.0000000000
135 -295.0000000000
140 -294.0000000000
151 -293.0000000000
155 -292.0000000000
165 -290.0000000000
175 -289.0000000000
177 -288.0000000000
179 -287.0000000000
195 -286.0000000000
198 -285.0000000000
218 -284.0000000000
237 -283.0000000000
241 -282.0000000000
244 -279.0000000000
274 -278.0000000000
291 -277.0000000000
307 -276.0000000000
319 -275.0000000000
321 -274.0000000000
329 -273.0000000000
341 -272.0000000000
353 -271.0000000000
354 -269.0000000000
384 -268.0000000000
402 -266.0000000000
409 -265.0000000000
422 -264.0000000000
428 -263.0000000000
434 -262.0000000000
441 -261.0000000000
457 -260.0000000000
463 -259.0000000000
482 -258.0000000000
494 -257.0000000000
505 -256.0000000000
508 -255.0000000000
516 -254.0000000000
527 -252.0000000000
555 -251.0000000000
565 -250.0000000000
575 -247.0000000000
606 -246.0000000000
624 -245.0000000000
655 -244.0000000000
663 -243.0000000000
670 -242.0000000000
720 -241.0000000000
723 -240.0000000000
734 -238.0000000000
791 -237.0000000000
805 -236.0000000000
812 -235.0000000000
814 -234.0000000000
824 -233.0000000000
839 -232.0000000000
847 -231.0000000000
855 -230.0000000000
857 -229.0000000000
860 -228.0000000000
875 -227.0000000000
884 -225.0000000000
897 -222.0000000000
921 -221.0000000000
946 -220.0000000000
949 -219.0000000000
989 -218.0000000000
1013 -217.0000000000
1019 -216.0000000000
1021 -215.0000000000
1028 -213.0000000000
1050 -212.0000000000
1055 -211.0000000000
1060 -210.0000000000
1075 -209.0000000000
1088 -207.0000000000
1111 -206.0000000000
1132 -205.0000000000
1151 -204.0000000000
1164 -203.0000000000
1166 -201.0000000000
1183 -200.0000000000
1204 -199.0000000000
1213 -198.0000000000
1228 -197.0000000000
1258 -196.0000000000
1308 -195.0000000000
1332 -194.0000000000
1339 -193.0000000000
1356 -190.0000000000
1380 -188.0000000000
1415 -187.0000000000
1416 -186.0000000000
1424 -185.0000000000
1452 -184.0000000000
1458 -183.0000000000
1478 -182.0000000000
1482 -181.0000000000
1502 -180.0000000000
1504 -179.0000000000
1516 -178.0000000000
1530 -177.0000000000
1532 -176.0000000000
1558 -175.0000000000
1563 -174.0000000000
1579 -173.0000000000
1586 -172.0000000000
1606 -171.0000000000
1612 -170.0000000000
1624 -169.0000000000
1626 -168.0000000000
1642 -167.0000000000
1699 -166.0000000000
1711 -165.0000000000
1722 -164.0000000000
1726 -163.0000000000
1745 -162.0000000000
1770 -161.0000000000
1798 -160.0000000000
1829 -159.0000000000
1847 -158.0000000000
1870 -157.0000000000
1902 -155.0000000000
1924 -154.0000000000
1943 -153.0000000000
1956 -152.0000000000
1993 -151.0000000000
2041 -150.0000000000
2061 -149.0000000000
2062 -148.0000000000
2078 -146.0000000000
2129 -145.0000000000
2170 -144.0000000000
2198 -143.0000000000
2240 -142.0000000000
2253 -141.0000000000
2297 -140.0000000000
2356 -139.0000000000
2376 -138.0000000000
2406 -137.0000000000
2468 -136.0000000000
2518 -135.0000000000
2536 -134.0000000000
2547 -132.0000000000
2604 -131.0000000000
2643 -130.0000000000
2671 -129.0000000000
2676 -128.0000000000
2739 -127.0000000000
2751 -126.0000000000
2769 -125.0000000000
2778 -124.0000000000
2791 -123.0000000000
2806 -122.0000000000
2829 -121.0000000000
2853 -120.0000000000
2871 -119.0000000000
2873 -118.0000000000
2913 -117.0000000000
2927 -116.0000000000
2949 -115.0000000000
2989 -114.0000000000
3001 -113.0000000000
3011 -112.0000000000
3035 -110.0000000000
3048 -109.0000000000
3077 -108.0000000000
3098 -107.0000000000
3113 -106.0000000000
3164 -105.0000000000
3170 -104.0000000000
3177 -103.0000000000
3181 -102.0000000000
3208 -101.0000000000
3263 -100.0000000000
3288 -99.0000000000
3297 -98.0000000000
3319 -97.0000000000
3356 -96.0000000000
3391 -95.0000000000
3411 -94.0000000000
3445 -93.0000000000
3488 -92.0000000000
3499 -91.0000000000
3502 -90.0000000000
3539 -89.0000000000
3563 -88.0000000000
3583 -87.0000000000
3597 -86.0000000000
3626 -85.0000000000
3628 -84.0000000000
3739 -83.0000000000
3772 -82.0000000000
3846 -81.0000000000
3857 -80.0000000000
3862 -79.0000000000
3943 -78.0000000000
3986 -77.0000000000
4019 -76.0000000000
4025 -75.0000000000
4041 -73.0000000000
4087 -72.0000000000
4110 -71.0000000000
4125 -70.0000000000
4180 -69.0000000000
4200 -68.0000000000
4228 -67.0000000000
4233 -66.0000000000
4267 -65.0000000000
4270 -64.0000000000
4301 -63.0000000000
4338 -62.0000000000
4381 -61.0000000000
4420 -60.0000000000
4449 -59.0000000000
4469 -58.0000000000
4546 -57.0000000000
4573 -56.0000000000
4605 -55.0000000000
4623 -54.0000000000
4627 -53.0000000000
4648 -52.0000000000
4661 -51.0000000000
4699 -50.0000000000
4775 -49.0000000000
4782 -48.0000000000
4851 -47.0000000000
4866 -46.0000000000
4886 -45.0000000000
4919 -44.0000000000
4930 -43.0000000000
5018 -42.0000000000
5025 -41.0000000000
5062 -40.0000000000
5075 -39.0000000000
5092 -38.0000000000
5123 -37.0000000000
5152 -36.0000000000
5180 -35.0000000000
5232 -34.0000000000
5294 -33.0000000000
5296 -32.0000000000
5402 -31.0000000000
5459 -30.0000000000
5505 -29.0000000000
5581 -28.0000000000
5667 -27.0000000000
5751 -26.0000000000
5807 -25.0000000000
5841 -24.0000000000
5977 -23.0000000000
6016 -22.0000000000
6084 -21.0000000000
6115 -20.0000000000
6363 -19.0000000000
6406 -18.0000000000
6437 -17.0000000000
6537 -16.0000000000
6645 -15.0000000000
6693 -14.0000000000
6775 -13.0000000000
6864 -12.0000000000
6890 -11.0000000000
6914 -10.0000000000
7089 -9.0000000000
7093 -8.0000000000
7122 -7.0000000000
7276 -6.0000000000
7396 -5.0000000000
7571 -4.0000000000
7723 -3.0000000000
8041 -2.0000000000
8372 -1.0000000000
8428 590.0000000000
8592 596.0000000000
10010 596.0000000000
evaluations raw_y
1 -359.0000000000
19 -346.0000000000
49 -342.0000000000
50 -338.0000000000
65 -336.0000000000
67 -335.0000000000
69 -330.0000000000
75 -327.0000000000
92 -326.0000000000
100 -323.0000000000
115 -321.0000000000
127 -319.0000000000
149 -310.0000000000
173 -307.0000000000
191 -305.0000000000
197 -304.0000000000
203 -303.0000000000
219 -299.0000000000
231 -298.0000000000
251 -297.0000000000
262 -296.0000000000
266 -295.0000000000
281 -294.0000000000
285 -293.0000000000
304 -292.0000000000
327 -291.0000000000
339 -290.0000000000
351 -289.0000000000
362 -288.0000000000
363 -287.0000000000
372 -286.0000000000
377 -285.0000000000
399 -284.0000000000
403 -283.0000000000
425 -281.0000000000
437 -280.0000000000
453 -278.0000000000
461 -277.0000000000
462 -276.0000000000
471 -275.0000000000
476 -274.0000000000
495 -273.0000000000
507 -272.0000000000
508 -271.0000000000
510 -269.0000000000
528 -268.0000000000
546 -267.0000000000
564 -266.0000000000
594 -265.0000000000
612 -264.0000000000
629 -263.0000000000
634 -262.0000000000
637 -261.0000000000
640 -260.0000000000
652 -259.0000000000
675 -258.0000000000
680 -257.0000000000
687 -255.0000000000
699 -254.0000000000
711 -253.0000000000
724 -252.0000000000
730 -250.0000000000
742 -249.0000000000
754 -248.0000000000
771 -247.0000000000
774 -246.0000000000
797 -245.0000000000
799 -244.0000000000
817 -243.0000000000
818 -242.0000000000
852 -241.0000000000
859 -240.0000000000
869 -239.0000000000
897 -238.0000000000
937 -236.0000000000
951 -235.0000000000
978 -234.0000000000
998 -233.0000000000
1013 -231.0000000000
1026 -229.0000000000
1035 -228.0000000000
1061 -227.0000000000
1066 -226.0000000000
1085 -225.0000000000
1089 -224.0000000000
1110 -223.0000000000
1112 -222.0000000000
1140 -220.0000000000
1164 -218.0000000000
1170 -216.0000000000
1185 -215.0000000000
1209 -214.0000000000
1224 -213.0000000000
1241 -212.0000000000
1247 -210.0000000000
1271 -209.0000000000
1290 -208.0000000000
1302 -207.0000000000
1312 -206.0000000000
1338 -205.0000000000
1348 -204.0000000000
1350 -203.0000000000
1398 -202.0000000000
1419 -201.0000000000
1422 -200.0000000000
1450 -199.0000000000
1460 -197.0000000000
1487 -196.0000000000
1508 -195.0000000000
1525 -194.0000000000
1542 -193.0000000000
1552 -192.0000000000
1556 -191.0000000000
1563 -190.0000000000
1601 -188.0000000000
1627 -187.0000000000
1634 -186.0000000000
1645 -185.0000000000
1662 -184.0000000000
1698 -183.0000000000
1717 -182.0000000000
1718 -181.0000000000
1741 -180.0000000000
1745 -179.0000000000
1769 -178.0000000000
1798 -177.0000000000
1806 -176.0000000000
1833 -175.0000000000
1837 -174.0000000000
1864 -173.0000000000
1884 -171.0000000000
1915 -170.0000000000
1928 -169.0000000000
1953 -168.0000000000
1964 -167.0000000000
2007 -166.0000000000
2025 -165.0000000000
2034 -164.0000000000
2053 -163.0000000000
2064 -162.0000000000
2102 -161.0000000000
2107 -160.0000000000
2129 -159.0000000000
2130 -158.0000000000
2140 -157.0000000000
2150 -156.0000000000
2158 -154.0000000000
2191 -153.0000000000
2209 -152.0000000000
2228 -151.0000000000
2238 -150.0000000000
2314 -149.0000000000
2320 -148.0000000000
2338 -146.0000000000
2362 -145.0000000000
2383 -144.0000000000
2407 -143.0000000000
2422 -142.0000000000
2438 -141.0000000000
2452 -140.0000000000
2468 -139.0000000000
2485 -138.0000000000
2499 -137.0000000000
2518 -136.0000000000
2520 -135.0000000000
2542 -134.0000000000
2563 -133.0000000000
2583 -132.0000000000
2593 -131.0000000000
2599 -130.0000000000
2623 -129.0000000000
2624 -128.0000000000
2632 -127.0000000000
2655 -126.0000000000
2690 -125.0000000000
2730 -124.0000000000
2732 -123.0000000000
2744 -122.0000000000
2755 -121.0000000000
2789 -120.0000000000
2812 -119.0000000000
2844 -118.0000000000
2881 -117.0000000000
2928 -116.0000000000
2941 -115.0000000000
2961 -114.0000000000
2990 -113.0000000000
2999 -112.0000000000
3025 -111.0000000000
3034 -110.0000000000
3062 -109.0000000000
3070 -108.0000000000
3129 -107.0000000000
3165 -106.0000000000
3173 -105.0000000000
3212 -104.0000000000
3248 -103.0000000000
3290 -102.0000000000
3297 -101.0000000000
3330 -100.0000000000
3350 -99.0000000000
3382 -98.0000000000
3390 -97.0000000000
3415 -95.0000000000
3438 -94.0000000000
3460 -93.0000000000
3480 -92.0000000000
3499 -91.0000000000
3535 -90.0000000000
3550 -89.0000000000
3551 -88.0000000000
3576 -87.0000000000
3613 -86.0000000000
3624 -85.0000000000
3662 -83.0000000000
3706 -82.0000000000
3752 -80.0000000000
3782 -79.0000000000
3838 -78.0000000000
3875 -77.0000000000
3898 -76.0000000000
3926 -75.0000000000
3939 -74.0000000000
3960 -73.0000000000
3966 -72.0000000000
3977 -70.0000000000
4005 -69.0000000000
4009 -68.0000000000
4045 -67.0000000000
4107 -66.0000000000
4154 -65.0000000000
4182 -64.0000000000
4243 -63.0000000000
4285 -62.0000000000
4295 -61.0000000000
4355 -60.0000000000
4440 -59.0000000000
4506 -58.0000000000
4530 -57.0000000000
4567 -56.0000000000
4618 -55.0000000000
4741 -53.0000000000
4806 -52.0000000000
4838 -51.0000000000
4884 -50.0000000000
4904 -49.0000000000
4951 -48.0000000000
5014 -47.0000000000
5032 -46.0000000000
5159 -45.0000000000
5184 -44.0000000000
5216 -43.0000000000
5251 -42.0000000000
5290 -41.0000000000
5309 -40.0000000000
5331 -39.0000000000
5428 -38.0000000000
5465 -37.0000000000
5488 -36.0000000000
5494 -35.0000000000
5523 -34.0000000000
5528 -32.0000000000
5581 -31.0000000000
5600 -30.0000000000
5622 -29.0000000000
5633 -28.0000000000
5740 -27.0000000000
5830 -26.0000000000
5885 -25.0000000000
6035 -24.0000000000
6065 -23.0000000000
6077 -22.0000000000
6123 -21.0000000000
6155 -20.0000000000
6189 -19.0000000000
6298 -18.0000000000
6368 -17.0000000000
6394 -16.0000000000
6414 -15.0000000000
6474 -14.0000000000
6641 -13.0000000000
6697 -12.0000000000
6736 -11.0000000000
6968 -10.0000000000
6996 -9.0000000000
7182 -8.0000000000
7220 -7.0000000000
7293 -6.0000000000
7397 -5.0000000000
8076 -4.0000000000
8402 -3.0000000000
8452 -2.0000000000
8456 -1.0000000000
8485 617.0000000000
10010 617.0000000000
evaluations raw_y
1 -350.0000000000
5 -344.0000000000
15 -342.0000000000
16 -336.0000000000
22 -333.0000000000
24 -330.0000000000
26 -328.0000000000
32 -327.0000000000
35 -324.0000000000
46 -318.0000000000
55 -313.0000000000
69 -310.0000000000
71 -309.0000000000
79 -305.0000000000
82 -302.0000000000
94 -301.0000000000
99 -300.0000000000
103 -297.0000000000
123 -295.0000000000
138 -293.0000000000
152 -292.0000000000
159 -291.0000000000
167 -290.0000000000
175 -289.0000000000
180 -288.0000000000
186 -287.0000000000
189 -286.0000000000
196 -285.0000000000
205 -284.0000000000
211 -283.0000000000
220 -282.0000000000
227 -281.0000000000
233 -279.0000000000
244 -278.0000000000
246 -277.0000000000
287 -276.0000000000
311 -274.0000000000
324 -273.0000000000
343 -272.0000000000
350 -271.0000000000
357 -270.0000000000
370 -268.0000000000
388 -267.0000000000
405 -266.0000000000
417 -265.0000000000
448 -264.0000000000
457 -263.0000000000
484 -262.0000000000
495 -261.0000000000
496 -260.0000000000
524 -259.0000000000
527 -258.0000000000
533 -257.0000000000
557 -256.0000000000
588 -255.0000000000
593 -254.0000000000
602 -253.0000000000
634 -252.0000000000
639 -250.0000000000
648 -249.0000000000
667 -248.0000000000
671 -247.0000000000
690 -246.0000000000
718 -245.0000000000
727 -243.0000000000
739 -242.0000000000
742 -241.0000000000
774 -240.0000000000
783 -239.0000000000
802 -238.0000000000
839 -237.0000000000
864 -236.0000000000
876 -235.0000000000
897 -234.0000000000
911 -232.0000000000
917 -231.0000000000
932 -230.0000000000
954 -229.0000000000
962 -228.0000000000
963 -227.0000000000
974 -226.0000000000
997 -223.0000000000
1033 -222.0000000000
1042 -221.0000000000
1043 -220.0000000000
1054 -218.0000000000
1078 -217.0000000000
1087 -216.0000000000
1100 -215.0000000000
1106 -214.0000000000
1107 -213.0000000000
1129 -212.0000000000
1135 -211.0000000000
1156 -210.0000000000
1175 -209.0000000000
1189 -208.0000000000
1202 -207.0000000000
1213 -206.0000000000
1227 -205.0000000000
1244 -204.0000000000
1272 -202.0000000000
1274 -201.0000000000
1332 -200.0000000000
1345 -199.0000000000
1349 -198.0000000000
1371 -197.0000000000
1395 -195.0000000000
1404 -193.0000000000
1438 -190.0000000000
1461 -189.0000000000
1464 -187.0000000000
1488 -185.0000000000
1508 -184.0000000000
1516 -182.0000000000
1554 -181.0000000000
1555 -180.0000000000
1567 -179.0000000000
1590 -178.0000000000
1618 -177.0000000000
1648 -176.0000000000
1665 -175.0000000000
1685 -174.0000000000
1708 -173.0000000000
1719 -171.0000000000
1770 -170.0000000000
1773 -169.0000000000
1799 -168.0000000000
1809 -167.0000000000
1829 -166.0000000000
1852 -165.0000000000
1868 -164.0000000000
1873 -163.0000000000
1893 -161.0000000000
1909 -160.0000000000
1925 -159.0000000000
1940 -158.0000000000
1948 -157.0000000000
1967 -156.0000000000
1993 -155.0000000000
2019 -154.0000000000
2037 -153.0000000000
2039 -152.0000000000
2053 -151.0000000000
2069 -150.0000000000
2078 -149.0000000000
2100 -148.0000000000
2107 -147.0000000000
2117 -146.0000000000
2149 -145.0000000000
2174 -144.0000000000
2189 -143.0000000000
2233 -142.0000000000
2252 -141.0000000000
2259 -140.0000000000
2289 -139.0000000000
2309 -138.0000000000
2315 -137.0000000000
2353 -135.0000000000
2364 -134.0000000000
2375 -133.0000000000
2394 -132.0000000000
2413 -131.0000000000
2426 -128.0000000000
2434 -127.0000000000
2453 -126.0000000000
2466 -125.0000000000
2467 -124.0000000000
2468 -123.0000000000
2516 -122.0000000000
2553 -120.0000000000
2574 -119.0000000000
2604 -118.0000000000
2619 -117.0000000000
2637 -116.0000000000
2646 -115.0000000000
2667 -113.0000000000
2690 -111.0000000000
2697 -110.0000000000
2726 -109.0000000000
2733 -108.0000000000
2751 -107.0000000000
2762 -105.0000000000
2850 -103.0000000000
2885 -101.0000000000
2917 -100.0000000000
2937 -99.0000000000
2953 -98.0000000000
2997 -97.0000000000
3028 -96.0000000000
3049 -95.0000000000
3065 -94.0000000000
3079 -93.0000000000
3104 -92.0000000000
3135 -91.0000000000
3152 -90.0000000000
3185 -89.0000000000
3189 -88.0000000000
3216 -87.0000000000
3232 -86.0000000000
3251 -85.0000000000
3276 -83.0000000000
3311 -82.0000000000
3338 -81.0000000000
3358 -80.0000000000
3376 -79.0000000000
3377 -78.0000000000
3447 -77.0000000000
3471 -76.0000000000
3522 -75.0000000000
3562 -74.0000000000
3573 -73.0000000000
3709 -72.0000000000
3762 -71.0000000000
3777 -70.0000000000
3800 -69.0000000000
3827 -68.0000000000
3844 -66.0000000000
3870 -65.0000000000
3901 -64.0000000000
3930 -63.0000000000
3959 -62.0000000000
3978 -61.0000000000
3992 -60.0000000000
4042 -59.0000000000
4137 -58.0000000000
4174 -57.0000000000
4202 -56.0000000000
4263 -55.0000000000
4277 -54.0000000000
4307 -53.0000000000
4334 -52.0000000000
4343 -51.0000000000
4385 -50.0000000000
4403 -49.0000000000
4454 -48.0000000000
4475 -47.0000000000
4586 -46.0000000000
4643 -45.0000000000
4768 -44.0000000000
4812 -43.0000000000
4855 -42.0000000000
4890 -41.0000000000
4949 -40.0000000000
5009 -39.0000000000
5048 -38.0000000000
5075 -37.0000000000
5122 -36.0000000000
5132 -35.0000000000
5287 -34.0000000000
5307 -33.0000000000
5326 -32.0000000000
5402 -31.0000000000
5429 -30.0000000000
5460 -29.0000000000
5539 -28.0000000000
5674 -27.0000000000
5714 -26.0000000000
5726 -25.0000000000
5741 -23.0000000000
5849 -22.0000000000
5883 -21.0000000000
5959 -20.0000000000
6193 -19.0000000000
6206 -18.0000000000
6240 -17.0000000000
6265 -16.0000000000
6313 -15.0000000000
6322 -14.0000000000
6889 -13.0000000000
6923 -12.0000000000
6979 -11.0000000000
7083 -10.0000000000
7134 -9.0000000000
7150 -8.0000000000
7313 -7.0000000000
7346 -6.0000000000
7414 -5.0000000000
7784 -4.0000000000
7831 -3.0000000000
8377 -2.0000000000
8537 -1.0000000000
8665 585.0000000000
8801 589.0000000000
9926 602.0000000000
10010 -1.0000000000
evaluations raw_y
1 -361.0000000000
6 -343.0000000000
29 -340.0000000000
37 -336.0000000000
45 -323.0000000000
53 -322.0000000000
54 -320.0000000000
69 -318.0000000000
83 -310.0000000000
85 -308.0000000000
89 -304.0000000000
109 -302.0000000000
121 -300.0000000000
123 -291.0000000000
146 -288.0000000000
154 -287.0000000000
159 -286.0000000000
167 -285.0000000000
172 -283.0000000000
177 -281.0000000000
187 -279.0000000000
198 -278.0000000000
212 -277.0000000000
225 -276.0000000000
230 -275.0000000000
240 -274.0000000000
244 -273.0000000000
266 -272.0000000000
277 -271.0000000000
278 -270.0000000000
300 -269.0000000000
306 -267.0000000000
308 -266.0000000000
317 -265.0000000000
340 -264.0000000000
367 -263.0000000000
371 -262.0000000000
380 -261.0000000000
385 -260.0000000000
401 -258.0000000000
411 -257.0000000000
421 -255.0000000000
433 -254.0000000000
440 -253.0000000000
451 -252.0000000000
463 -251.0000000000
478 -250.0000000000
493 -249.0000000000
515 -248.0000000000
528 -247.0000000000
529 -246.0000000000
548 -245.0000000000
550 -242.0000000000
565 -240.0000000000
596 -239.0000000000
613 -238.0000000000
625 -237.0000000000
637 -236.0000000000
645 -235.0000000000
664 -233.0000000000
677 -232.0000000000
681 -231.0000000000
691 -230.0000000000
718 -229.0000000000
735 -228.0000000000
747 -227.0000000000
769 -226.0000000000
771 -225.0000000000
796 -224.0000000000
809 -223.0000000000
818 -222.0000000000
832 -221.0000000000
838 -220.0000000000
858 -218.0000000000
863 -217.0000000000
880 -216.0000000000
897 -215.0000000000
902 -214.0000000000
918 -213.0000000000
931 -212.0000000000
946 -211.0000000000
974 -210.0000000000
996 -209.0000000000
1006 -208.0000000000
1038 -207.0000000000
1040 -206.0000000000
1065 -205.0000000000
1068 -204.0000000000
1099 -203.0000000000
1100 -202.0000000000
1118 -201.0000000000
1142 -200.0000000000
1160 -199.0000000000
1182 -197.0000000000
1200 -195.0000000000
1215 -194.0000000000
1241 -193.0000000000
1257 -191.0000000000
1291 -190.0000000000
1305 -188.0000000000
1320 -186.0000000000
1342 -185.0000000000
1362 -184.0000000000
1371 -182.0000000000
1396 -181.0000000000
1400 -180.0000000000
1456 -179.0000000000
1483 -178.0000000000
1496 -176.0000000000
1528 -175.0000000000
1551 -174.0000000000
1553 -173.0000000000
1578 -172.0000000000
1584 -171.0000000000
1631 -170.0000000000
1645 -169.0000000000
1691 -168.0000000000
1723 -166.0000000000
1766 -165.0000000000
1777 -164.0000000000
1801 -163.0000000000
1813 -162.0000000000
1819 -161.0000000000
1872 -160.0000000000
1879 -159.0000000000
1893 -158.0000000000
1900 -157.0000000000
1923 -156.0000000000
1947 -155.0000000000
1957 -154.0000000000
1969 -153.0000000000
1981 -152.0000000000
1997 -151.0000000000
2011 -150.0000000000
2049 -149.0000000000
2068 -148.0000000000
2080 -147.0000000000
2100 -145.0000000000
2107 -143.0000000000
2136 -142.0000000000
2148 -140.0000000000
2166 -139.0000000000
2178 -138.0000000000
2196 -137.0000000000
2204 -136.0000000000
2229 -135.0000000000
2240 -134.0000000000
2280 -133.0000000000
2297 -132.0000000000
2314 -131.0000000000
2317 -130.0000000000
2374 -129.0000000000
2385 -128.0000000000
2414 -127.0000000000
2426 -125.0000000000
2467 -124.0000000000
2500 -122.0000000000
2547 -120.0000000000
2563 -119.0000000000
2578 -118.0000000000
2589 -117.0000000000
2608 -116.0000000000
2648 -115.0000000000
2707 -114.0000000000
2736 -113.0000000000
2752 -112.0000000000
2791 -111.0000000000
2795 -110.0000000000
2806 -109.0000000000
2829 -108.0000000000
2868 -107.0000000000
2887 -105.0000000000
2902 -103.0000000000
2987 -102.0000000000
3033 -101.0000000000
3088 -100.0000000000
3109 -99.0000000000
3144 -98.0000000000
3165 -97.0000000000
3185 -96.0000000000
3211 -95.0000000000
3223 -94.0000000000
3243 -93.0000000000
3247 -92.0000000000
3260 -91.0000000000
3275 -90.0000000000
3301 -89.0000000000
3304 -88.0000000000
3312 -87.0000000000
3331 -86.0000000000
3368 -85.0000000000
3407 -84.0000000000
3426 -83.0000000000
3466 -82.0000000000
3500 -81.0000000000
3519 -80.0000000000
3545 -79.0000000000
3571 -78.0000000000
3593 -77.0000000000
3658 -76.0000000000
3662 -75.0000000000
3710 -74.0000000000
3733 -73.0000000000
3766 -72.0000000000
3794 -71.0000000000
3811 -70.0000000000
3861 -69.0000000000
3923 -68.0000000000
3971 -66.0000000000
4032 -64.0000000000
4072 -63.0000000000
4106 -62.0000000000
4133 -61.0000000000
4144 -60.0000000000
4157 -59.0000000000
4229 -58.0000000000
4275 -57.0000000000
4302 -55.0000000000
4305 -54.0000000000
4359 -53.0000000000
4379 -52.0000000000
4433 -51.0000000000
4563 -50.0000000000
4639 -49.0000000000
4661 -48.0000000000
4692 -47.0000000000
4704 -46.0000000000
4770 -45.0000000000
4802 -44.0000000000
4884 -43.0000000000
4946 -42.0000000000
4995 -41.0000000000
5042 -40.0000000000
5063 -39.0000000000
5098 -38.0000000000
5229 -37.0000000000
5242 -36.0000000000
5342 -34.0000000000
5414 -33.0000000000
5536 -32.0000000000
5578 -31.0000000000
5632 -30.0000000000
5636 -29.0000000000
5688 -28.0000000000
5787 -27.0000000000
5801 -26.0000000000
5869 -25.0000000000
5894 -24.0000000000
5932 -23.0000000000
6036 -22.0000000000
6104 -21.0000000000
6139 -20.0000000000
6183 -19.0000000000
6286 -18.0000000000
6335 -17.0000000000
6494 -16.0000000000
6532 -15.0000000000
6622 -14.0000000000
6678 -13.0000000000
6820 -12.0000000000
6872 -11.0000000000
6965 -10.0000000000
7106 -9.0000000000
7181 -8.0000000000
7503 -7.0000000000
7567 -6.0000000000
7639 -5.0000000000
7717 -4.0000000000
7770 -3.0000000000
8394 -2.0000000000
8444 -1.0000000000
8807 574.0000000000
9296 575.0000000000
9333 600.0000000000
9540 605.0000000000
10010 -1.0000000000
evaluations raw_y
1 -369.0000000000
3 -368.0000000000
8 -357.0000000000
10 -350.0000000000
28 -349.0000000000
38 -340.0000000000
44 -337.0000000000
45 -336.0000000000
49 -334.0000000000
50 -331.0000000000
58 -330.0000000000
61 -329.0000000000
68 -328.0000000000
69 -326.0000000000
80 -325.0000000000
91 -323.0000000000
97 -319.0000000000
103 -317.0000000000
116 -315.0000000000
125 -310.0000000000
140 -309.0000000000
153 -308.0000000000
159 -306.0000000000
168 -305.0000000000
170 -304.0000000000
173 -303.0000000000
175 -302.0000000000
202 -301.0000000000
207 -300.0000000000
211 -298.0000000000
219 -297.0000000000
222 -295.0000000000
230 -294.0000000000
242 -292.0000000000
253 -291.0000000000
254 -290.0000000000
268 -289.0000000000
270 -288.0000000000
292 -285.0000000000
302 -284.0000000000
311 -283.0000000000
323 -281.0000000000
357 -280.0000000000
371 -279.0000000000
384 -278.0000000000
403 -277.0000000000
422 -275.0000000000
439 -274.0000000000
456 -272.0000000000
476 -271.0000000000
479 -270.0000000000
485 -269.0000000000
503 -268.0000000000
507 -267.0000000000
526 -266.0000000000
532 -265.0000000000
550 -264.0000000000
555 -262.0000000000
568 -261.0000000000
579 -260.0000000000
586 -259.0000000000
598 -258.0000000000
611 -257.0000000000
638 -256.0000000000
653 -255.0000000000
669 -254.0000000000
680 -253.0000000000
708 -252.0000000000
714 -251.0000000000
719 -250.0000000000
741 -249.0000000000
756 -248.0000000000
758 -246.0000000000
784 -245.0000000000
785 -244.0000000000
799 -241.0000000000
812 -240.0000000000
825 -239.0000000000
833 -238.0000000000
843 -237.0000000000
869 -236.0000000000
874 -235.0000000000
893 -234.0000000000
908 -233.0000000000
913 -232.0000000000
929 -231.0000000000
937 -230.0000000000
953 -229.0000000000
959 -226.0000000000
989 -224.0000000000
1003 -222.0000000000
1027 -221.0000000000
1031 -220.0000000000
1049 -219.0000000000
1060 -218.0000000000
1068 -217.0000000000
1069 -216.0000000000
1081 -215.0000000000
1089 -212.0000000000
1128 -211.0000000000
1138 -210.0000000000
1144 -209.0000000000
1146 -208.0000000000
1183 -207.0000000000
1188 -206.0000000000
1199 -205.0000000000
1226 -204.0000000000
1227 -203.0000000000
1244 -201.0000000000
1296 -200.0000000000
1310 -199.0000000000
1360 -198.0000000000
1375 -197.0000000000
1391 -196.0000000000
1402 -195.0000000000
1416 -194.0000000000
1431 -191.0000000000
1483 -190.0000000000
1502 -188.0000000000
1507 -185.0000000000
1540 -183.0000000000
1554 -182.0000000000
1561 -181.0000000000
1572 -180.0000000000
1586 -179.0000000000
1602 -178.0000000000
1614 -177.0000000000
1636 -176.0000000000
1649 -175.0000000000
1678 -174.0000000000
1694 -173.0000000000
1719 -172.0000000000
1725 -171.0000000000
1726 -170.0000000000
1748 -169.0000000000
1758 -168.0000000000
1777 -167.0000000000
1808 -166.0000000000
1815 -165.0000000000
1831 -164.0000000000
1868 -163.0000000000
1874 -162.0000000000
1886 -160.0000000000
1901 -159.0000000000
1917 -158.0000000000
1918 -157.0000000000
1932 -156.0000000000
1956 -155.0000000000
1979 -154.0000000000
1999 -152.0000000000
2010 -151.0000000000
2027 -150.0000000000
2043 -149.0000000000
2051 -148.0000000000
2114 -147.0000000000
2127 -146.0000000000
2150 -145.0000000000
2183 -144.0000000000
2192 -142.0000000000
2213 -141.0000000000
2236 -140.0000000000
2242 -139.0000000000
2251 -138.0000000000
2270 -137.0000000000
2291 -136.0000000000
2293 -135.0000000000
2331 -134.0000000000
2357 -133.0000000000
2376 -132.0000000000
2395 -131.0000000000
2420 -130.0000000000
2433 -129.0000000000
2444 -128.0000000000
2464 -127.0000000000
2466 -126.0000000000
2471 -125.0000000000
2488 -124.0000000000
2506 -121.0000000000
2547 -119.0000000000
2558 -117.0000000000
2599 -116.0000000000
2611 -115.0000000000
2623 -114.0000000000
2664 -113.0000000000
2678 -112.0000000000
2708 -111.0000000000
2727 -110.0000000000
2766 -109.0000000000
2788 -108.0000000000
2801 -107.0000000000
2822 -106.0000000000
2849 -105.0000000000
2854 -104.0000000000
2880 -103.0000000000
2930 -102.0000000000
2953 -101.0000000000
2973 -100.0000000000
2977 -99.0000000000
2987 -98.0000000000
2992 -97.0000000000
3039 -96.0000000000
3061 -95.0000000000
3111 -94.0000000000
3144 -93.0000000000
3185 -92.0000000000
3197 -91.0000000000
3231 -90.0000000000
3257 -89.0000000000
3310 -88.0000000000
3330 -87.0000000000
3399 -86.0000000000
3475 -85.0000000000
3513 -84.0000000000
3523 -83.0000000000
3545 -82.0000000000
3592 -81.0000000000
3606 -80.0000000000
3633 -79.0000000000
3679 -78.0000000000
3708 -77.0000000000
3732 -76.0000000000
3766 -75.0000000000
3802 -74.0000000000
3856 -73.0000000000
3907 -72.0000000000
3941 -71.0000000000
3942 -70.0000000000
3974 -69.0000000000
3998 -68.0000000000
4043 -67.0000000000
4049 -66.0000000000
4081 -65.0000000000
4098 -64.0000000000
4108 -63.0000000000
4207 -62.0000000000
4268 -61.0000000000
4276 -60.0000000000
4299 -59.0000000000
4323 -58.0000000000
4353 -57.0000000000
4367 -56.0000000000
4411 -55.0000000000
4422 -54.0000000000
4464 -53.0000000000
4470 -52.0000000000
4499 -51.0000000000
4522 -50.0000000000
4541 -49.0000000000
4562 -48.0000000000
4576 -47.0000000000
4607 -46.0000000000
4634 -45.0000000000
4673 -43.0000000000
4755 -42.0000000000
4831 -41.0000000000
4845 -40.0000000000
4886 -39.0000000000
4945 -38.0000000000
5042 -37.0000000000
5129 -36.0000000000
5368 -35.0000000000
5486 -33.0000000000
5670 -32.0000000000
5730 -31.0000000000
5775 -30.0000000000
5863 -29.0000000000
5890 -28.0000000000
6048 -27.0000000000
6060 -26.0000000000
6141 -25.0000000000
6183 -24.0000000000
6249 -23.0000000000
6269 -22.0000000000
6289 -21.0000000000
6331 -20.0000000000
6550 -19.0000000000
6576 -18.0000000000
6976 -17.0000000000
7120 -16.0000000000
7238 -15.0000000000
7318 -14.0000000000
7327 -13.0000000000
7410 -12.0000000000
7478 -11.0000000000
7493 -10.0000000000
7690 -9.0000000000
7695 -8.0000000000
7961 -7.0000000000
8287 -6.0000000000
8386 -5.0000000000
8559 -4.0000000000
8649 -3.0000000000
8735 -2.0000000000
8922 -1.0000000000
9370 607.0000000000
10010 -1.0000000000
evaluations raw_y
1 -375.0000000000
2 -370.0000000000
3 -368.0000000000
5 -346.0000000000
35 -337.0000000000
49 -335.0000000000
57 -329.0000000000
84 -326.0000000000
97 -325.0000000000
99 -321.0000000000
107 -320.0000000000
108 -319.0000000000
115 -315.0000000000
125 -313.0000000000
131 -311.0000000000
154 -310.0000000000
156 -309.0000000000
171 -307.0000000000
184 -306.0000000000
187 -303.0000000000
240 -302.0000000000
246 -301.0000000000
252 -300.0000000000
280 -299.0000000000
293 -298.0000000000
301 -297.0000000000
311 -296.0000000000
317 -295.0000000000
337 -294.0000000000
343 -293.0000000000
347 -291.0000000000
359 -290.0000000000
365 -288.0000000000
390 -286.0000000000
407 -285.0000000000
414 -283.0000000000
424 -282.0000000000
435 -281.0000000000
462 -280.0000000000
469 -279.0000000000
471 -278.0000000000
489 -277.0000000000
510 -276.0000000000
542 -275.0000000000
555 -274.0000000000
561 -272.0000000000
573 -271.0000000000
585 -270.0000000000
588 -268.0000000000
604 -267.0000000000
615 -266.0000000000
625 -264.0000000000
644 -263.0000000000
664 -262.0000000000
668 -260.0000000000
688 -259.0000000000
699 -258.0000000000
712 -257.0000000000
724 -256.0000000000
754 -255.0000000000
760 -254.0000000000
782 -253.0000000000
788 -252.0000000000
798 -251.0000000000
803 -250.0000000000
818 -249.0000000000
830 -247.0000000000
844 -245.0000000000
876 -244.0000000000
879 -243.0000000000
900 -242.0000000000
903 -241.0000000000
917 -240.0000000000
932 -239.0000000000
949 -238.0000000000
970 -237.0000000000
991 -236.0000000000
1000 -235.0000000000
1018 -233.0000000000
1021 -232.0000000000
1048 -230.0000000000
1082 -227.0000000000
1102 -226.0000000000
1130 -225.0000000000
1141 -223.0000000000
1157 -221.0000000000
1173 -220.0000000000
1178 -219.0000000000
1199 -218.0000000000
1218 -217.0000000000
1238 -216.0000000000
1243 -215.0000000000
1269 -214.0000000000
1272 -213.0000000000
1288 -212.0000000000
1302 -211.0000000000
1322 -210.0000000000
1330 -209.0000000000
1335 -208.0000000000
1344 -207.0000000000
1367 -205.0000000000
1387 -204.0000000000
1407 -203.0000000000
1417 -202.0000000000
1424 -200.0000000000
1437 -199.0000000000
1454 -198.0000000000
1464 -197.0000000000
1474 -196.0000000000
1492 -194.0000000000
1514 -193.0000000000
1515 -192.0000000000
1533 -191.0000000000
1569 -190.0000000000
1593 -189.0000000000
1598 -188.0000000000
1630 -187.0000000000
1641 -186.0000000000
1668 -185.0000000000
1672 -183.0000000000
1685 -182.0000000000
1694 -181.0000000000
1706 -180.0000000000
1708 -179.0000000000
1727 -178.0000000000
1748 -177.0000000000
1756 -176.0000000000
1764 -175.0000000000
1810 -173.0000000000
1829 -171.0000000000
1848 -170.0000000000
1865 -168.0000000000
1882 -167.0000000000
1893 -165.0000000000
1913 -164.0000000000
1918 -163.0000000000
1932 -162.0000000000
1937 -160.0000000000
1953 -159.0000000000
1963 -158.0000000000
1979 -157.0000000000
1990 -156.0000000000
1998 -155.0000000000
2007 -154.0000000000
2039 -153.0000000000
2069 -152.0000000000
2082 -151.0000000000
2094 -150.0000000000
2122 -149.0000000000
2132 -147.0000000000
2152 -145.0000000000
2167 -143.0000000000
2190 -142.0000000000
2194 -141.0000000000
2200 -140.0000000000
2223 -139.0000000000
2244 -138.0000000000
2259 -137.0000000000
2270 -136.0000000000
2292 -135.0000000000
2335 -134.0000000000
2337 -133.0000000000
2370 -132.0000000000
2391 -131.0000000000
2404 -130.0000000000
2448 -129.0000000000
2480 -128.0000000000
2533 -127.0000000000
2549 -126.0000000000
2595 -125.0000000000
2608 -124.0000000000
2703 -123.0000000000
2734 -122.0000000000
2754 -121.0000000000
2768 -119.0000000000
2780 -118.0000000000
2814 -117.0000000000
2839 -116.0000000000
2861 -115.0000000000
2866 -114.0000000000
2890 -113.0000000000
2926 -111.0000000000
2954 -110.0000000000
2974 -109.0000000000
2979 -108.0000000000
3023 -107.0000000000
3027 -106.0000000000
3045 -105.0000000000
3080 -104.0000000000
3095 -103.0000000000
3107 -102.0000000000
3141 -101.0000000000
3167 -100.0000000000
3175 -99.0000000000
3182 -98.0000000000
3235 -97.0000000000
3297 -96.0000000000
3299 -95.0000000000
3313 -93.0000000000
3349 -92.0000000000
3394 -91.0000000000
3431 -90.0000000000
3440 -89.0000000000
3484 -88.0000000000
3508 -87.0000000000
3552 -86.0000000000
3647 -85.0000000000
3698 -84.0000000000
3716 -83.0000000000
3719 -82.0000000000
3742 -81.0000000000
3782 -80.0000000000
3785 -79.0000000000
3825 -78.0000000000
3856 -77.0000000000
3889 -76.0000000000
3915 -75.0000000000
3928 -74.0000000000
3954 -73.0000000000
3989 -72.0000000000
4005 -71.0000000000
4019 -70.0000000000
4057 -69.0000000000
4064 -68.0000000000
4072 -67.0000000000
4108 -66.0000000000
4163 -65.0000000000
4182 -64.0000000000
4226 -63.0000000000
4359 -62.0000000000
4383 -61.0000000000
4454 -60.0000000000
4470 -59.0000000000
4500 -58.0000000000
4522 -57.0000000000
4534 -56.0000000000
4565 -55.0000000000
4586 -54.0000000000
4628 -53.0000000000
4644 -52.0000000000
4685 -51.0000000000
4751 -50.0000000000
4776 -49.0000000000
4808 -48.0000000000
4837 -46.0000000000
4854 -45.0000000000
4897 -44.0000000000
4959 -43.0000000000
4977 -42.0000000000
5040 -41.0000000000
5096 -40.0000000000
5112 -39.0000000000
5159 -38.0000000000
5196 -37.0000000000
5272 -36.0000000000
5283 -35.0000000000
5372 -34.0000000000
5481 -33.0000000000
5497 -32.0000000000
5539 -31.0000000000
5583 -30.0000000000
5618 -29.0000000000
5642 -28.0000000000
5678 -27.0000000000
5688 -26.0000000000
5709 -25.0000000000
5757 -24.0000000000
5806 -23.0000000000
5838 -22.0000000000
5968 -21.0000000000
5986 -20.0000000000
6077 -19.0000000000
6138 -18.0000000000
6162 -17.0000000000
6294 -16.0000000000
6370 -15.0000000000
6472 -14.0000000000
6521 -13.0000000000
6567 -12.0000000000
6590 -11.0000000000
6626 -10.0000000000
6642 -9.0000000000
6693 -8.0000000000
6733 -7.0000000000
7078 -6.0000000000
7108 -5.0000000000
7235 -4.0000000000
7315 -3.0000000000
7456 -2.0000000000
8054 -1.0000000000
8161 588.0000000000
10010 588.0000000000
evaluations raw_y
1 -378.0000000000
2 -364.0000000000
3 -361.0000000000
7 -334.0000000000
36 -332.0000000000
37 -320.0000000000
50 -314.0000000000
61 -313.0000000000
73 -311.0000000000
76 -309.0000000000
83 -308.0000000000
98 -302.0000000000
121 -299.0000000000
130 -298.0000000000
138 -296.0000000000
147 -294.0000000000
148 -291.0000000000
161 -290.0000000000
174 -289.0000000000
183 -288.0000000000
186 -286.0000000000
196 -284.0000000000
215 -282.0000000000
232 -281.0000000000
246 -280.0000000000
257 -279.0000000000
269 -278.0000000000
282 -277.0000000000
293 -276.0000000000
297 -275.0000000000
315 -272.0000000000
344 -271.0000000000
356 -270.0000000000
365 -269.0000000000
373 -268.0000000000
377 -267.0000000000
408 -266.0000000000
425 -264.0000000000
443 -263.0000000000
465 -262.0000000000
469 -261.0000000000
502 -260.0000000000
505 -259.0000000000
508 -258.0000000000
526 -257.0000000000
543 -256.0000000000
555 -255.0000000000
557 -254.0000000000
581 -253.0000000000
606 -252.0000000000
612 -251.0000000000
624 -250.0000000000
633 -249.0000000000
672 -248.0000000000
674 -247.0000000000
689 -245.0000000000
718 -244.0000000000
720 -243.0000000000
742 -242.0000000000
759 -241.0000000000
771 -240.0000000000
772 -239.0000000000
790 -238.0000000000
813 -237.0000000000
822 -236.0000000000
845 -235.0000000000
861 -233.0000000000
878 -232.0000000000
886 -231.0000000000
894 -229.0000000000
904 -228.0000000000
905 -227.0000000000
923 -226.0000000000
952 -225.0000000000
966 -223.0000000000
980 -221.0000000000
996 -220.0000000000
1003 -219.0000000000
1026 -218.0000000000
1042 -217.0000000000
1056 -215.0000000000
1060 -214.0000000000
1063 -213.0000000000
1081 -212.0000000000
1083 -211.0000000000
1094 -209.0000000000
1106 -208.0000000000
1115 -207.0000000000
1141 -206.0000000000
1146 -205.0000000000
1175 -204.0000000000
1183 -203.0000000000
1218 -202.0000000000
1229 -201.0000000000
1244 -200.0000000000
1268 -199.0000000000
1272 -198.0000000000
1293 -197.0000000000
1297 -196.0000000000
1310 -195.0000000000
1313 -194.0000000000
1360 -193.0000000000
1368 -192.0000000000
1379 -191.0000000000
1413 -190.0000000000
1417 -189.0000000000
1419 -188.0000000000
1432 -186.0000000000
1447 -185.0000000000
1478 -184.0000000000
1487 -183.0000000000
1498 -182.0000000000
1525 -181.0000000000
1528 -180.0000000000
1552 -178.0000000000
1572 -176.0000000000
1602 -175.0000000000
1623 -174.0000000000
1634 -173.0000000000
1648 -172.0000000000
1668 -171.0000000000
1680 -169.0000000000
1706 -168.0000000000
1726 -167.0000000000
1783 -166.0000000000
1801 -165.0000000000
1817 -164.0000000000
1838 -163.0000000000
1849 -162.0000000000
1861 -160.0000000000
1896 -159.0000000000
1928 -158.0000000000
1966 -157.0000000000
1968 -155.0000000000
2002 -154.0000000000
2043 -153.0000000000
2047 -152.0000000000
2078 -151.0000000000
2139 -150.0000000000
2167 -149.0000000000
2196 -148.0000000000
2211 -147.0000000000
2242 -146.0000000000
2246 -145.0000000000
2258 -144.0000000000
2293 -143.0000000000
2298 -142.0000000000
2322 -141.0000000000
2334 -140.0000000000
2349 -139.0000000000
2395 -137.0000000000
2459 -136.0000000000
2477 -135.0000000000
2485 -134.0000000000
2495 -133.0000000000
2496 -132.0000000000
2510 -131.0000000000
2527 -128.0000000000
2555 -127.0000000000
2591 -126.0000000000
2607 -125.0000000000
2625 -124.0000000000
2651 -123.0000000000
2660 -122.0000000000
2662 -121.0000000000
2671 -120.0000000000
2685 -119.0000000000
2713 -118.0000000000
2718 -117.0000000000
2726 -115.0000000000
2768 -114.0000000000
2778 -113.0000000000
2844 -112.0000000000
2852 -111.0000000000
2857 -110.0000000000
2885 -109.0000000000
2943 -108.0000000000
2955 -107.0000000000
2975 -106.0000000000
3002 -105.0000000000
3024 -104.0000000000
3031 -103.0000000000
3038 -102.0000000000
3048 -101.0000000000
3064 -100.0000000000
3105 -99.0000000000
3114 -98.0000000000
3130 -97.0000000000
3159 -96.0000000000
3164 -95.0000000000
3176 -94.0000000000
3198 -93.0000000000
3209 -92.0000000000
3242 -91.0000000000
3259 -90.0000000000
3280 -89.0000000000
3312 -87.0000000000
3351 -86.0000000000
3355 -85.0000000000
3368 -84.0000000000
3390 -83.0000000000
3402 -82.0000000000
3413 -81.0000000000
3429 -80.0000000000
3439 -79.0000000000
3463 -78.0000000000
3470 -77.0000000000
3526 -76.0000000000
3575 -75.0000000000
3615 -73.0000000000
3645 -72.0000000000
3655 -71.0000000000
3691 -70.0000000000
3712 -69.0000000000
3746 -68.0000000000
3788 -67.0000000000
3790 -66.0000000000
3806 -64.0000000000
3826 -62.0000000000
3867 -61.0000000000
3882 -59.0000000000
3946 -58.0000000000
3994 -57.0000000000
4004 -56.0000000000
4035 -55.0000000000
4043 -54.0000000000
4085 -53.0000000000
4096 -52.0000000000
4122 -51.0000000000
4151 -50.0000000000
4207 -49.0000000000
4232 -48.0000000000
4267 -47.0000000000
4346 -46.0000000000
4458 -45.0000000000
4480 -44.0000000000
4572 -43.0000000000
4617 -42.0000000000
4666 -41.0000000000
4682 -40.0000000000
4691 -39.0000000000
4772 -38.0000000000
4818 -37.0000000000
4847 -36.0000000000
4874 -35.0000000000
4989 -34.0000000000
5012 -33.0000000000
5079 -32.0000000000
5155 -31.0000000000
5252 -30.0000000000
5322 -29.0000000000
5339 -28.0000000000
5416 -27.0000000000
5472 -26.0000000000
5517 -25.0000000000
5545 -24.0000000000
5585 -23.0000000000
5630 -22.0000000000
5667 -20.0000000000
5694 -19.0000000000
5757 -18.0000000000
5807 -17.0000000000
6105 -16.0000000000
6180 -15.0000000000
6287 -14.0000000000
6367 -13.0000000000
6415 -12.0000000000
6823 -11.0000000000
6884 -10.0000000000
7033 -9.0000000000
7123 -8.0000000000
7142 -7.0000000000
7175 -6.0000000000
7257 -5.0000000000
7287 -4.0000000000
7331 -3.0000000000
7588 -2.0000000000
7712 -1.0000000000
7737 590.0000000000
9140 613.0000000000
10010 613.0000000000
evaluations raw_y
1 -365.0000000000
2 -361.0000000000
8 -359.0000000000
9 -354.0000000000
16 -353.0000000000
18 -338.0000000000
26 -335.0000000000
44 -333.0000000000
45 -329.0000000000
66 -324.0000000000
73 -317.0000000000
88 -314.0000000000
97 -308.0000000000
117 -302.0000000000
142 -300.0000000000
145 -297.0000000000
166 -295.0000000000
195 -294.0000000000
201 -293.0000000000
207 -292.0000000000
212 -291.0000000000
227 -290.0000000000
232 -289.0000000000
250 -288.0000000000
270 -287.0000000000
276 -286.0000000000
283 -285.0000000000
299 -284.0000000000
301 -282.0000000000
313 -281.0000000000
320 -280.0000000000
341 -277.0000000000
366 -276.0000000000
367 -274.0000000000
380 -273.0000000000
386 -272.0000000000
401 -271.0000000000
407 -268.0000000000
450 -267.0000000000
451 -266.0000000000
460 -264.0000000000
467 -263.0000000000
478 -262.0000000000
496 -261.0000000000
502 -259.0000000000
538 -258.0000000000
551 -256.0000000000
573 -255.0000000000
588 -254.0000000000
595 -253.0000000000
615 -252.0000000000
624 -251.0000000000
643 -250.0000000000
651 -249.0000000000
673 -248.0000000000
690 -247.0000000000
705 -246.0000000000
714 -243.0000000000
730 -242.0000000000
748 -241.0000000000
756 -240.0000000000
787 -239.0000000000
822 -238.0000000000
835 -237.0000000000
851 -236.0000000000
872 -235.0000000000
876 -233.0000000000
899 -232.0000000000
903 -231.0000000000
909 -230.0000000000
925 -229.0000000000
947 -228.0000000000
960 -227.0000000000
973 -226.0000000000
999 -223.0000000000
1033 -222.0000000000
1042 -221.0000000000
1064 -220.0000000000
1096 -219.0000000000
1129 -217.0000000000
1137 -216.0000000000
1160 -215.0000000000
1163 -214.0000000000
1211 -212.0000000000
1227 -211.0000000000
1242 -210.0000000000
1255 -209.0000000000
1275 -208.0000000000
1290 -207.0000000000
1295 -206.0000000000
1309 -205.0000000000
1310 -204.0000000000
1345 -203.0000000000
1355 -202.0000000000
1365 -201.0000000000
1398 -200.0000000000
1408 -199.0000000000
1421 -198.0000000000
1434 -197.0000000000
1441 -196.0000000000
1466 -194.0000000000
1493 -193.0000000000
1503 -192.0000000000
1534 -191.0000000000
1536 -190.0000000000
1553 -189.0000000000
1569 -187.0000000000
1597 -186.0000000000
1610 -185.0000000000
1632 -184.0000000000
1635 -183.0000000000
1636 -182.0000000000
1661 -179.0000000000
1687 -177.0000000000
1699 -175.0000000000
1725 -174.0000000000
1752 -173.0000000000
1769 -172.0000000000
1782 -169.0000000000
1803 -167.0000000000
1835 -166.0000000000
1853 -165.0000000000
1858 -164.0000000000
1861 -163.0000000000
1890 -161.0000000000
1899 -160.0000000000
1913 -159.0000000000
1936 -158.0000000000
1949 -157.0000000000
1969 -156.0000000000
1972 -155.0000000000
1994 -154.0000000000
2024 -153.0000000000
2047 -152.0000000000
2069 -151.0000000000
2087 -150.0000000000
2111 -149.0000000000
2151 -148.0000000000
2152 -147.0000000000
2171 -146.0000000000
2180 -145.0000000000
2197 -144.0000000000
2226 -143.0000000000
2244 -142.0000000000
2268 -141.0000000000
2271 -140.0000000000
2290 -138.0000000000
2316 -137.0000000000
2332 -136.0000000000
2357 -135.0000000000
2406 -132.0000000000
2436 -131.0000000000
2451 -130.0000000000
2480 -129.0000000000
2529 -128.0000000000
2548 -127.0000000000
2560 -126.0000000000
2603 -125.0000000000
2648 -124.0000000000
2678 -123.0000000000
2705 -122.0000000000
2720 -121.0000000000
2725 -120.0000000000
2746 -119.0000000000
2778 -118.0000000000
2812 -117.0000000000
2837 -116.0000000000
2861 -115.0000000000
2888 -114.0000000000
2919 -113.0000000000
2943 -112.0000000000
2974 -111.0000000000
3022 -110.0000000000
3056 -109.0000000000
3072 -108.0000000000
3080 -107.0000000000
3098 -105.0000000000
3117 -104.0000000000
3124 -103.0000000000
3161 -102.0000000000
3175 -101.0000000000
3188 -99.0000000000
3234 -98.0000000000
3246 -97.0000000000
3273 -96.0000000000
3330 -95.0000000000
3369 -94.0000000000
3403 -93.0000000000
3433 -92.0000000000
3458 -91.0000000000
3473 -90.0000000000
3498 -89.0000000000
3525 -88.0000000000
3543 -87.0000000000
3561 -86.0000000000
3566 -85.0000000000
3636 -84.0000000000
3651 -83.0000000000
3697 -82.0000000000
3761 -81.0000000000
3776 -80.0000000000
3818 -79.0000000000
3865 -78.0000000000
3896 -77.0000000000
3931 -76.0000000000
3939 -75.0000000000
3960 -74.0000000000
3989 -73.0000000000
4031 -72.0000000000
4056 -71.0000000000
4077 -70.0000000000
4140 -69.0000000000
4171 -68.0000000000
4185 -67.0000000000
4212 -66.0000000000
4222 -65.0000000000
4245 -64.0000000000
4268 -63.0000000000
4293 -62.0000000000
4338 -61.0000000000
4377 -60.0000000000
4400 -59.0000000000
4499 -58.0000000000
4538 -57.0000000000
4561 -56.0000000000
4581 -55.0000000000
4591 -54.0000000000
4624 -53.0000000000
4649 -52.0000000000
4657 -51.0000000000
4685 -50.0000000000
4721 -49.0000000000
4744 -48.0000000000
4767 -47.0000000000
4798 -46.0000000000
4866 -45.0000000000
4906 -44.0000000000
4949 -43.0000000000
5010 -42.0000000000
5026 -41.0000000000
5071 -40.0000000000
5129 -39.0000000000
5156 -38.0000000000
5184 -37.0000000000
5214 -36.0000000000
5250 -35.0000000000
5251 -34.0000000000
5270 -33.0000000000
5431 -32.0000000000
5470 -31.0000000000
5509 -30.0000000000
5539 -29.0000000000
5573 -28.0000000000
5609 -27.0000000000
5721 -26.0000000000
5765 -25.0000000000
5890 -24.0000000000
5914 -23.0000000000
5970 -22.0000000000
6073 -21.0000000000
6216 -20.0000000000
6232 -19.0000000000
6322 -18.0000000000
6384 -17.0000000000
6393 -16.0000000000
6610 -15.0000000000
6650 -14.0000000000
6712 -13.0000000000
6762 -12.0000000000
6778 -11.0000000000
6911 -10.0000000000
6954 -9.0000000000
7116 -8.0000000000
7243 -7.0000000000
7350 -6.0000000000
7371 -5.0000000000
7430 -4.0000000000
7558 -3.0000000000
7614 -2.0000000000
7619 -1.0000000000
7658 589.0000000000
7928 608.0000000000
7992 617.0000000000
10010 -1.0000000000
evaluations raw_y
1 -386.0000000000
2 -354.0000000000
10 -352.0000000000
33 -343.0000000000
40 -342.0000000000
42 -336.0000000000
45 -334.0000000000
54 -332.0000000000
66 -330.0000000000
67 -329.0000000000
75 -328.0000000000
76 -323.0000000000
92 -320.0000000000
103 -319.0000000000
113 -318.0000000000
122 -317.0000000000
131 -315.0000000000
138 -314.0000000000
148 -312.0000000000
151 -311.0000000000
161 -310.0000000000
167 -309.0000000000
176 -307.0000000000
189 -306.0000000000
198 -305.0000000000
202 -304.0000000000
219 -303.0000000000
226 -302.0000000000
229 -301.0000000000
246 -300.0000000000
253 -299.0000000000
271 -298.0000000000
281 -297.0000000000
290 -296.0000000000
296 -295.0000000000
321 -293.0000000000
348 -292.0000000000
354 -291.0000000000
370 -289.0000000000
386 -288.0000000000
392 -286.0000000000
406 -285.0000000000
412 -284.0000000000
432 -283.0000000000
442 -282.0000000000
444 -281.0000000000
473 -279.0000000000
485 -278.0000000000
519 -277.0000000000
532 -276.0000000000
546 -275.0000000000
562 -274.0000000000
598 -273.0000000000
608 -272.0000000000
612 -271.0000000000
634 -270.0000000000
637 -269.0000000000
657 -267.0000000000
683 -266.0000000000
695 -264.0000000000
717 -263.0000000000
722 -262.0000000000
728 -261.0000000000
744 -259.0000000000
770 -258.0000000000
780 -257.0000000000
796 -256.0000000000
825 -255.0000000000
841 -254.0000000000
845 -253.0000000000
847 -252.0000000000
860 -251.0000000000
876 -249.0000000000
903 -248.0000000000
926 -247.0000000000
930 -246.0000000000
973 -244.0000000000
986 -243.0000000000
989 -242.0000000000
1009 -240.0000000000
1026 -237.0000000000
1049 -236.0000000000
1083 -234.0000000000
1105 -233.0000000000
1118 -231.0000000000
1134 -230.0000000000
1149 -229.0000000000
1160 -228.0000000000
1170 -226.0000000000
1193 -225.0000000000
1222 -224.0000000000
1233 -223.0000000000
1247 -221.0000000000
1255 -219.0000000000
1298 -218.0000000000
1313 -217.0000000000
1332 -215.0000000000
1358 -214.0000000000
1385 -213.0000000000
1406 -212.0000000000
1435 -211.0000000000
1439 -210.0000000000
1456 -209.0000000000
1489 -207.0000000000
1521 -205.0000000000
1527 -204.0000000000
1553 -203.0000000000
1572 -202.0000000000
1588 -201.0000000000
1607 -200.0000000000
1626 -199.0000000000
1631 -198.0000000000
1663 -196.0000000000
1666 -195.0000000000
1673 -194.0000000000
1677 -193.0000000000
1695 -192.0000000000
1721 -191.0000000000
1736 -190.0000000000
1746 -188.0000000000
1767 -187.0000000000
1778 -186.0000000000
1806 -185.0000000000
1823 -183.0000000000
1828 -182.0000000000
1843 -181.0000000000
1875 -179.0000000000
1884 -178.0000000000
1903 -177.0000000000
1922 -176.0000000000
1935 -174.0000000000
1940 -173.0000000000
1953 -172.0000000000
1972 -171.0000000000
1994 -170.0000000000
1998 -169.0000000000
2016 -168.0000000000
2040 -166.0000000000
2041 -165.0000000000
2043 -164.0000000000
2066 -163.0000000000
2093 -162.0000000000
2112 -161.0000000000
2119 -160.0000000000
2123 -159.0000000000
2153 -157.0000000000
2180 -155.0000000000
2213 -154.0000000000
2256 -153.0000000000
2274 -152.0000000000
2280 -150.0000000000
2303 -149.0000000000
2330 -148.0000000000
2340 -147.0000000000
2355 -146.0000000000
2387 -145.0000000000
2411 -143.0000000000
2449 -142.0000000000
2456 -141.0000000000
2479 -140.0000000000
2494 -139.0000000000
2510 -138.0000000000
2521 -137.0000000000
2524 -136.0000000000
2532 -135.0000000000
2534 -134.0000000000
2578 -133.0000000000
2584 -132.0000000000
2622 -131.0000000000
2648 -130.0000000000
2657 -128.0000000000
2696 -127.0000000000
2699 -126.0000000000
2737 -125.0000000000
2743 -124.0000000000
2769 -123.0000000000
2791 -122.0000000000
2802 -120.0000000000
2858 -119.0000000000
2871 -118.0000000000
2898 -117.0000000000
2925 -116.0000000000
2956 -115.0000000000
2978 -114.0000000000
3000 -113.0000000000
3022 -111.0000000000
3069 -110.0000000000
3107 -109.0000000000
3118 -108.0000000000
3169 -107.0000000000
3186 -106.0000000000
3198 -105.0000000000
3227 -104.0000000000
3242 -103.0000000000
3266 -102.0000000000
3268 -101.0000000000
3275 -100.0000000000
3300 -99.0000000000
3339 -98.0000000000
3350 -96.0000000000
3388 -95.0000000000
3438 -94.0000000000
3466 -93.0000000000
3478 -92.0000000000
3488 -91.0000000000
3499 -90.0000000000
3526 -89.0000000000
3543 -88.0000000000
3564 -87.0000000000
3582 -86.0000000000
3604 -85.0000000000
3639 -84.0000000000
3664 -83.0000000000
3684 -82.0000000000
3693 -81.0000000000
3715 -80.0000000000
3738 -79.0000000000
3780 -77.0000000000
3812 -76.0000000000
3819 -75.0000000000
3829 -74.0000000000
3839 -73.0000000000
3858 -72.0000000000
3871 -71.0000000000
3892 -70.0000000000
3907 -69.0000000000
3928 -68.0000000000
3943 -66.0000000000
4000 -65.0000000000
4112 -64.0000000000
4140 -63.0000000000
4159 -62.0000000000
4223 -61.0000000000
4273 -60.0000000000
4310 -59.0000000000
4365 -58.0000000000
4391 -57.0000000000
4406 -56.0000000000
4448 -55.0000000000
4479 -54.0000000000
4533 -53.0000000000
4534 -52.0000000000
4569 -51.0000000000
4616 -50.0000000000
4646 -49.0000000000
4658 -48.0000000000
4665 -47.0000000000
4674 -46.0000000000
4702 -45.0000000000
4745 -44.0000000000
4814 -43.0000000000
4859 -42.0000000000
4912 -41.0000000000
4935 -40.0000000000
4972 -39.0000000000
5024 -38.0000000000
5034 -37.0000000000
5064 -36.0000000000
5101 -35.0000000000
5145 -34.0000000000
5211 -33.0000000000
5256 -32.0000000000
5296 -31.0000000000
5341 -30.0000000000
5378 -29.0000000000
5410 -28.0000000000
5451 -27.0000000000
5481 -26.0000000000
5755 -25.0000000000
5806 -24.0000000000
5840 -23.0000000000
5960 -22.0000000000
5992 -21.0000000000
6012 -20.0000000000
6081 -19.0000000000
6097 -18.0000000000
6218 -17.0000000000
6255 -16.0000000000
6277 -15.0000000000
6302 -14.0000000000
6354 -13.0000000000
6424 -12.0000000000
6488 -11.0000000000
6513 -10.0000000000
6580 -9.0000000000
6650 -8.0000000000
6683 -7.0000000000
6714 -6.0000000000
6968 -5.0000000000
7025 -4.0000000000
7049 -3.0000000000
7230 -2.0000000000
7272 -1.0000000000
7373 605.0000000000
10010 605.0000000000
evaluations raw_y
1 -388.0000000000
2 -363.0000000000
6 -348.0000000000
36 -342.0000000000
37 -341.0000000000
42 -338.0000000000
52 -335.0000000000
53 -327.0000000000
58 -323.0000000000
62 -312.0000000000
78 -309.0000000000
80 -308.0000000000
86 -307.0000000000
88 -306.0000000000
95 -305.0000000000
98 -301.0000000000
108 -300.0000000000
122 -297.0000000000
133 -295.0000000000
140 -287.0000000000
171 -286.0000000000
176 -283.0000000000
198 -282.0000000000
208 -281.0000000000
215 -280.0000000000
223 -279.0000000000
272 -278.0000000000
279 -276.0000000000
333 -275.0000000000
344 -274.0000000000
368 -273.0000000000
372 -272.0000000000
394 -271.0000000000
399 -270.0000000000
400 -269.0000000000
424 -268.0000000000
439 -267.0000000000
441 -265.0000000000
454 -264.0000000000
455 -263.0000000000
473 -262.0000000000
474 -261.0000000000
478 -258.0000000000
518 -257.0000000000
522 -256.0000000000
529 -254.0000000000
550 -253.0000000000
565 -251.0000000000
584 -250.0000000000
601 -248.0000000000
622 -247.0000000000
623 -246.0000000000
645 -244.0000000000
656 -242.0000000000
675 -241.0000000000
677 -240.0000000000
685 -239.0000000000
699 -238.0000000000
708 -237.0000000000
717 -236.0000000000
733 -235.0000000000
745 -234.0000000000
746 -233.0000000000
760 -231.0000000000
776 -230.0000000000
786 -229.0000000000
792 -228.0000000000
815 -227.0000000000
846 -226.0000000000
858 -225.0000000000
887 -224.0000000000
889 -223.0000000000
902 -222.0000000000
913 -221.0000000000
920 -220.0000000000
937 -219.0000000000
972 -218.0000000000
973 -217.0000000000
987 -216.0000000000
1010 -215.0000000000
1040 -214.0000000000
1068 -212.0000000000
1084 -211.0000000000
1096 -210.0000000000
1113 -209.0000000000
1127 -208.0000000000
1137 -207.0000000000
1166 -204.0000000000
1197 -203.0000000000
1208 -202.0000000000
1233 -201.0000000000
1240 -200.0000000000
1247 -198.0000000000
1279 -197.0000000000
1295 -196.0000000000
1304 -194.0000000000
1313 -193.0000000000
1347 -192.0000000000
1378 -191.0000000000
1385 -190.0000000000
1397 -189.0000000000
1421 -188.0000000000
1431 -186.0000000000
1469 -185.0000000000
1470 -184.0000000000
1486 -183.0000000000
1506 -182.0000000000
1516 -181.0000000000
1525 -180.0000000000
1537 -179.0000000000
1550 -178.0000000000
1595 -177.0000000000
1607 -176.0000000000
1609 -175.0000000000
1610 -174.0000000000
1656 -173.0000000000
1661 -171.0000000000
1683 -169.0000000000
1705 -168.0000000000
1739 -167.0000000000
1764 -166.0000000000
1773 -165.0000000000
1790 -164.0000000000
1804 -162.0000000000
1849 -161.0000000000
1853 -160.0000000000
1887 -159.0000000000
1888 -158.0000000000
1913 -157.0000000000
1937 -156.0000000000
1978 -155.0000000000
1999 -153.0000000000
2037 -152.0000000000
2062 -151.0000000000
2072 -150.0000000000
2091 -149.0000000000
2109 -148.0000000000
2128 -147.0000000000
2155 -145.0000000000
2202 -144.0000000000
2211 -143.0000000000
2239 -142.0000000000
2283 -141.0000000000
2304 -140.0000000000
2318 -139.0000000000
2342 -138.0000000000
2379 -137.0000000000
2435 -136.0000000000
2442 -135.0000000000
2462 -134.0000000000
2513 -133.0000000000
2556 -132.0000000000
2584 -131.0000000000
2596 -130.0000000000
2612 -129.0000000000
2620 -128.0000000000
2631 -127.0000000000
2654 -126.0000000000
2677 -124.0000000000
2689 -123.0000000000
2741 -121.0000000000
2798 -120.0000000000
2806 -119.0000000000
2826 -117.0000000000
2859 -116.0000000000
2873 -115.0000000000
2900 -114.0000000000
2917 -113.0000000000
2940 -111.0000000000
2953 -110.0000000000
2968 -109.0000000000
2984 -108.0000000000
3004 -107.0000000000
3044 -106.0000000000
3078 -105.0000000000
3103 -104.0000000000
3112 -103.0000000000
3123 -102.0000000000
3160 -101.0000000000
3167 -100.0000000000
3183 -99.0000000000
3209 -98.0000000000
3275 -97.0000000000
3293 -96.0000000000
3319 -95.0000000000
3342 -94.0000000000
3382 -93.0000000000
3385 -92.0000000000
3418 -91.0000000000
3456 -90.0000000000
3490 -89.0000000000
3510 -88.0000000000
3529 -86.0000000000
3550 -85.0000000000
3588 -84.0000000000
3619 -83.0000000000
3623 -82.0000000000
3648 -81.0000000000
3695 -80.0000000000
3728 -79.0000000000
3810 -78.0000000000
3866 -77.0000000000
3867 -76.0000000000
3881 -75.0000000000
3906 -74.0000000000
3921 -73.0000000000
3945 -72.0000000000
3968 -71.0000000000
4027 -70.0000000000
4056 -69.0000000000
4087 -68.0000000000
4153 -67.0000000000
4199 -66.0000000000
4236 -65.0000000000
4271 -64.0000000000
4280 -63.0000000000
4308 -62.0000000000
4327 -61.0000000000
4374 -60.0000000000
4388 -59.0000000000
4396 -58.0000000000
4445 -57.0000000000
4461 -56.0000000000
4478 -55.0000000000
4520 -54.0000000000
4555 -53.0000000000
4687 -52.0000000000
4714 -51.0000000000
4736 -50.0000000000
4761 -49.0000000000
4802 -48.0000000000
4911 -47.0000000000
4929 -46.0000000000
4948 -45.0000000000
5031 -44.0000000000
5078 -43.0000000000
5133 -42.0000000000
5165 -41.0000000000
5181 -40.0000000000
5244 -39.0000000000
5279 -38.0000000000
5319 -37.0000000000
5350 -36.0000000000
5400 -35.0000000000
5482 -34.0000000000
5514 -33.0000000000
5548 -32.0000000000
5720 -31.0000000000
5770 -29.0000000000
5834 -28.0000000000
5855 -27.0000000000
5912 -26.0000000000
5973 -25.0000000000
6047 -24.0000000000
6103 -23.0000000000
6127 -22.0000000000
6191 -21.0000000000
6207 -20.0000000000
6357 -19.0000000000
6397 -18.0000000000
6465 -18.0000000000
