evaluations raw_y
1 674935.9562225343
2 675259.1654874999
3 675327.2488997510
4 675700.4023601906
27 675829.2199019941
33 676197.8862787489
53 676504.0304511810
55 676572.4188970254
65 677051.0814932761
67 677632.4063364336
88 678108.8354145584
103 679057.9446740091
114 679613.2444793959
121 680445.1373192392
148 680670.1928902012
149 681022.7486568470
153 681276.4619386382
166 681769.2484424813
203 682383.2197736899
226 683301.9615957127
356 683686.7374751539
358 683722.7889450074
366 683938.4845157155
386 684132.5237998337
403 684408.5407934657
407 685058.9895800242
442 686014.2944463360
489 686845.8449397025
579 687797.5499073222
734 688356.4737952587
761 688562.8860286876
853 688711.9469137574
869 689307.3645242739
897 690644.2162667629
952 691083.3770614512
990 691448.1382154804
1039 691924.8594117330
1132 691982.7022847729
1262 692248.7312524822
1294 692553.1275785072
1437 692848.7237723046
1444 693649.5896350957
1539 693916.4934488444
1738 693981.9237238568
1776 694951.0525103256
2149 695596.3698596670
2202 695664.3618492370
2310 695807.9862295071
2326 696984.7120081487
2398 696988.7626901604
2534 697493.2440529218
2563 697532.0678567349
2639 697780.9570798074
2640 698214.7142661875
2735 698309.5039398642
3394 699075.1539832865
3486 699827.2560265391
3489 699883.1363056141
3618 700055.1398749350
3873 701018.6603833821
3908 701237.9147434812
3944 701838.9284065693
4109 702422.2239683039
4378 702977.6391193699
4407 703160.4025907433
4737 704484.5092372013
4925 704844.4504647664
5189 704893.4120906129
5219 705207.6432242937
5405 705296.8733101899
5544 705589.2293325316
5677 706796.2371781016
5689 707812.7406311767
5730 707889.7006555381
5756 708642.4415532155
5833 709981.0108256460
6054 710455.4097407929
6159 711329.3940333367
6662 711439.2345731122
6853 711733.1625994242
7020 711750.7099968580
7124 711926.0395625737
7461 712709.5831809740
7640 713646.0526415966
7877 713743.6122969128
8044 714278.0181266661
8106 714515.2586046904
8177 714909.6064763987
8317 716444.2319340440
8682 717455.5528319550
8839 717490.8893945832
8883 717573.3900837163
9029 717879.5093199029
9145 718450.0674373572
9331 718538.8741540746
9406 718990.3648711753
9931 719522.2702690820
10000 713624.2140565726
evaluations raw_y
1 691935.9109932411
7 692698.7310575038
12 692923.6119966026
24 693278.9547909898
53 693598.7712428857
81 694049.8852815120
94 694261.7112591735
112 695236.7358801650
133 695257.0091133192
141 695673.6516642711
145 696258.2044418402
205 696719.7475722149
318 697324.3733567036
333 697776.3869688986
399 698214.9485101249
429 699077.3739800053
443 699537.3844268243
459 699777.5373286352
541 700778.9323880242
594 701749.4422416125
652 701966.9751924442
680 702605.3218883976
796 702628.4391397019
857 703586.9206367608
882 703594.4185135313
931 703649.9036060958
939 704171.4846577618
1006 704537.6843924235
1080 704799.5146273703
1199 705522.0927762256
1242 706150.8831976725
1294 707857.5872776335
1362 708390.6569953228
1432 708422.1381038770
1584 709001.1029326391
1614 709992.0941992485
1624 710843.5822322140
1715 711476.5077530050
1762 712011.3365611610
1854 712709.9221341955
1868 713425.4425518467
1881 714183.3331162303
2038 714252.7175779332
2093 714654.4023291674
2160 715351.1460002204
2161 715585.3496955425
2349 715623.7488816647
2415 715756.9628312520
2438 715835.2156406590
2453 716191.3063742537
2641 717269.5048304403
2852 717276.1939914944
3059 717625.0926113563
3135 717914.0259841210
3254 718240.4741498885
3387 718898.3747340610
3427 718909.0971440324
3523 719596.0646087693
3646 719796.7274913890
3685 720755.1988574312
3694 721099.2633754431
3767 721106.7229401442
4135 721301.9375413520
4238 721934.8747923702
4598 722489.0540515310
4666 723092.4116522460
4774 723593.0293316045
4819 724330.0230574138
4909 724685.6839260082
4990 725103.6560372260
5036 725818.0873596397
5322 725855.6981336139
5362 726230.1629709196
5584 726828.6307720834
5670 726963.1346755774
5899 727212.0433445123
6066 727536.6744968521
6177 728164.0382607781
6217 728693.6969586978
6271 728786.1804187080
6369 729079.5563111946
6463 729627.4639859544
6641 730859.5973221838
6695 732368.5818695729
6728 732376.0605623254
6781 733222.5135539182
6932 734164.2222934291
7080 734724.2854843107
7285 735243.8925773558
7392 736163.1138167589
7421 736508.4305489069
7424 736814.8292550112
7613 736928.2812108368
7749 737801.4339005362
7879 738464.5678223658
8241 739018.2250775404
8369 739184.3871314764
8413 739224.3926079433
8515 739952.9951386771
8526 740712.3605553133
9245 741573.7371011513
9818 741867.7775108546
9977 742348.2292420372
10000 736586.8550875616
evaluations raw_y
1 686277.1305063050
3 687030.5120038550
6 687845.9363761824
23 688081.1495819064
24 688334.3751393191
37 688403.0556927806
41 688779.3275445451
45 689274.4737465577
61 690011.0628157121
69 690231.7999498575
87 692547.1975957295
97 694095.0038441994
158 694574.7915370790
168 694672.9197860163
249 695512.2342357314
287 696446.7994954179
299 697746.3202652656
324 699051.1009282585
374 700003.8157840046
434 700249.1532807325
439 700572.8992244269
452 700592.8905118284
474 700943.4811517774
485 701903.7854553324
493 702741.8811417186
612 703482.6207024524
625 704078.0124833437
658 707050.0824546509
786 707155.6245046811
825 707208.7065348829
828 707977.5391781060
868 708085.8486935063
870 708152.2516528863
879 708313.1657891505
962 708913.9386125703
1143 709183.9444521139
1189 710075.4343591260
1421 710148.8935998920
1443 710401.4480316496
1484 711155.1384986052
1605 711159.9494449570
1627 712149.4564257342
1784 713104.8947091221
1814 713351.4716984173
1825 713482.8405416345
1828 714038.6356995911
1846 714825.9486626399
1899 715393.9776250917
1982 715890.1221988229
2078 715951.2751482443
2135 716793.3112143060
2163 717057.9738196970
2250 717406.6479137888
2410 717783.7658017813
2518 718232.6214957372
2633 718461.6902691767
2856 718506.5628570353
3221 718788.7198395928
3250 719139.9007035003
3278 719489.6698452824
3474 719531.2084918618
3534 719891.9526277776
3603 720003.8461597929
3771 720566.0159544528
3811 720848.9023613628
3973 721175.4861494385
4290 721187.6726864916
4342 721635.2455396393
4376 722618.2141852282
4455 723953.0064689377
4486 723987.5114334424
4640 724243.4232765067
4653 724698.6510030889
4724 726061.0397695827
4844 726232.7301389499
4999 726506.5865121547
5004 726712.3957441035
5130 726880.8002291890
5213 727266.0106270341
5214 727832.6641053103
5534 728063.4817619401
5749 728240.1068097447
5815 728291.1780656910
5823 728785.9572533553
6201 728972.0247694990
6453 729131.2144076559
6665 729348.6297993913
6855 730926.4690804876
7364 731415.3617693805
7549 731495.0801019010
7622 731702.0559840335
7951 732628.7203792649
8000 732635.4070591743
8064 732674.8557677263
8409 732975.4322288980
8420 733358.1635905802
8499 733671.5814451381
8888 734163.5161463337
8917 734222.4075934163
8993 734901.8495853979
9165 735791.2175464068
9786 736764.2511818679
9923 737666.8235051391
9973 738288.5799394507
10000 724890.9133623623
evaluations raw_y
1 700136.6662857237
2 700218.2516756458
3 701182.4868509333
7 701674.0441442556
10 702565.8515902440
19 704176.3547714313
22 704398.2467478630
23 705017.9733655620
27 706413.4970182753
51 706788.7876049358
69 707080.4500056140
77 708056.2583639607
128 708204.0511347734
183 709207.5636278654
284 709422.6460806233
296 710100.5165988248
341 710505.4790453070
394 710684.3971274574
521 710796.1324209748
523 711618.8410102924
534 712034.5976667848
634 712172.1537673931
640 712545.6645949610
659 712558.2637095148
710 713040.8354103300
746 714121.6088494522
777 714724.4840696033
804 715919.2645274628
938 717252.5532616825
1007 717981.7524541342
1012 718754.8048964542
1057 719811.8669024205
1200 720549.8101985912
1506 720570.3269549828
1513 722228.6607502210
1739 723137.7414444347
1903 723363.0187430008
1904 724009.0981408029
2041 724161.4785650524
2149 724727.7817488201
2443 725235.6266002064
2532 726015.1955957406
2628 726540.4878979924
2662 728004.4467048070
2783 728078.8635606936
2863 728683.2304058374
3083 728864.9901518932
3168 730322.1878248800
3354 730612.0345757456
3433 730946.9879956362
3484 731439.3369208353
3592 731792.9243672037
3731 732071.4457181370
3766 732085.0181626987
3818 732443.0205341727
4035 732776.2231606707
4210 733079.8736672553
4289 734380.1498157181
4342 735380.2114004818
4350 736003.0972652673
4472 736628.7500789342
4572 736642.6451878925
4769 737118.7997088113
5047 737810.0955973912
5181 737901.0616789232
5295 738446.6666147960
5309 739245.7875073371
5334 739439.9906149184
5438 739849.9208598719
5544 740149.3828959611
5682 740693.8260997359
5855 741850.8874467124
5882 741988.6609215629
5981 743092.5315286827
6150 743493.4262588557
6257 743719.5748991036
6430 743726.4119949548
6494 743957.0633459446
6670 744072.6038536411
6873 745830.7102863271
6908 746001.3193996414
7267 746422.5997387259
7655 747397.0196352160
7703 748346.7762779823
7915 749517.3360915427
8330 749892.6379006648
8792 750871.4260573576
8862 751033.9599101963
9468 751727.6100996885
9488 752321.3218855585
9789 752670.6314145363
9874 753168.1282398623
10000 690443.6641404225
evaluations raw_y
1 684778.0018600204
14 685391.1624765903
15 685400.7014242747
26 685509.5507341190
31 686836.7192765911
40 686904.8186808074
43 687584.6105646658
62 688280.0041725427
86 688539.3022400048
105 689583.5955301604
120 689883.4130163093
139 689891.6672110605
168 691143.0737193874
207 691536.1220170497
300 692002.1754890749
314 692021.7764456231
325 692415.7818398795
344 692473.9123505108
383 692599.2004467994
394 692624.3797793315
395 692641.2759729159
430 693062.4564186914
436 693579.4376030274
470 695102.5348766202
476 695423.3801551211
612 695511.1011211814
665 695773.6349350850
719 695940.6161308283
748 696516.8634339506
919 696807.0862528218
922 696941.1360337177
954 697062.2825304000
1025 697152.8310304977
1057 697279.4236319695
1121 697408.3436914266
1145 697916.0502830875
1152 699553.1268354469
1244 700257.5725848324
1245 701187.5409117901
1250 701752.3858804754
1381 702240.6153280297
1459 702825.3222919089
1675 702896.2249730593
1778 703180.4640919607
1785 703576.3649577370
1837 703852.4045996367
1880 704453.1227487181
1893 704496.8108044111
1903 704664.1962845743
2079 705421.2587743243
2147 705504.3886639847
2247 705748.1450633418
2320 706112.9295100272
2396 707943.3979546471
2469 708247.2824594703
2536 709232.7868470312
2578 709876.7131557605
2683 709894.1388687288
2698 711399.1884196217
2896 711870.4087920652
2935 711959.3100021743
2991 712136.0125540412
3265 712334.5555501990
3276 712619.9059143297
3356 713036.8365093064
3420 713854.1942109779
3485 714395.5604399267
3674 714587.3464024395
3736 714718.3751798297
3754 714766.5271944994
3759 715112.3684590330
3844 716792.9237521045
3900 716928.4892226709
4014 717053.9927409082
4043 717156.1404751177
4138 718051.1404159867
4225 718144.4913680297
4520 718253.9246754284
4757 718392.6364014380
4919 718739.1263438632
5079 720086.5775108855
5094 720924.8606837918
5234 721887.6877931962
5491 722036.0319303228
5555 722905.9611212894
5913 724874.9825817833
5934 725569.7171111144
6143 725660.0296077079
6227 726868.2018736164
6553 726916.9792618721
6583 727432.1511308239
6762 728670.0796542089
6815 729262.9281240427
7204 729639.5285283529
7233 729857.7133479241
7494 731360.7879395317
8068 731805.9698898590
8128 732589.4560299560
8220 733450.6571356781
8506 734490.0043169839
8601 734966.7015565474
8632 735189.6628339462
8682 735420.7258913494
8757 735922.9147670529
8776 736129.2785905957
8979 736499.5255897959
9268 736651.2595563043
9688 737102.7354657800
9707 737162.5788771762
9779 737221.0455704257
9827 737606.9392529372
9901 738496.2839834504
9909 739093.4266818037
10000 706900.5705829422
evaluations raw_y
1 679500.4123675955
2 679507.3582291289
3 680260.0252923856
18 680916.7891643007
22 681905.0553427615
36 683360.6679981782
47 683976.7164926667
72 684530.3421511039
86 684737.5045934904
120 684963.5758947080
129 685169.9400117870
141 685370.1677925875
203 685820.4736735398
217 686210.2556307073
252 686754.5466437234
292 688001.2815671487
337 688858.0381489462
378 688900.0570258785
399 689095.9677346429
402 689605.2187230352
425 690150.9505126148
476 690299.1372033451
486 690852.9299135822
513 691129.4245390347
561 692007.7826190082
589 692016.5958752419
590 692654.9231310230
647 692726.1058647109
648 693485.4895601653
832 693503.1288543437
850 694492.6652405646
854 694619.5403464552
884 695497.6521403340
1170 695640.9954010010
1172 695652.0575963613
1193 695756.6002841005
1219 696147.1086909258
1241 697130.5333107176
1290 697132.8033764373
1302 697588.7459494034
1340 697746.3092897628
1342 698297.0701640815
1449 698553.6641468622
1472 698767.2366377560
1577 699416.4228612811
1715 699999.3643342586
1721 700350.8556395060
1798 701162.3935930550
1824 702201.0303735943
1908 702275.5181742050
2008 702882.0444457291
2062 704598.3908314893
2259 704689.1681516464
2297 705310.9835511671
2367 706493.0823875483
2496 707202.3814375034
2602 707742.5916852421
2670 708157.6079332425
2702 708477.9693754902
2726 709053.3674489323
2776 709080.1903508877
2832 709479.7615103737
2936 710256.0957987361
3026 710314.9821287949
3291 710522.5984715261
3296 710603.2050412447
3312 710903.9580743910
3513 711073.0242804177
3545 711281.7611970687
3546 711445.5054443406
3569 711886.8608090950
3730 712041.8613077531
3808 712104.4593734971
3849 712658.4538131369
4084 713042.4025928911
4198 713091.7596514067
4255 713278.5933571620
4425 713983.3061475471
4497 714376.0886663726
4858 714497.1522298036
4943 714574.8311891706
5016 714734.8055167242
5151 715029.1653324579
5188 715079.5313989668
5232 715638.3619005431
5553 716343.1542858634
5577 716910.0118598606
5876 717150.6228038034
6094 718075.0453094030
6178 718263.5888032602
6216 718963.9239703595
6550 719284.5897989719
6915 720776.2250655624
6944 721728.3773317706
6948 721769.2206555944
6981 723408.6064071879
7126 723492.9548786433
7183 724250.0672605786
7303 725035.2138361614
7467 725147.3688256120
7644 725274.2197428847
8044 726436.2291626082
8278 726508.9334173659
8315 726620.9309935957
8325 726954.0272998943
8403 727792.0894215967
8588 728324.9607426246
9089 729833.7322679138
9272 729995.4204271813
9458 730913.9286843317
9525 731639.8105162994
9682 731939.5509541865
9958 732594.9678043826
10000 706531.6423103423
evaluations raw_y
1 670539.2197724115
2 671500.5354064571
3 672484.5027269195
9 673457.4773415029
17 673710.9946839171
33 673726.6887366108
45 674030.7715305599
64 674615.8736955910
95 675891.6619625249
109 676597.0120691168
136 676672.0244228824
137 676915.6625037675
170 677608.0085392542
175 678411.9412866752
245 679070.5782310609
295 679170.1161703191
305 679209.7796784285
318 680069.0359046860
327 682202.8836321995
361 682649.5036306763
452 683462.9187361179
467 683606.4662384138
471 683924.2825849315
499 684296.1911356795
520 684358.7667237492
566 684359.3755734351
597 684503.5966488570
630 684679.6129959396
658 684904.4738829234
665 685283.4242456249
678 685605.6149865120
698 685768.9875481067
754 685894.1077251268
797 685921.8449865564
827 686072.5758268985
898 686931.9094293269
1033 687328.2391622365
1092 688897.0876421201
1188 689093.3213790436
1194 689098.6892392122
1433 690954.8813207664
1644 691400.2885995797
1755 691960.4304644731
2063 692643.8611528892
2192 693164.2345279144
2248 693410.0805194430
2335 693798.9425371019
2398 693979.2341134839
2423 694709.9257159970
2489 695514.4909956569
2498 695702.3790878091
2543 696395.4068869523
2725 696793.7725612069
2780 697345.8583025436
2795 698081.2491262564
2900 698210.1331383681
2971 698661.3470075342
3113 699774.5465163823
3177 699902.7697569818
3232 700149.8503219370
3444 700306.3544136769
3689 700877.3779576377
3713 701045.0692372241
3843 701785.5618075791
3878 702561.8347064182
4107 703005.8270012779
4309 703075.2823598218
4316 703577.8637732648
4635 703872.1555660332
5063 703885.2562726460
5066 703904.0196301604
5189 704128.1175807606
5507 704130.6491860549
5513 704730.9254346907
5515 705034.5748334206
5758 705111.4240349847
5767 705378.4385757586
5770 706428.3264841097
6066 707782.4493062567
6232 708269.7759339913
6250 708631.1238076268
6568 708954.3722736622
6585 709389.5707059902
6711 709587.6044507076
6719 709822.5018834549
6783 710219.4847475414
6896 710249.4297129734
6939 710311.3195830026
7289 712626.4713517072
7850 713804.5401839238
7999 713984.7069427139
8250 714344.3713997020
8399 714564.3414699544
8544 714726.1467434508
8549 715187.3614038111
8630 715723.0276316353
8677 716575.9153410482
9196 717086.4603628317
9276 717724.1453092381
9292 717934.4480492829
9424 718625.6620571947
9452 718792.0917809937
9855 719006.1735300339
9860 719391.6103396759
9865 720423.8643147269
9925 721031.0021315796
10000 687586.5785395283
evaluations raw_y
1 702762.4279450790
4 703349.9476667776
8 704162.7340571999
13 704997.4732486431
14 706598.7075434886
25 707447.6808472114
29 707456.6049968399
30 708111.9678230714
81 708505.0848880125
89 708621.2341330101
99 708675.2780457402
153 710104.4414384344
169 710205.9702460439
232 710357.9171109492
242 710574.4061523890
275 710894.0887876092
282 711736.7174878165
307 711982.0710314168
367 712377.9385867415
380 712913.1854294902
414 713566.7006966572
444 714110.5495582264
474 715114.0128946928
514 715724.2323433077
627 716115.5418653899
665 716779.8693910763
709 717577.3381798242
804 717854.6834856604
876 718539.5885617888
877 719495.4671055159
960 719955.7384579397
996 721078.9400548979
1102 721221.9038895987
1182 722116.3118563381
1251 723777.6423150493
1569 724136.5573148966
1578 724298.4713571671
1803 724831.6496438623
1833 724900.9440042197
1916 725850.1834760169
2065 725922.8286681932
2099 726122.9593806050
2164 726265.8411704386
2373 726341.8149519502
2381 726366.9064248131
2469 726721.8058289037
2531 727072.5666880521
2778 727503.8984175808
2801 728679.2310149247
2880 728961.2666237146
3141 729129.4395449130
3147 729371.9046249632
3184 730320.3662693450
3400 730482.1974564909
3530 730855.7740399360
3603 731096.8312707085
3776 731414.6747895132
4164 731724.3934778299
4198 731750.5892222133
4329 731766.5748948291
4508 732253.5536830564
4860 732272.1970906574
5205 732354.4106384683
5411 733499.9905034523
5467 735529.7451901473
5743 735808.5514961841
5778 735966.4798389062
5849 737511.7728899593
6083 738255.1246657248
6091 738881.6038752886
6394 739488.7267371556
6632 739600.9213998601
6651 739956.1069145277
6808 740213.8341937341
6900 740236.5028336603
7101 740656.6414796145
7113 742275.7583984578
7253 742437.0658786618
7762 743221.1991966164
8110 743268.2079362893
8245 743868.2707492124
8382 744557.6347079821
8455 744809.9875048220
8634 745432.3359898634
8905 745982.0452033330
8918 746006.6299904772
8957 746998.1521633662
9048 747318.5797262288
9143 747683.3647064536
9228 748803.2050360491
9549 748893.1547699880
9730 749742.0771767483
9827 749835.8402788871
10000 729387.7954335121
evaluations raw_y
1 699106.6768876832
4 700329.6125129447
5 702178.1760098487
8 703126.0003496701
10 703445.8892512745
18 704060.9954171381
21 704302.6325024631
33 705270.4936405072
60 705874.2997523434
70 707231.0067193769
108 707231.4264787493
138 707801.8747668980
163 708232.2923522647
167 710059.8304093292
179 710178.8049786929
183 710264.0384852357
250 710814.7542556253
341 711344.0182559916
373 711719.3025539832
505 712322.2920681246
576 713440.7595674323
583 713833.5325458589
661 714051.6254279284
689 714673.5911340698
760 714759.3232872203
761 715135.9469259524
768 715275.4609167131
807 715317.2879451603
818 715581.2309129934
971 716012.0583633347
1014 716491.5562293158
1207 716581.2718692787
1216 716818.0129827085
1229 717355.7295329218
1247 717974.8088324856
1414 718735.4617532243
1433 719433.2444489797
1549 720036.3601917186
1591 720950.4820292667
1608 721561.2280534040
1744 722957.6974062724
1805 723041.6445512208
1852 723098.8951548818
1899 723260.9980247053
1954 724469.3063674966
2001 725147.2335451347
2118 725494.8626813510
2222 726045.7278674677
2350 726533.4498424414
2575 726733.5491787440
2652 727976.3129678942
2691 728210.3796230010
2725 728684.6937531600
2788 729790.1080059035
2823 730056.6227693843
2905 730983.9178290399
3056 731347.1904442377
3134 731948.6342686343
3233 732078.6240153860
3324 732514.2106242457
3371 732690.7130099609
3377 732697.6580503803
3668 733012.7469151374
3736 734211.5081156108
4174 734241.1541132712
4189 734665.8109490728
4592 734944.2969748373
4683 735489.7865945168
4867 735871.1967910766
4919 736047.7038977832
5052 736472.8509902697
5436 737089.7656346686
5618 737127.8754551091
5830 737219.8162276729
6089 737993.4099996859
6174 738721.6734607668
6425 738793.2571262546
6771 739321.8120336420
6841 739615.8404235522
6881 739990.2558374124
6903 740024.1420298723
6912 741428.3006241538
6920 741759.6071303191
6978 742417.0061774477
6998 742469.3594956207
7091 743039.8522252734
7239 743762.3238574857
7314 744753.0669232206
7395 745012.5626089819
7575 745089.4339259225
7588 745825.9670379488
7817 746615.9291654950
8484 748286.3227400214
8637 748694.7594355998
8672 749083.6366424653
8754 749315.0247568028
9012 749530.4484715899
9098 750193.3280247564
9132 750901.5378977106
9281 751552.5629592823
9725 751902.3810669311
9765 751955.3692132216
9877 752450.6333635662
9940 752607.0232479261
10000 693639.5458424531
evaluations raw_y
1 673814.8788255857
2 674046.9837854459
3 674203.0930087582
6 675000.8476982169
16 675819.4375810164
32 676433.7662917374
40 677246.6121798429
69 677450.9023123932
82 678167.8527716339
84 679149.1518298232
89 679325.3505738409
109 679859.6727611726
137 680082.5029942597
151 680428.2787944298
171 680687.2082611620
205 680922.8266567063
217 681290.5903637646
223 681490.1478936132
239 681806.1245917871
249 681986.8485230814
309 682308.0558727612
370 682596.1169189183
397 682951.9593892861
402 683030.2748173835
411 683897.1307129676
464 684605.2866785437
495 685555.3032525969
654 685753.6894968313
656 686033.6488861541
705 686477.9271801545
813 686526.8555764006
854 687292.6897700499
947 687477.6334967912
1014 688232.1103686999
1064 688901.2220497015
1127 689414.7592662713
1137 690326.6776136609
1153 690725.1628261406
1157 690759.7777518647
1173 691249.4430711607
1182 692026.7966656359
1228 692104.7331956819
1293 692210.7532997977
1344 692602.0701449579
1421 692768.3877016280
1446 692827.3412602970
1534 693300.8785052787
1645 694534.7360911401
1711 694864.5575252832
1724 695681.6722566691
1946 696670.1954250912
1978 696720.5926759462
1987 697101.2479775796
2006 697592.5194963778
2019 698216.7298283983
2033 698393.5156740529
2095 698446.9124771156
2216 698623.4840027177
2444 700244.0505600836
2492 701750.8039930663
2716 701854.4081576569
2789 703402.0015374976
2936 703788.1242173136
2983 704199.6898454935
3011 704531.6517157269
3068 704809.4565442235
3104 705555.6461031223
3257 706550.1880366011
3409 708217.9711508459
3411 708609.1467684841
3490 709027.5798167640
3501 709719.6983590781
3617 710287.5553824989
3730 710460.4944203416
3784 711356.5395394518
4082 711647.3015438324
4195 711809.9290130776
4528 712179.1711715573
4700 712185.8634220482
4838 713126.6567919964
4981 714119.1053131943
5576 714542.8423337931
5667 715341.0870588638
5690 716087.2775560705
5748 716103.7040246499
5874 716310.7062236725
6041 716560.3138436110
6164 716583.7479162562
6351 716789.0719865056
6438 717623.4887590291
6444 718151.9356557598
6627 718156.4423885279
6738 718362.3192912695
6768 718619.9326983290
7004 719163.9712017369
7058 719814.7366819137
7418 720230.2863231582
7469 721606.6610262828
8323 722233.2621070649
8590 722341.1569057172
8715 722376.9356728154
8746 723336.6947193498
8793 723752.5729563035
8983 724243.8328658929
9462 724699.0279174306
9548 725498.3521294045
9675 725582.8835257717
9703 725672.3622709836
10000 680382.3471809382
evaluations raw_y
1 692145.4741511008
7 692882.1036729455
18 693262.4339014590
19 693342.8772653082
27 693418.2888684741
37 693509.6439153011
46 693819.4394497116
109 693844.2474609560
113 694588.3454787242
127 696142.1063125913
147 696909.4911136974
173 697098.8673215099
262 697131.1013387886
286 697344.0589190063
302 697473.8877573804
310 698006.7593785999
333 698672.0718906120
367 698762.6730800525
418 698882.2493184368
508 699384.1749885337
541 700253.9097453182
585 700531.2660091125
735 701039.0673349776
794 701446.2929986622
805 701865.6649317256
822 702120.0716269647
1010 703038.0436303150
1105 703329.6377410899
1144 703437.8151875745
1193 704052.6775623766
1304 705014.4061779361
1395 705801.2108578075
1506 706514.3337190010
1566 706793.6439406110
1656 707762.4142734127
1742 708323.0726234929
1805 708773.0282846412
1947 709160.6243586111
2133 709343.3901753154
2145 709458.0418147244
2217 709944.3278363197
2282 709964.0980977543
2323 710117.7271332807
2351 710417.4825645596
2403 710505.9607717417
2531 711763.3671017475
2652 712226.3687000201
2792 712703.4487967294
2853 712708.1538145365
2889 713134.4573554510
3035 713669.3823264712
3040 714069.3233574547
3085 714328.6974430270
3133 714738.6331818604
3231 715052.6550318308
3247 715299.6067656789
3431 715640.3362081661
3605 716181.6986252343
3750 716676.5477988571
3857 716983.1180264567
4002 717872.4835540331
4152 718288.4731328579
4270 719960.4955334379
4607 720765.1441711152
4708 721123.6906387836
4753 721881.0539441356
4821 722267.9809241376
4948 722667.2298713831
5244 724261.4254374193
5261 724369.7014051384
5359 724628.1564432739
5379 726375.5938804805
5888 726680.5966678545
6021 726913.1547746155
6026 727556.0780079677
6370 727797.7253467635
6485 727961.6985005988
6555 728548.9252132702
6679 728581.0187651018
6754 729306.8930608039
6784 730052.1230451454
6939 730054.6979928188
7275 732224.5298090397
7336 732660.9831140022
7348 732971.8814460795
7480 733180.6013845463
7767 733380.7239512837
7955 733810.5425529791
8009 734259.7212325018
8035 734535.7431426488
8181 734885.5714492953
8193 734923.6624685904
8198 735177.5865891980
8413 735483.1102279585
8626 735699.5518630259
8669 735870.0359406937
8828 736041.4211908061
8835 736511.0188953880
9143 737986.2807819616
9368 738875.0523536813
9477 739922.3003914442
9580 740287.0852653647
9787 740584.0536324698
9925 740587.5734157981
10000 691965.1948395816
evaluations raw_y
1 694237.7117129626
13 694324.2464952946
15 694664.9621537677
26 695452.8395019822
49 695681.3161265546
61 696041.2245629310
69 696960.5344787033
108 697087.7013921096
129 698337.4098611524
161 698902.3479985016
166 698961.4154184218
182 699112.4035617046
235 699892.4570564751
269 700669.5387215354
387 701650.7670694711
413 701947.1545633880
529 702188.3911326654
550 702433.5492569928
554 703297.8083027736
583 703333.8687850502
691 703551.4993308522
705 704171.6371554058
733 705231.8379799691
810 705867.2397558246
812 705983.0380007070
883 706512.0376898230
987 706708.6848198520
1035 707020.1155895726
1120 707809.3664366893
1128 708142.6986675537
1139 708604.0103750026
1206 708878.7723842011
1250 709463.6664039405
1289 709506.4056615514
1318 709605.4040825891
1365 709612.8037199856
1426 710184.3427179765
1481 710310.3383105812
1577 711233.5729631339
1692 711479.0301019126
1738 711757.8620697525
1821 711986.5891491019
1913 712044.6071914164
2025 712529.8390772488
2313 712789.6889561677
2352 712919.5715177454
2385 713494.0479843534
2487 713711.4363526064
2550 714005.6969708503
2599 714303.1755877549
2688 714654.8501054670
2761 715590.6804377160
2790 715790.2041527120
2828 715947.3322114738
3051 717231.2038408709
3119 717951.6112016172
3460 718366.5722455342
3462 720271.3899460433
3720 720384.3367642888
3775 721178.9250206926
3797 721476.7382812981
3855 722479.4282479108
3943 722555.6569165309
4004 723483.5998366508
4437 724034.1783486470
4517 724380.9031216406
4566 724526.9089312711
4717 725403.8759824901
4750 725608.9093757566
4916 726319.5252689709
5089 726468.4360044287
5628 726952.7223143211
5861 727323.1608149293
6000 728255.3965700223
6033 728397.7520344475
6251 729959.5147542721
6326 730065.0529305051
6354 730306.5263638500
6428 731294.6319149510
6658 732192.7724689740
6681 732511.5072115179
6752 732747.1403591308
6813 733143.5176283817
7591 733635.7495988873
7671 734009.4200187565
7737 734990.9108707354
8075 735039.4092148590
8131 735647.3347388520
8392 736034.4021214398
8740 736205.5837397744
8754 737564.5698851927
8816 737950.2455652305
8863 738298.4690198378
8990 738351.9652364126
9105 738489.8031118999
9148 739466.1680762017
9189 739471.3354140358
9297 739979.0099270203
9601 740411.3834086625
9644 741345.1190533977
9969 742491.4280361688
10000 718466.6367379669
evaluations raw_y
1 691082.6003417098
4 691840.5641661522
9 692397.9847849908
13 692798.0748651276
29 692994.3547696881
31 693090.5528450937
47 693493.7463827038
69 694024.4645092874
73 694626.3839328982
77 695246.9075582768
80 696208.4994696073
87 696966.5159676431
101 697018.0817727384
108 697079.3878113281
129 697789.8219041959
141 698047.6775234119
247 698137.8317425182
278 698568.6409349216
282 698883.0433023474
284 699633.3533535122
311 699756.5742654657
318 700315.9214508480
364 700998.6637341499
458 702306.1156794298
459 703316.0071598985
528 703748.2364966030
584 703919.0524988576
596 705333.7536944700
704 705699.6255050872
766 706020.0899588842
791 706778.9918657646
838 707440.0718505062
933 708342.4505503766
950 709196.4053964227
1094 709607.0032665433
1353 709969.1546290515
1477 710626.8322467513
1576 711042.6941672957
1817 711085.3268780957
1818 711517.6494018387
1880 711625.3966523305
1912 712588.2443483393
1943 713246.3040428091
2005 713723.3837082267
2050 714202.1832288950
2133 714620.7586927325
2136 715614.4225775176
2159 716652.7436698556
2302 716680.6853907147
2356 717297.8754597589
2565 717755.4404133137
2885 718396.6833962938
3145 718835.3978466159
3164 719677.6283451511
3266 720256.0150014722
3482 720308.3112475077
3660 720921.6473604859
3664 721090.8301671203
3689 721896.9559669879
3804 722337.8261846963
3971 722480.6701835330
4013 722912.3594820984
4188 723309.9194217317
4455 723818.6873550633
4492 724217.1966205707
4560 724708.1945936183
4782 725303.3985680691
4932 725906.0040993583
5095 726125.3158426005
5098 726390.0943247025
5104 726991.0739426732
5251 727183.4502636410
5495 727224.4891481914
5777 727933.4605790845
6131 728054.5053816119
6519 728686.2765170737
6959 729632.6101651829
7109 729670.4853449005
7291 729783.1050654261
7300 730273.5220223416
7358 730990.1594612150
7599 731329.1581818539
7801 732089.9084061452
7837 732516.1143258149
7867 732914.6178714575
8026 733066.4985683695
8315 733413.0518312393
8367 733569.2258428466
8451 734485.1730175792
8463 734582.8002343413
8699 734759.8364248152
8857 737020.9934530442
9392 737702.7749333226
9536 738970.1693976073
9716 740490.2088640267
9905 740889.2133448796
10000 677894.3262990845
evaluations raw_y
1 720314.3351343033
5 720593.2818942820
6 721888.2683940708
7 723170.7682673378
20 723649.3507720400
32 724157.2378752676
74 725139.7759318494
92 725533.7585191004
113 725786.5657104123
118 727347.6043792358
232 728253.6448865941
245 728415.7606394619
310 728475.3284015250
312 728654.6672296932
339 729111.2030012169
351 729229.0472881234
421 729797.4542438409
437 729900.2301924920
490 730836.8727850573
514 731394.3801903327
518 731483.2065980374
577 732028.6459791650
586 732240.1234304262
623 732348.4604691283
752 732712.6544284604
793 733220.3326988869
819 733377.0927538334
842 733902.3080873392
934 734626.6683182085
937 735610.0793675840
966 735668.2066050390
976 735973.3777439201
1040 736715.3998746631
1044 737188.5147571967
1072 737617.9406508355
1161 737912.9051363675
1223 737927.0611780261
1341 738480.2443265398
1359 739096.8957415594
1365 739211.3297256862
1398 739645.3755556527
1505 740112.1048554510
1584 741027.6475520544
1637 741209.4827485464
1661 741222.9980725005
1786 741510.9063981961
1791 741714.3766472279
1909 743808.7974698093
1975 744515.6226584507
2046 744853.2564879499
2129 745912.9445726743
2445 746670.9067433681
2598 747030.6439975395
2624 747612.5993252501
2738 748172.6826374639
2867 748382.2609194372
2928 749576.1508333988
2933 749626.3899077126
3057 750584.8477644571
3132 750879.8117892654
3189 752149.8821931595
3340 752169.0481642782
3474 753130.6211402757
3649 753729.2219362350
3725 754302.1698073935
4237 754509.3182080309
4376 755522.3121983710
4435 755760.5104849172
4563 756204.6074755020
4777 756538.0598205969
4964 757977.8978235642
5081 758076.3275214300
5195 759304.9442623676
5626 759391.5969007465
6081 759514.5734019849
6189 760074.6454921330
6262 760196.5800734614
6372 760756.9170039010
6554 761030.8471551746
6727 761128.2016222749
6763 762129.8906389908
7053 762138.0101819645
7086 762468.5112509733
7199 762948.3209860096
7362 763044.8796574060
7415 763388.2442528966
7576 763716.8676711256
7593 764378.2839761050
7638 765051.7705955930
7644 765116.1422641107
7681 765469.0131693220
7788 766091.1632238193
8039 766304.5025559480
8285 766332.0374971239
8560 766647.4652625421
8668 766810.5651844873
8796 766947.3677027543
8908 767150.4799202629
9013 767802.2031360239
9221 768610.1858702039
9257 769313.5907389091
9398 769769.0246586562
9753 770000.4892591727
9908 770173.6866761474
10000 733883.1758927684
evaluations raw_y
1 687787.3697266142
4 688420.3482549788
7 688533.8797497493
11 688583.8785355150
14 689325.0262143961
24 690112.2795767244
30 690291.0376136012
43 690507.1837309407
76 691716.4554509716
99 691870.6471813043
123 692861.1538241117
134 693784.7909196711
165 694403.7364649709
253 694982.1657899325
256 695213.7165248888
392 696016.6316281267
465 696087.9894851153
474 696521.0032151418
535 696713.5724262438
578 696967.7830521056
591 697314.2338007410
602 697349.1389523499
606 698303.3740824634
634 698685.5574935304
660 698753.1957645977
684 698897.3558900674
779 699064.5939537416
794 699599.3968770377
830 699654.7538376965
881 699779.5309974054
884 700525.6814789587
888 700906.6893596702
892 702261.2150230122
967 702707.6745991937
975 702754.8970371161
980 703100.1852191347
1037 703183.2483267464
1061 703276.5603435353
1138 703533.2886186625
1165 704628.1485358807
1302 705135.2386667734
1327 705491.1005050649
1483 705837.5447942507
1499 706430.5503702910
1579 706991.0521923834
1597 707272.8783088783
1679 707827.3818376363
1688 708062.3352806611
1743 708262.9915905431
1795 708357.5329731087
1798 709163.8766352856
1927 709783.5980305532
1969 710639.1339573086
2064 711451.9126640544
2153 712026.3680088811
2222 712422.1756529917
2227 712908.3522855652
2228 714162.9824895927
2273 714823.4159558400
2381 714917.9129719504
2424 715398.9139811221
2506 715719.5655831099
2901 716194.0512893797
2933 716293.0618459345
3077 716312.9771088603
3271 716622.1280126922
3467 717028.1563192257
3581 717499.9066051630
3633 717843.7358104314
3829 718705.3440083161
4090 718987.9252408651
4226 719176.7504965398
4430 719707.1870744074
4565 719714.6545343936
4751 720515.6383882629
4764 721084.7092302031
4819 721252.8412207888
4991 721796.7922372936
5064 722419.3560563161
5462 723139.1974521119
5775 723623.9760356282
5812 724407.5759166037
5923 724410.6731358083
6043 724537.2592097446
6283 724684.0055826361
6298 725042.2585485443
6360 725338.8502801624
6646 726186.5076551480
6754 726380.1462383153
6810 726437.2040866462
6843 726639.8644653762
7074 727796.0788426003
7233 728062.5889586926
7416 728656.3176782038
7580 728664.3281792167
7772 729166.8757127890
7819 729423.7708971362
7881 730051.6127478040
7886 730292.7899854953
7955 730427.0811296132
8046 730564.1870045118
8299 731099.2030279989
8456 732781.0468714036
8618 733359.5772226963
8641 733435.4942871367
8698 733872.0472058188
9235 734447.5375329884
9590 734626.0843706662
9731 734939.4731816495
9757 735891.9962640709
9884 736813.6516346942
10000 721781.9941837458
evaluations raw_y
1 687530.1942758149
2 687545.2573336617
3 688404.6441545542
16 690473.5130922835
39 692098.0446829571
68 692377.4359140639
88 692740.9876926696
106 692756.2516106727
120 692829.7974028003
154 693220.2496841982
169 693881.7443437497
176 694643.1212132467
191 694943.6991006087
199 695179.9439911608
203 695203.4400304607
258 695519.5836719486
266 697316.3369391282
275 697341.1856485654
397 697386.0652762512
406 698214.8433297625
437 698775.7178730849
468 699142.7284094329
484 699547.5184498215
547 699929.2205803856
551 700747.8675409999
582 701997.6273883358
681 702630.6217769954
714 702742.5183645504
755 703169.9385302416
785 703887.8980881189
836 704588.2767525957
840 704590.6793462691
890 704790.5580247052
892 705126.1107902378
926 705403.8557026155
934 706730.9614881715
1038 706795.8518151212
1160 707637.3679052545
1164 707724.5288949538
1174 708465.0004126612
1178 708503.6270086854
1326 708528.2434811031
1340 708692.1774048331
1456 709367.6867347829
1682 709884.0813949950
1801 710333.0445614236
1889 710868.2143967975
1946 711098.3738588358
2059 711953.9881753320
2117 712986.5057377040
2379 713956.9139484161
2388 713976.2315493755
2761 714914.0765824859
3148 715007.4592533449
3296 715563.1029252730
3395 715564.4004700182
3397 715740.5368637900
3567 715775.4680009024
3598 716171.2641099830
3627 716270.2680726430
3752 716439.7674489497
4117 716979.4970534381
4138 717243.5699022125
4244 718427.8065318145
4445 718583.4592601898
4496 718843.9048122016
4533 719250.0279206636
4584 719805.3463216679
4726 720087.4174474676
4778 720126.8560116513
4830 720349.3152721260
4955 720676.1788180021
5066 720773.5396329708
5127 721349.3472231844
5140 721453.2651642308
5429 721524.0711698843
5450 722606.7091641899
5455 723523.5233449315
6147 723898.2470133138
6193 724311.7887307305
6275 724954.5411231114
6558 725323.9749539407
6744 725930.3683283367
6898 727687.6581942011
6958 728645.4702735150
7071 729544.6822520322
7260 730306.8806070702
7266 730450.3109492830
7279 731085.5559668527
7328 732692.9179033231
7790 732933.9159355413
8077 733777.6528630643
8630 734670.5060330164
8703 735345.3235274070
8943 735664.2301973834
8961 736215.6963951120
9022 736311.8050495248
9221 736933.9991976355
9283 737840.6736394749
9441 738296.1479524795
9908 738416.7531722113
9953 739946.4100853407
9963 740411.1739232341
10000 717745.8108667004
evaluations raw_y
1 694159.7894161927
3 695078.3660925049
23 695628.9876592758
31 695969.5506259768
43 696178.4813461754
102 696385.7153264858
104 696828.0382738834
114 697085.5810661768
134 697203.4508168248
138 697320.7518325532
143 697891.7596741684
155 698065.0732588922
181 698165.4325722415
209 698192.7484017118
229 698445.6926587638
231 698843.2093942791
275 698998.3096842914
347 700023.5754394415
414 700055.3453390172
425 700766.2648023089
476 700798.9308106047
537 701286.5486433051
542 701287.4728809145
609 701717.2588098949
617 701815.8676375157
636 702380.5341636662
805 703200.5582050259
812 703320.8908286063
840 703932.4295667021
866 704649.9264154988
910 705866.3806980482
934 707225.4641935580
947 707556.3269300801
983 709602.1254879991
1002 710162.1835850347
1040 710367.2334428201
1200 710667.1289393379
1223 711358.7510841561
1270 712297.5474455663
1274 712931.8370585596
1296 713618.7799294249
1559 713925.6390017634
1568 714517.0748775031
1570 715468.7759567584
1633 716176.2798728463
1640 716180.1540511767
1759 716721.8697862874
1893 717450.2752849773
2048 718424.1321025772
2111 719093.1518248178
2198 719451.9492548563
2216 720422.1608823366
2359 721372.8915350632
2441 721740.6408262933
2906 721864.3034446491
2939 722137.5901700977
2965 722254.4460915730
3037 722298.3744233445
3120 722571.8729004739
3129 723658.8006320426
3456 724299.3968175466
3555 724360.8795670066
3617 724375.6730056752
3652 724503.7336162496
3698 725056.4763790753
3718 725526.3684285084
4060 726798.1367979918
4110 727034.5184590511
4176 727480.7789255766
4270 727902.3206889997
4499 728814.1740872518
4634 729264.6166066652
4696 729491.2480360989
4794 729809.4727868155
4946 729812.0474234426
5047 730786.1123601882
5316 730788.8703089935
5400 731136.7250309888
5543 731601.7797767031
5882 731751.5313926496
5900 732192.0650304017
5947 733100.1378657712
6028 733681.1808610772
6271 734658.3341490127
6552 734880.2212117943
6585 735058.3326666828
6611 735445.1217749763
7032 735625.1631485716
7098 736414.9690153926
7104 737057.6527645487
7139 737148.7154445773
7399 737408.8815596499
7488 737681.2063810471
7724 739355.4830182920
7976 739955.3639361623
8293 740529.8065838440
8441 740890.5122010052
8572 741352.1347714463
8874 741866.2008326259
9001 742063.3957853976
9360 742217.7138164929
9589 742258.9691411294
9597 742495.8247605854
10000 697953.7375786441
evaluations raw_y
1 704318.5520212818
4 704462.2299253826
6 704755.1800672637
18 705216.7964187358
32 705853.2910583250
37 707690.5012565807
40 707910.7192963334
42 707949.4260188949
47 708160.0198474959
48 708413.7112206653
90 708888.6960941048
100 709751.8064019440
153 711442.6228823003
189 711456.4367455713
210 711746.8654308128
232 712227.6338521797
258 712317.1207440393
262 713615.6343382380
300 713713.2654906070
315 713880.0513958794
393 714629.3215810903
473 715598.4871983024
568 715684.7337843793
595 716006.9375596949
605 716234.2920864746
616 716666.1519427709
641 717375.4617838006
811 718075.4250459345
818 718574.3978234973
885 719141.9442959753
955 719602.6441293475
1031 719854.9062573987
1032 719942.3742390178
1151 720588.2147690475
1327 721004.2101605450
1468 721673.1942625970
1607 721788.5641570427
1750 722262.4516023133
1912 722339.3915491860
1972 723197.2781002094
1983 724220.7656284122
2096 724749.1721934912
2129 724868.9896750493
2240 726194.0464019221
2292 727002.1257679396
2413 727742.5589069136
2444 727915.7930297238
2628 728304.3697262033
2652 728351.9503521962
2679 728671.9526911577
2682 729486.4335994925
2904 730043.6277096795
3022 730717.2510256411
3229 731404.2599372229
3231 731568.1331821959
3365 732483.9255223009
3632 732714.7838118128
3685 733196.5132190869
3707 733608.8482239367
3763 734453.5419156131
3776 735553.1603461066
3964 736536.5785896677
4523 737028.2264028813
4538 737871.5956524594
4776 738069.2638123701
4891 739328.8657369241
4981 739775.4325945321
4994 740083.1968480480
5260 740970.6266693459
5264 741182.8660790011
5306 741888.6747808033
5464 742180.3111911495
5527 742507.9956745787
5892 743264.6853836910
6085 743893.5982866762
6110 744055.8665801422
6278 744481.5226383677
6417 744809.3188156448
6506 744883.8182966850
6599 746136.4918075869
6605 746447.3383752500
6820 747397.5809356868
7167 747941.6405314277
7374 747954.4345572072
7567 749053.2470927268
8213 749133.5179784189
8241 749242.2311642757
8284 749682.2650643418
8306 749998.2399407739
8321 750095.7204382528
8831 750257.5327292256
8844 750739.6978021059
9201 751489.4298122412
9423 751654.9498062460
9500 752155.7828598641
9701 752407.0601844636
9921 752434.2743690842
10000 738167.8643490621
evaluations raw_y
1 691591.1782033907
2 691818.9584726654
5 691995.3399791984
14 692711.6924948303
21 692988.0889304576
44 693822.8550862249
83 694368.1570755730
142 695728.0768326644
195 695981.2508428348
242 695984.7629380431
287 696175.7597034930
315 697041.6275058093
348 697985.4730939841
429 698569.7774939241
518 698907.9921425100
533 699652.4205314977
585 699781.3070810246
650 700913.6974917796
653 701094.0712290119
663 701364.2905283234
670 701941.9969661019
760 702498.6340625127
810 702818.0829951831
907 702894.3583410996
939 703533.3979164936
989 703819.0784920937
1015 704208.3908526168
1074 704365.5275984757
1089 704468.6391138416
1092 704935.0772682278
1118 705326.7939252150
1170 705764.2370809898
1204 705919.1685727008
1261 706684.9968352910
1317 706745.6714821368
1398 707133.6479262455
1477 707742.9377058466
1505 707996.3011558744
1538 709081.9229339713
1655 710459.1851192357
1861 710579.1790277398
1906 710948.1774071003
2007 711411.1675113081
2052 711533.9655169328
2069 711873.0649754537
2078 712133.3356136814
2100 712977.1066422802
2118 713536.8667273299
2138 713757.5694684586
2292 713849.2827593493
2334 714094.7488694409
2366 714944.3372758419
2474 717116.2603420907
2654 717729.8853048418
2673 718030.6138045121
2724 718530.5522545284
2939 719149.8802017734
2997 719177.2318407944
3020 719210.7163294408
3264 719599.0867788818
3311 720704.9314096373
3578 721619.7459104530
3655 721760.3995601898
3767 722462.2356490871
4035 722928.9746094496
4046 724339.0281481346
4067 724727.4087885286
4186 725287.2153067520
4215 725289.1415243646
4393 725752.1517797326
4417 726282.3915561473
4521 726335.4672287572
4630 726716.1389992968
4688 726722.0476373216
4759 726807.2232287752
4770 727610.4799556957
4810 728348.5875425785
4912 728778.6428101812
5061 729204.4478901667
5155 730142.7408845415
5290 731275.3439126203
5372 731744.8408841549
5528 731847.4162407207
5851 732044.3881940923
5873 732105.1473106816
6047 732717.1358261894
6133 733010.8899800841
6271 733569.0331126692
6426 733692.9930562328
6639 734335.1720595770
6863 734831.0396453672
7103 735362.1187871780
7182 735743.2219853728
7707 736391.8865669536
7828 736476.7297076460
7843 737148.8802209798
7844 737331.7731884933
7950 737454.6672287909
8383 737536.6418072797
8484 737626.1400517324
8725 737852.8224443832
8778 738529.3265728182
9325 738955.2067832061
9374 739200.7036628874
9516 739678.2085153011
9565 739946.8225283911
9912 739982.2919345333
9922 740407.9699436859
10000 726785.9688633933
evaluations raw_y
1 674155.3791209500
2 675122.9954678012
4 676104.2970151501
6 676697.8582439317
33 677466.6240624370
42 677632.7180111308
57 678086.9336077906
117 678321.3317544906
120 679613.2061794194
129 679844.3294718476
148 680774.2074588459
190 681140.2884400022
231 681626.4340981083
278 682395.8271312149
304 682802.0238396624
334 682986.6953284586
335 683025.3152990326
340 683034.2485284845
398 683143.8001984402
406 683872.7989965249
430 683886.2444587173
507 684075.2191763761
568 684652.8991798969
601 684734.0665592343
630 684787.9261640784
663 684988.6079120107
668 685018.1080465115
693 685687.5990254439
744 686054.5380971790
793 686359.4581220193
878 686431.7205597020
911 687031.6715859214
963 688225.4449420609
1051 688517.5820153222
1063 689564.4936868799
1095 689924.1688092722
1301 690698.1896964229
1309 691475.2259406536
1361 691562.7446165938
1483 692087.2904239487
1503 692756.7662106019
1751 693187.1300908631
1803 693507.1744212330
1939 694011.6257769471
2129 694518.7748700164
2169 695257.2801929938
2191 695867.6841981205
2232 696006.8041582130
2263 696311.6954035831
2363 696361.9709952265
2466 697109.9960670016
2695 697123.0493647407
2720 697503.3001557728
2843 698638.0332558567
3080 698710.1544012240
3230 699621.8357158169
3271 699972.6275016619
3286 700165.8504525140
3349 700878.6032100893
3351 701485.9027757385
3430 702843.9040070619
3573 703885.4771886166
3624 704742.2257258882
3747 705203.3752409758
4109 705526.6934859620
4285 705975.4098801813
4372 706703.7023031259
4589 706994.5515241115
4774 707393.8357190207
4788 707670.6446326860
4953 707986.6086890334
5061 708219.1812027643
5232 709674.1617633540
5318 710129.9920711430
5496 710850.9469002608
5770 711285.0454753555
5815 711441.5320845344
5916 711609.3331854128
6013 712906.5189198334
6157 713085.6331337205
6468 713876.6907923475
6664 715309.6214857809
6906 715849.1181867935
7414 716470.9251207698
7606 717757.4546125737
8167 718433.6000184452
8532 718893.7124171719
8673 718957.8217455957
8818 719503.7365968969
9095 719530.2743687714
9119 719648.3298954953
9445 720163.9019157580
9672 721045.6705439553
9763 721703.9333353011
10000 704112.6675544468
evaluations raw_y
1 694448.6663007373
2 694600.6131460778
9 695322.1941787100
10 695538.3081317097
12 695947.3867262267
25 696597.1895091677
31 697240.9646329798
50 697962.5431520595
80 698012.0608300195
82 698288.3011735883
87 698732.8072279798
88 698948.8022442391
99 699673.4859851456
105 699950.8942297017
127 700417.7274852076
131 700615.8104721716
155 701337.3872942281
191 701933.5552195708
217 702157.8518810193
218 702303.0036390852
278 703411.7814197441
290 703845.6227095198
371 704507.3770295876
384 704508.2452374983
412 704679.5841866529
463 705208.3789145426
495 705459.4147383898
527 705955.5349891287
736 705982.3879728114
853 706562.2478875617
898 707453.2476437647
1001 707885.1030849951
1009 708869.9438708447
1060 708906.1707777457
1244 709255.9369199778
1304 709294.6301504314
1346 709406.4156134803
1357 710348.8953396436
1419 710942.4326195722
1423 711278.3191812800
1534 711320.3566747340
1681 711483.9766187154
1711 711879.3237318099
1803 712277.4134330145
1810 712404.6764609228
1853 712803.4860976401
1857 712976.6993514944
1892 713030.7027595158
1961 713246.9368393478
2019 713559.4258101358
2042 713613.7468384549
2204 713616.3096559227
2221 713889.3376470258
2245 714454.6415697928
2339 714920.8547866378
2406 715535.3637570805
2472 716187.2589525769
2473 716546.6810630446
2664 717436.0173111761
2738 717940.3644862541
2792 718105.6447580147
2884 719255.9686297342
3031 719833.5660679984
3309 719997.1873274457
3675 720185.6163211490
3698 720490.9044270752
3742 721588.2603184375
3809 721913.6848609702
3855 722064.2684997409
3943 722075.8648312825
4155 722164.6917831698
4263 723134.0648412853
4458 723455.1310438832
4486 724664.4203677569
4585 724694.2277033350
4668 724948.6705108669
4830 725925.1930231224
4857 726104.8870879658
4882 726160.2341241349
4913 727249.9591901435
5073 727724.2908177512
5306 728103.3837483805
5670 728349.2661110318
5773 728364.3775841751
5853 728607.2817572693
5958 728615.8726089787
6153 729617.8216461709
6359 729763.8948730467
6551 730392.6968870797
6654 730837.8431647425
6695 731299.7443746136
6709 731335.5072034638
6733 732084.4830081908
6758 732336.1981292628
7125 732749.8538269871
7138 732951.2187067167
7178 732999.5123012007
7331 733236.7217732879
7526 733504.0034361236
7636 733817.6237999117
7672 733933.6661437774
7673 734571.4308523049
7995 735401.1147232641
8119 735608.4468539458
8125 735906.5581591259
8251 736677.2923878587
8633 736818.2602109712
8772 737653.0733419437
8790 737841.3941466154
9072 738063.4416453083
9172 738147.9446600962
9425 738569.0960970328
9462 739393.8085646773
10000 711115.1488953871
evaluations raw_y
1 688719.7057230414
3 689656.6086235702
4 689924.2190302098
7 690823.6990567814
13 692134.0627274421
32 692982.5554880979
46 693635.1775129266
62 694582.4732601866
108 695004.7883921633
114 695412.4884196561
183 697451.2654129885
195 698861.3100449437
245 699548.0396631595
315 699551.6097491896
446 700149.3270072864
502 701346.9660733255
560 701670.9145888139
583 702578.5926374362
777 703235.3989923237
801 703302.3691326710
828 703685.4456470095
889 704247.4836857443
976 704305.4288361105
1008 704903.0387212910
1031 705465.2200546622
1038 705874.9934686878
1080 706230.6013115729
1171 706759.6010081940
1227 706944.7467872457
1303 707783.1617472724
1450 707857.6791650222
1527 709272.2368606016
1563 710318.9654955822
1805 710758.8495756880
1945 710922.4026335474
1984 711490.5087721763
2001 711507.5894997910
2037 712110.7553876475
2309 713118.8865839692
2380 714784.9747751357
2503 715279.8335027914
2538 715323.8340137058
2571 716078.6202160076
2633 716361.6721485562
2947 716762.0266948388
3107 716867.5842858775
3108 718171.7886384744
3280 718231.0527549578
3304 718402.9953542812
3604 719301.9365111713
3889 719830.8042703844
4253 720231.3882023887
4343 720952.6814820354
4502 721031.7431229651
4534 721090.6206781100
4536 721670.7035075361
4655 721716.6492695570
4661 722872.8085880330
4797 723225.3990015454
4985 723871.5272969182
5029 724417.0798674994
5226 725002.9307735637
5493 725489.9435977578
5527 725664.4854704087
5667 725787.4970163240
5690 726459.4829937441
6048 726560.4257882275
6217 727212.2241048099
6387 728114.9624759731
6657 728228.0506948247
6710 728654.2167144035
6872 728707.7758534595
7056 728975.6002505081
7196 729091.3096002057
7263 729965.1164820701
7387 730281.0919641810
7445 731151.9505795890
7663 731604.6994319541
7687 733031.7012147771
8195 734420.8726311589
8317 734882.6468075496
8601 735230.7126818178
8987 736163.3053026410
9073 736407.8300906337
9142 737109.6244247745
9411 737427.4195574477
9758 738090.4705416479
9996 738348.8437236742
10000 685964.1216620688
evaluations raw_y
1 699432.2916013690
4 699789.4888285635
15 699795.1090129229
23 700568.1486867627
42 701997.9197430625
53 702853.1892981494
88 703310.9768339415
97 703949.9337775960
99 704946.7477040244
152 705147.5537784399
166 705264.4092756746
194 706599.8292882250
246 706862.5255679799
270 706864.7831057716
298 707153.2343375604
306 707976.7144696218
342 709082.3973536112
496 709097.6761887136
530 709731.0544559712
580 709892.8961753073
610 710438.7976674059
628 711242.3072952247
645 711578.2021187509
749 712222.0409758192
852 712341.8999137875
981 712704.9832825846
987 712782.5883360739
1049 713301.0603020617
1065 714254.4217934161
1128 715215.9172860830
1161 715924.6558864467
1294 716618.9496474720
1360 718409.7446470452
1507 718560.9301106124
1577 719267.5657253583
1605 719502.9595590925
1709 719708.1935796036
1763 720664.3052540644
1764 721393.8087622846
1777 721438.2774391605
1955 721873.2733172853
2117 722087.6205385225
2126 722980.4752427682
2192 723235.3894292539
2201 723468.0206138431
2343 723760.5725212238
2392 724084.1429081283
2448 724765.7452518168
2683 725017.2361256010
2716 725187.8558974649
2808 725204.0387501463
2813 725709.0044644284
2866 725980.3270026337
3023 726876.7743558594
3096 727758.9081157211
3204 728067.8617317972
3355 728865.2847268438
3370 729276.7667861101
3611 729648.5585883000
3788 730115.7129636004
4099 730366.5500641792
4139 730671.9582615949
4280 730796.2180527351
4296 731021.0958905075
4394 731416.3760340844
4464 732189.0243475857
4593 732978.2397306898
4642 733296.5105924050
4665 733499.2208411075
4735 733577.0238321675
4991 734334.1028572270
5049 734533.9865307346
5347 735486.3331065425
5572 735538.8577328267
5620 735838.3010366778
5792 735850.3838446167
5879 737149.1637533518
5964 737380.6208846372
6067 737761.2337830788
6081 737898.9810866134
6121 738692.9127864710
6188 739449.7372120077
6457 739811.9659043866
6468 739888.2608962324
6748 740211.7788791590
6806 740245.4417299755
6900 740539.0486506389
6925 740689.4708353085
7233 740709.4950701203
7283 740993.7570740368
7341 741391.6778611308
7532 741823.5312689482
7565 742226.1442186021
7701 742243.6018141522
8046 742649.7951603738
8204 743829.9110405642
8284 744028.2743190698
8354 744280.8173523941
8559 744527.6034458473
8760 744988.9305794312
9422 745026.0382474676
9547 745345.4380615177
9806 745498.7376611355
9949 746007.9444856032
10000 724613.1263614325
evaluations raw_y
1 705016.3277539264
4 705696.2012672108
28 706256.7937729479
52 707758.5264522486
58 708636.5943743163
82 708725.2511876975
92 708957.7633498590
118 710920.5563562750
128 711812.2138938383
165 712347.4496712821
182 712490.3516766704
210 713358.2339582535
285 713564.3334873711
286 713982.6171548575
304 714066.5996198549
344 715269.8050114224
398 715386.6155967059
424 716106.3647026051
486 716169.8788893711
547 717180.7683914483
727 717840.6636633360
748 718645.6790357315
789 719585.7663083338
822 720189.1016945129
896 720463.3020622000
981 720689.6141779111
1108 721513.7584246441
1151 721521.9147988204
1206 721955.9330846767
1213 721959.4199474901
1280 722017.8226725112
1339 722233.6134378483
1350 722699.3727437025
1429 723606.9824742407
1497 724388.3014761319
1644 725088.6989361533
1658 725146.5697965154
1665 725778.8852337331
1721 726213.9406497360
1826 726703.8046419027
2060 728165.2164970423
2279 728346.6013648196
2325 729603.6891867877
2801 730047.7638683616
2804 730081.6770492842
2971 730743.9598772074
3131 730960.0571415856
3142 730992.8268797649
3205 731623.7446275840
3259 732137.2914637887
3263 732354.2698605285
3350 732763.1275700652
3435 733158.7904448416
3569 733927.8808784189
3975 734257.2893456765
4053 734544.3454546641
4132 735327.8023139198
4363 735390.4238452635
4545 735500.6755704726
4591 735682.7517925570
4687 735720.3807253671
4748 736108.0967615017
4961 736464.5044726724
5009 736650.2272953651
5255 737021.8104270159
5444 738162.7536350507
5918 739261.3254584430
5954 739282.9679762187
5995 739466.5144241684
6041 740074.5895062686
6054 740545.7412451335
6112 740773.7117600181
6160 741475.7633766434
6683 741630.7783478526
6876 742384.4401551271
6990 742388.7656061359
7347 742433.9839052338
7498 742439.2200610375
7798 743067.2827278543
7939 743224.7461873422
8098 743401.2991636243
8345 745402.4013244384
8758 745406.0920018713
9096 746114.2007868493
9200 746565.7523869887
9224 746827.0299066278
9340 747303.0915597162
9407 747763.0351979096
9489 748145.8047835963
9632 748563.7231312485
9975 749075.6967307290
10000 693959.1641690853
evaluations raw_y
1 654823.6932302976
4 655699.5764002650
18 656513.2104536509
21 658453.7081826755
32 658675.6613013351
46 658754.3754728655
77 659401.9852210652
84 659896.9161211797
116 660144.6017991469
165 660456.9038400284
196 660712.8155888154
305 661291.1078754877
336 662102.4992331560
380 662371.9403597481
397 662629.9951782757
413 662821.1237875831
423 664023.0776950307
451 665008.2093169669
492 665199.5519430672
519 665941.7311949404
564 667011.1027369713
701 668218.6642710007
741 668361.3218295922
794 668469.6012649162
839 669744.1884612442
881 669778.0641983351
938 669886.3378205945
1039 669947.0903896787
1045 670773.2017068323
1065 671152.9416146829
1111 671789.1088530234
1140 672616.0572582006
1176 673555.4623488875
1252 673926.9856992157
1447 674234.6555566774
1467 674489.3120415733
1535 675325.6487419046
1593 675423.7060312560
1620 676608.7110284151
1682 676927.0484071586
1944 677226.9145837041
2005 677247.8911624299
2039 678320.5269294655
2138 678644.6185358268
2283 679072.8583887829
2289 679777.7250400424
2457 679868.2790760844
2562 680714.9983376357
2598 681201.4286869622
2752 681450.6991799755
2844 682153.0199324283
2989 682263.8843823259
3269 682701.2704341395
3289 683630.6361057702
3603 683808.1676850187
3656 684308.9757676362
3683 684622.7600911979
3859 684672.1608328935
3900 684838.5485055385
4322 685389.4120964351
4327 685487.9751461912
4518 685713.8743764178
4633 685731.1224103301
4689 686527.8752094567
4734 687199.0019016025
4998 688048.7485750373
5406 688719.2627058603
5482 688763.7692664874
5597 689438.2996245144
5710 689783.3055771959
5734 690096.3523259850
6092 690594.1799376862
6293 690743.0205414117
6319 691485.8022999922
6539 691835.4087161238
6796 692689.8178547742
7145 692823.4138282673
7326 693519.2476515487
7469 694102.7141059182
7551 694578.5719989687
7717 695962.4480268187
7957 696420.4836183459
8193 697260.6444597319
8420 697915.2055772786
8657 697995.1789648611
9046 698367.9290912065
9061 698583.7133343640
9088 698890.3441248304
9139 699006.1209759503
9162 699160.6495528817
9170 699795.1163674168
9266 699887.2052458602
9336 700480.0958122492
9620 700549.2969680071
9793 702044.7619204910
9887 702195.9958314752
10000 697569.6582059031
evaluations raw_y
1 710842.4249238140
24 710955.7556374179
28 711827.0700045414
80 712592.6249230367
81 712871.3491027480
138 713319.3534515514
141 714829.4613407920
212 715216.7799106782
263 715309.5238084147
272 715941.1974558478
305 716721.4745849478
505 717280.5925268389
582 717464.2294936791
583 717944.1596312107
631 718863.0922357484
655 719577.8888101882
775 719834.6203237051
780 720365.1109939335
849 720383.8581030861
993 720734.1677295964
1038 722228.0022300681
1044 723256.0646505399
1076 723271.5086336461
1078 723300.5501194180
1099 723432.2569835342
1180 725116.2216193208
1209 726104.3145314812
1312 726142.9291031898
1368 727355.5756529248
1504 727582.8130030095
1567 728151.1411628777
1661 728388.5025044382
1734 728679.6627790779
1752 729457.5623844459
1784 729910.7942384597
1957 729953.7739565232
2201 730413.5623200407
2252 730968.8513421664
2397 732537.5697377663
2532 733488.0127336170
2676 733743.7855548207
2923 734145.6470686204
3008 734217.3857894029
3040 735215.9232186828
3045 736407.0711660383
3063 736778.6606545972
3095 737310.6150349296
3293 737837.7360493892
3389 738046.8273567350
3397 739130.9428207005
3658 739355.0939021904
3685 740992.0385982627
3831 741950.9389043440
3919 742950.8333614805
4409 743259.2310726132
4535 743425.6031475230
4570 743750.7453357461
4682 744154.8020454289
4782 744189.1692840268
4839 744983.2249812746
5012 745062.7372856627
5107 745174.4877976939
5435 745327.5998290451
5646 745557.1421050262
5929 746157.6168812575
6219 746543.7846794920
6627 747071.7169860996
6721 748017.8607772441
6961 748584.6256182309
7377 748594.4345746509
7433 749071.8390598972
7435 749321.8720364425
7582 749583.2113427244
7739 750079.2139050873
7971 750200.6953709428
8374 750225.6946278887
8402 750328.8641956863
8658 751621.1127854980
8902 752194.1481411583
9107 753317.8845891237
9642 753749.4710348180
9814 755011.8039265281
10000 689438.3799479331
evaluations raw_y
1 684700.7847642116
2 684906.6486742855
3 685787.4475758242
4 685791.5423262186
5 685957.4817846990
14 686738.7306283314
20 686808.3072747661
25 687111.3023277487
35 688843.9329972205
81 689266.2626160682
116 689955.6890023034
146 690211.4615692344
158 691026.0940308195
318 691445.9708446317
376 691581.0512194589
392 692434.3664919949
444 693139.9601779263
479 695279.7408606383
596 695868.2423725502
598 696130.9361001306
663 696213.4009359346
678 697076.0709747120
806 697468.6538660099
827 697745.6169091053
994 698435.9783408461
1031 698626.4920384875
1036 698822.0735700708
1087 698889.7479948445
1215 699381.4284350938
1300 700096.1630564178
1385 700700.8224490614
1572 701113.3653956390
1599 702534.2207385000
1773 703021.0748698316
1776 703391.8146259971
1799 703928.6960590760
1818 704579.0103255388
1872 705381.8789468639
1900 706363.4904979460
2028 707287.4590945041
2039 707858.4041332861
2067 709554.8883030055
2247 709946.4296699034
2666 710218.1631911187
2681 710230.1132927218
2700 710240.5655781449
2784 710328.2540299183
2825 710708.4780426419
2949 710710.6570274116
3119 711110.3466701749
3207 711289.8032809377
3316 712196.4496930314
3519 713187.3492270012
3555 713643.8280850904
3596 714360.6360630707
3665 714700.0471024805
3731 715023.7341505159
3857 716779.6498806966
3869 717355.7341077689
4232 717727.8384973570
4297 718155.7166411766
4356 718166.3493755112
4426 718786.3219850764
4433 720183.2124877697
4476 720206.1182993981
4764 721922.6618481743
5304 722648.4339925424
5392 723043.8239816931
5647 724033.5372281515
5812 725166.1376852762
5953 725605.3131353784
6091 725859.2930798234
6158 725962.6704656745
6281 726697.9972315375
6300 726705.2539872369
6686 727236.7893929314
6689 727291.8178408197
7169 727474.6441768924
7251 727947.9508479770
7662 728005.3804392475
7691 728221.1914829266
7855 729079.5827359835
8074 730311.9588939453
8207 731440.4199743340
8244 731564.6361361879
8378 732198.3159564629
8480 732287.0485334228
8528 732412.8499985799
9204 732573.0559597650
9419 733316.3693304691
9822 734369.9605895249
10000 703465.4918454742
evaluations raw_y
1 688550.9682677398
4 689600.0231443011
14 689956.8330013526
17 690722.2408152088
26 691924.4415393723
61 692891.1582498696
88 693489.4322676990
117 694435.2290220852
149 694776.7162597548
183 695768.6367357438
235 696017.9315675688
328 696360.0525631241
329 696739.2893828031
337 696834.1929153592
388 697408.8280225893
490 697453.2670375443
491 698411.0779399233
599 699003.9527616387
603 700353.3876455587
648 700652.0087452210
755 701121.1408195270
763 701265.1212415562
819 701291.6966528831
835 701453.4742890366
868 701553.5981223024
912 702667.0548446601
970 703245.2126829033
1032 704046.1973312952
1081 704237.7786836757
1178 704597.4486443147
1198 705052.3904828478
1220 705265.0939015622
1225 705597.0960302476
1256 705654.6316215066
1351 706006.5163224847
1354 706492.9272965596
1485 707020.4396227904
1627 707350.0830214163
1645 707839.2881754481
1721 708394.2533452688
1894 708647.9425795291
1926 708714.1344388055
1963 708756.3708562645
1974 708971.0122525229
2046 709426.3683085074
2094 710931.8065727863
2203 711212.3204826408
2226 711427.0616470663
2269 711526.4352988427
2324 712123.6946872643
2421 712873.9084096045
2466 713584.8267656742
2554 714285.3649474503
2617 714667.5692739518
2719 715085.1398437008
2737 715367.6089918589
2982 716009.9447198008
3125 716661.3862195446
3148 716762.4223990089
3209 717009.1074160082
3310 717754.5814162361
3325 717888.0063540934
3391 718731.5214846381
3507 718953.9550317286
3578 718960.1657493036
3610 719480.3045128355
3742 719736.1274616958
3826 720358.7935630763
3829 720462.5884780320
3846 720568.7298703431
3897 720798.5577873312
3957 721074.5940415706
4008 721990.9054096952
4144 722050.7513402330
4151 722443.1962495622
4239 723272.1572151361
4474 724025.9433081434
4560 724277.8333468791
4617 725703.9094735299
4824 726606.4713684056
5004 726772.8937743884
5169 727102.3267089593
5263 727201.5289795039
5302 727286.9851455707
5369 727298.0045580969
5538 727903.3332439573
5608 728422.5086664776
5649 728461.6971042680
5973 728852.1614058005
6213 729154.6823472325
6306 730073.1992152965
6442 730949.0752768865
6471 732226.9901535563
6720 733184.2955234332
6874 733536.6077867147
6908 733989.6681952949
7487 735096.5184248363
7902 736429.5605969384
8077 737045.3489226765
8159 737428.0674890506
8469 737508.3749808100
8495 738886.1709495666
8733 739034.3308434163
8745 739079.8279949549
9286 739298.8704903474
9435 739588.2340241818
9755 739638.9793942570
9760 739938.7860589143
9789 740664.6629209023
9981 740679.2900597082
10000 691293.8729894412
evaluations raw_y
1 682046.9796558168
2 682610.1924970439
5 683494.6246429288
9 684159.4960012176
10 684262.2885669938
37 685081.0860432464
56 685880.5804929112
83 686062.0489927981
103 686121.6582449262
124 686621.0715602326
146 687098.5445622300
171 687219.3611100914
172 687589.3727070501
175 688698.0239350414
199 689234.2560738912
210 689428.4967510925
220 689859.7211439438
256 690338.1463992702
286 691232.6165964691
363 691551.3924877971
369 692134.8669009707
476 692308.7740915326
517 692609.0780694168
529 692796.3959294123
570 693517.3435711031
621 694142.6308202415
718 694468.7602353751
728 694803.0335031726
786 694879.3887290956
808 694989.7929387161
822 695720.0684398093
843 696538.8789268784
856 696710.0953238666
863 697156.9565344759
921 697680.7361838936
1006 697839.8431691848
1038 698739.6420068910
1041 699439.4717595109
1065 700219.2498662866
1122 700348.0745678033
1147 701138.6554954881
1220 701238.7687787655
1346 701702.9545316284
1453 703154.2683402085
1541 704063.3092791660
1705 704084.2774231916
1717 704593.1904903546
1804 706028.9659495427
1894 706392.4915411978
1978 706782.3052702593
2216 707827.6898368754
2311 708493.8337820573
2432 708810.1140010322
2507 709046.9184326073
2537 709808.1954728038
2821 709914.1315935761
2831 710011.8054147669
2845 710238.6243022273
2956 710880.2191526496
2994 711566.5696355598
3003 711760.6892677319
3177 711942.1700069887
3213 712118.2590730041
3392 712451.4532425299
3423 712464.3112965005
3651 712779.5618792821
3668 713015.6940363513
3705 713378.2401600493
3715 713604.9768108833
3739 714322.4841687010
3868 714535.3291736214
3947 715220.9191562518
4022 715712.5493755277
4056 716517.1909997856
4179 716861.7224189490
4324 717024.3412683490
4534 717663.8236779477
4536 717861.1471556714
4880 717888.5019139654
4956 718123.0372542724
4999 719041.2637522249
5169 719642.0859383985
5296 719704.1212056368
5299 720234.5562712227
5595 720734.7894207516
5793 721345.6523744941
5855 722192.2878819938
5967 723087.2843406600
6019 723338.8133796788
6197 723349.2134563837
6210 723928.1210214682
6418 724441.8011062245
6585 725121.5684924553
6743 726040.1585350236
6757 726149.8353249689
7017 726920.5814210279
7247 727471.4085305473
7354 727806.1620333593
7870 728056.2785137789
7947 728777.1639222933
7964 729198.4202872989
8332 729204.7810985286
8623 729820.2246489233
8797 730210.2580726524
8915 730833.2012716449
9106 731174.6470604206
9466 731458.4224432845
9594 732451.6638884442
9992 732609.8178282651
10000 702032.4739820715
evaluations raw_y
1 684938.6556888188
3 685716.8717239600
4 686151.1931113456
14 686737.9530129579
17 686762.0564338056
18 688234.2865817646
27 689034.0546286633
30 690025.0819560151
43 690364.0626520291
116 692058.2809406833
210 692141.1160369951
317 692581.9891947435
371 693236.5979093091
374 693411.6121305480
405 693580.0399613846
427 694223.6145246197
508 694372.0772080115
511 695206.4458352632
525 695483.9022592719
532 695649.0248200309
553 695846.2909054233
570 696814.5655632933
603 697117.1479026527
651 697285.0595783766
677 698544.7782400483
683 698818.9487748519
806 699055.8431056251
852 699993.5763737018
871 700071.2937206611
927 700983.3019249677
1015 701502.2048747024
1097 701699.2000537098
1098 702050.7281681008
1112 702934.5693668232
1227 703460.4344747879
1273 704591.9178092798
1380 705411.4808718149
1515 705689.9130807547
1580 705829.0660933038
1684 706182.8267051751
1813 706932.6174743001
1939 707437.7801394654
1943 707769.2483138371
2012 707816.3760873376
2110 708055.1018968087
2144 708216.5789420439
2162 708702.2361480539
2182 708839.0587169386
2273 708925.5990172159
2411 709847.6257737852
2515 710391.5710171572
2589 710926.9806514442
2743 712067.9845367400
2890 712692.0821530268
2992 713260.6434645774
3020 713309.2568062096
3022 713353.6303072619
3187 715086.7869568324
3363 715467.2690813673
3588 716118.3225279769
3690 716761.8950539775
3770 717427.7475304919
3894 717808.0307568496
4047 717950.2308598673
4066 718201.9998436825
4084 718351.8015529918
4201 718745.5435801698
4326 719575.1574641786
4604 719869.4984195754
4658 720179.3999697639
4719 721449.8413310188
4863 721863.3981571529
4878 722410.9258497467
4992 722826.7291455268
5022 723336.7731649731
5032 723368.2129413713
5116 723431.4810052981
5119 723569.9234257960
5136 723837.0045799216
5238 724240.3971946322
5309 724399.3182172125
5348 725111.1567370930
5617 725418.5964786251
5719 725544.1858992357
5787 725837.9340300777
5870 726241.2465964005
5883 726472.4797946204
5920 726577.1048834483
5965 726718.2282318809
5974 727249.4149166469
6188 727796.1189926451
6307 728928.5766969348
6418 729782.5151055844
6561 729967.3741792829
6811 730552.5119696076
6868 730926.8914793110
7295 731312.0720363359
7323 731649.9503050493
7406 731725.2323380560
7533 732541.2268503612
7808 733532.3329914630
7989 733812.7590315480
8049 733881.1969770011
8292 734699.9268944267
8301 734742.8933018824
8484 735176.6501177789
8584 735241.5629271773
8606 735398.3683008131
8631 736381.3410595672
8633 736932.8044470678
8820 737751.4329908707
8939 737873.8894585512
8960 739151.4288934134
9267 739735.6707284733
9757 739797.9840053851
9799 740412.7459509183
9853 740628.6230508512
9998 741164.5952424072
10000 717103.2949249247
