evaluations raw_y
1 -279102.1000000000
4 -276291.1000000000
5 -276049.1000000000
6 -274547.1000000000
8 -273927.1000000000
10 -273455.1000000000
11 -272229.1000000000
15 -269341.1000000000
17 -269240.1000000000
18 -268959.1000000000
22 -267582.1000000000
25 -267094.1000000000
26 -266350.1000000000
29 -264307.1000000000
30 -260991.1000000000
31 -260162.1000000000
32 -258828.1000000000
35 -255536.1000000000
36 -255128.1000000000
41 -254902.1000000000
42 -254700.1000000000
44 -254113.1000000000
45 -254109.1000000000
50 -253905.1000000000
52 -253137.1000000000
59 -251847.1000000000
60 -251708.1000000000
61 -250836.1000000000
62 -250013.1000000000
65 -248395.1000000000
66 -248028.1000000000
68 -247354.1000000000
70 -245936.1000000000
73 -245224.1000000000
76 -241476.1000000000
80 -239476.1000000000
81 -236372.1000000000
93 -236067.1000000000
105 -235604.1000000000
108 -231604.1000000000
110 -231382.1000000000
116 -229464.1000000000
117 -228814.1000000000
118 -226645.1000000000
119 -223846.1000000000
121 -221090.1000000000
123 -219196.1000000000
124 -218473.1000000000
127 -217027.1000000000
132 -216780.1000000000
133 -214900.1000000000
135 -214508.1000000000
137 -213534.1000000000
140 -212901.1000000000
144 -212653.1000000000
148 -212040.1000000000
149 -211299.1000000000
152 -210613.1000000000
157 -209789.1000000000
166 -209475.1000000000
168 -207995.1000000000
170 -207551.1000000000
174 -205789.1000000000
176 -204569.1000000000
178 -202777.1000000000
182 -202467.1000000000
183 -201725.1000000000
186 -201568.1000000000
195 -200390.1000000000
200 -200150.1000000000
209 -198778.1000000000
214 -197897.1000000000
220 -196976.1000000000
226 -196496.1000000000
235 -195206.1000000000
236 -193704.1000000000
237 -190700.1000000000
240 -190014.1000000000
245 -189614.1000000000
247 -188791.1000000000
248 -188679.1000000000
249 -186559.1000000000
253 -186480.1000000000
259 -185606.1000000000
260 -185575.1000000000
263 -182035.1000000000
266 -181085.1000000000
269 -179897.1000000000
275 -179287.1000000000
279 -178564.1000000000
287 -178464.1000000000
291 -177238.1000000000
294 -177182.1000000000
297 -175662.1000000000
298 -173796.1000000000
305 -170212.1000000000
311 -169327.1000000000
314 -167557.1000000000
315 -165721.1000000000
316 -165313.1000000000
334 -163427.1000000000
336 -162249.1000000000
342 -161075.1000000000
345 -160266.1000000000
358 24190.5264821373
363 24388.4393367732
397 24588.9616087138
671 24990.0005373400
10001 -160885.1000000000
evaluations raw_y
1 -288501.1000000000
2 -285497.1000000000
3 -284579.1000000000
4 -284274.1000000000
11 -284086.1000000000
12 -283719.1000000000
16 -282965.1000000000
17 -281243.1000000000
19 -281212.1000000000
20 -280291.1000000000
26 -279954.1000000000
29 -279875.1000000000
31 -279416.1000000000
32 -278441.1000000000
35 -276597.1000000000
37 -273305.1000000000
41 -272127.1000000000
42 -271883.1000000000
44 -271160.1000000000
45 -268324.1000000000
46 -266856.1000000000
57 -266490.1000000000
61 -265046.1000000000
72 -264583.1000000000
74 -263956.1000000000
75 -262768.1000000000
76 -262028.1000000000
78 -261088.1000000000
79 -260594.1000000000
80 -260269.1000000000
81 -260207.1000000000
83 -258987.1000000000
84 -255215.1000000000
85 -254621.1000000000
92 -252981.1000000000
96 -252096.1000000000
98 -251352.1000000000
99 -248553.1000000000
101 -247181.1000000000
114 -246234.1000000000
117 -242694.1000000000
123 -241440.1000000000
125 -238563.1000000000
128 -238316.1000000000
129 -237026.1000000000
131 -236089.1000000000
132 -235501.1000000000
135 -235196.1000000000
138 -233750.1000000000
140 -232807.1000000000
142 -232801.1000000000
143 -232393.1000000000
147 -231905.1000000000
150 -231703.1000000000
151 -230523.1000000000
154 -229627.1000000000
155 -225879.1000000000
161 -225349.1000000000
163 -225347.1000000000
165 -224657.1000000000
168 -224656.1000000000
169 -224416.1000000000
173 -221100.1000000000
177 -220464.1000000000
179 -220238.1000000000
180 -218364.1000000000
181 -217942.1000000000
183 -217605.1000000000
203 -216776.1000000000
205 -216565.1000000000
209 -215565.1000000000
215 -214790.1000000000
223 -211859.1000000000
227 -210481.1000000000
228 -207725.1000000000
232 -207112.1000000000
234 -206689.1000000000
244 -205938.1000000000
248 -203895.1000000000
253 -201775.1000000000
254 -201188.1000000000
257 -200626.1000000000
270 -198856.1000000000
289 -196990.1000000000
305 -195544.1000000000
310 -195211.1000000000
321 -194748.1000000000
327 -193414.1000000000
331 -192052.1000000000
332 -191385.1000000000
337 -191015.1000000000
353 -190240.1000000000
354 -188622.1000000000
366 -187142.1000000000
369 -186605.1000000000
373 -185305.1000000000
375 -184660.1000000000
376 -184260.1000000000
379 -183288.1000000000
385 -183257.1000000000
391 -181465.1000000000
405 -181098.1000000000
407 -177350.1000000000
414 -174462.1000000000
424 -172960.1000000000
426 -172238.1000000000
432 -170861.1000000000
456 -170469.1000000000
457 -168917.1000000000
466 -168695.1000000000
467 -168554.1000000000
469 -167964.1000000000
470 -167031.1000000000
471 -167029.1000000000
475 -166343.1000000000
476 -166061.1000000000
477 -165609.1000000000
486 -163839.1000000000
502 -162902.1000000000
533 -160091.1000000000
536 21880.2427398233
541 22201.0113798457
547 22219.5502154607
557 22418.2955512521
559 22455.9935198527
597 22589.6999670449
605 22691.3417290973
607 22791.5310711598
611 22832.7770826239
613 22922.1947125872
653 23074.9571374644
655 23786.2229613746
657 23969.7015965979
658 24018.1742280116
777 24416.8117138301
858 24516.4685095877
1170 24715.7818253504
1270 24816.3776319385
1661 24838.9563560332
1663 24963.8704127109
1666 25352.1296564331
1676 25450.9371536032
1709 25527.1198235911
10001 -161385.1000000000
evaluations raw_y
1 -295936.1000000000
3 -294876.1000000000
8 -292548.1000000000
10 -291797.1000000000
12 -290623.1000000000
13 -288475.1000000000
15 -288119.1000000000
16 -286819.1000000000
17 -286664.1000000000
19 -286102.1000000000
20 -283522.1000000000
22 -280630.1000000000
24 -277819.1000000000
25 -277206.1000000000
28 -277159.1000000000
30 -275315.1000000000
32 -274378.1000000000
34 -274097.1000000000
36 -270097.1000000000
37 -269997.1000000000
38 -268153.1000000000
41 -267673.1000000000
43 -267281.1000000000
44 -266999.1000000000
45 -263459.1000000000
51 -261416.1000000000
52 -260674.1000000000
55 -260434.1000000000
57 -259897.1000000000
64 -259497.1000000000
69 -257328.1000000000
76 -254572.1000000000
78 -254042.1000000000
82 -253353.1000000000
85 -250465.1000000000
87 -246881.1000000000
88 -246291.1000000000
90 -245001.1000000000
92 -244664.1000000000
95 -243978.1000000000
97 -243526.1000000000
98 -241652.1000000000
99 -240791.1000000000
100 -240679.1000000000
102 -239775.1000000000
105 -238801.1000000000
108 -237677.1000000000
114 -236499.1000000000
115 -235573.1000000000
117 -234127.1000000000
119 -233641.1000000000
121 -229893.1000000000
127 -228934.1000000000
137 -227758.1000000000
138 -227679.1000000000
141 -227117.1000000000
142 -226523.1000000000
145 -225602.1000000000
146 -223810.1000000000
147 -222866.1000000000
149 -222860.1000000000
150 -222016.1000000000
156 -221550.1000000000
166 -219780.1000000000
172 -219578.1000000000
183 -218058.1000000000
184 -217384.1000000000
196 -215968.1000000000
197 -214460.1000000000
205 -213098.1000000000
206 -209994.1000000000
210 -209627.1000000000
213 -208249.1000000000
222 -207762.1000000000
224 -206938.1000000000
235 -204007.1000000000
237 -203702.1000000000
238 -202330.1000000000
241 -201649.1000000000
242 -199887.1000000000
243 -197527.1000000000
249 -197404.1000000000
256 -197099.1000000000
258 -196619.1000000000
267 -192847.1000000000
277 -189099.1000000000
285 -188729.1000000000
290 -186277.1000000000
300 -185963.1000000000
301 -184083.1000000000
309 -183883.1000000000
314 -183493.1000000000
316 -182759.1000000000
339 -181809.1000000000
348 -181337.1000000000
351 -179785.1000000000
362 -176908.1000000000
365 -175961.1000000000
375 -175496.1000000000
391 -175395.1000000000
394 -175028.1000000000
396 -175027.1000000000
401 -174780.1000000000
405 -174147.1000000000
421 -171771.1000000000
426 -171183.1000000000
429 -170595.1000000000
438 -170539.1000000000
450 -169950.1000000000
456 -167830.1000000000
464 -166893.1000000000
471 -165413.1000000000
474 -165382.1000000000
494 -164445.1000000000
495 -162527.1000000000
513 -162064.1000000000
544 23167.0350938216
549 23705.1906755345
551 23767.0468944406
552 23870.6137358908
554 24593.1926549600
564 24721.7403540815
570 24804.6008354058
650 25203.6421651119
690 25292.5812429936
753 25392.3136821674
915 25492.6115655940
1114 25692.0701947326
1227 25891.5289017054
10001 -160522.1000000000
evaluations raw_y
1 -278378.1000000000
3 -278278.1000000000
4 -276404.1000000000
5 -274634.1000000000
8 -274273.1000000000
9 -273660.1000000000
11 -273098.1000000000
13 -272161.1000000000
15 -270783.1000000000
16 -270779.1000000000
17 -267007.1000000000
20 -263715.1000000000
23 -263079.1000000000
24 -262839.1000000000
26 -261613.1000000000
27 -261150.1000000000
29 -259510.1000000000
31 -258606.1000000000
41 -257920.1000000000
43 -255028.1000000000
45 -254354.1000000000
47 -253579.1000000000
48 -253223.1000000000
49 -252447.1000000000
51 -251624.1000000000
56 -250178.1000000000
58 -249691.1000000000
59 -249219.1000000000
67 -248496.1000000000
70 -247745.1000000000
72 -247355.1000000000
77 -246825.1000000000
78 -246136.1000000000
80 -245728.1000000000
81 -244394.1000000000
83 -243804.1000000000
85 -241910.1000000000
87 -241488.1000000000
88 -240712.1000000000
97 -240218.1000000000
98 -239732.1000000000
99 -238478.1000000000
105 -237490.1000000000
112 -235768.1000000000
113 -234324.1000000000
114 -233849.1000000000
119 -233445.1000000000
122 -232191.1000000000
127 -231781.1000000000
128 -230313.1000000000
132 -228427.1000000000
134 -227814.1000000000
136 -226840.1000000000
140 -226377.1000000000
146 -224257.1000000000
147 -220509.1000000000
149 -220408.1000000000
150 -218564.1000000000
156 -216802.1000000000
162 -214442.1000000000
165 -212562.1000000000
167 -212281.1000000000
176 -211344.1000000000
177 -210054.1000000000
190 -210007.1000000000
197 -208717.1000000000
198 -208435.1000000000
210 -206915.1000000000
211 -206760.1000000000
215 -204860.1000000000
221 -203986.1000000000
226 -203373.1000000000
228 -202745.1000000000
230 -201277.1000000000
231 -200910.1000000000
237 -200087.1000000000
238 -199353.1000000000
251 -197935.1000000000
256 -194491.1000000000
264 -192721.1000000000
265 -191877.1000000000
267 -190930.1000000000
270 -188042.1000000000
274 -187308.1000000000
281 -186485.1000000000
284 -186019.1000000000
287 -185277.1000000000
294 -184963.1000000000
296 -184042.1000000000
304 -181666.1000000000
310 -178855.1000000000
311 -178143.1000000000
317 -177663.1000000000
318 -173915.1000000000
333 -173450.1000000000
346 -172274.1000000000
347 -171969.1000000000
354 -169389.1000000000
366 -169163.1000000000
367 -169022.1000000000
378 -168313.1000000000
382 -168191.1000000000
384 -167720.1000000000
391 -167498.1000000000
422 -166539.1000000000
457 -163435.1000000000
460 -163027.1000000000
466 -162575.1000000000
479 -162327.1000000000
481 -161567.1000000000
487 -160065.1000000000
491 24150.0891831606
493 24660.9193835404
496 24826.9024116122
506 24947.0528587328
528 25085.1937442387
536 25187.5638568856
573 25587.6500653526
580 25787.6911295412
698 25888.6270789652
747 26088.6575673710
788 26189.5628948609
1018 26289.5735709487
10001 -160040.1000000000
evaluations raw_y
1 -294412.1000000000
2 -292966.1000000000
3 -291788.1000000000
4 -291709.1000000000
6 -291521.1000000000
8 -290908.1000000000
11 -289720.1000000000
14 -288748.1000000000
17 -288522.1000000000
20 -287346.1000000000
22 -286976.1000000000
24 -286970.1000000000
27 -284518.1000000000
28 -284345.1000000000
29 -284223.1000000000
32 -281863.1000000000
34 -280379.1000000000
38 -279935.1000000000
39 -279630.1000000000
42 -278745.1000000000
48 -276983.1000000000
55 -276370.1000000000
56 -274600.1000000000
57 -273858.1000000000
59 -272962.1000000000
60 -272146.1000000000
62 -271395.1000000000
65 -270436.1000000000
66 -269518.1000000000
68 -268832.1000000000
70 -267352.1000000000
73 -266292.1000000000
75 -264992.1000000000
76 -264748.1000000000
78 -264607.1000000000
84 -263163.1000000000
89 -261120.1000000000
91 -259942.1000000000
97 -258524.1000000000
100 -258049.1000000000
102 -257590.1000000000
103 -256900.1000000000
106 -254012.1000000000
107 -253035.1000000000
108 -252088.1000000000
110 -251214.1000000000
111 -250439.1000000000
112 -248485.1000000000
113 -247231.1000000000
115 -247027.1000000000
117 -247021.1000000000
118 -246740.1000000000
119 -246277.1000000000
120 -245533.1000000000
124 -242734.1000000000
125 -242025.1000000000
126 -239214.1000000000
127 -238601.1000000000
132 -236839.1000000000
133 -235117.1000000000
134 -233745.1000000000
135 -233497.1000000000
137 -233151.1000000000
140 -232214.1000000000
141 -231726.1000000000
144 -231099.1000000000
147 -229737.1000000000
152 -226633.1000000000
155 -225165.1000000000
172 -225064.1000000000
173 -225063.1000000000
175 -223189.1000000000
177 -222718.1000000000
179 -222044.1000000000
180 -221454.1000000000
181 -221062.1000000000
183 -219842.1000000000
189 -217390.1000000000
190 -216567.1000000000
192 -216412.1000000000
195 -215588.1000000000
197 -215232.1000000000
200 -214260.1000000000
201 -213006.1000000000
208 -212230.1000000000
209 -210330.1000000000
219 -208822.1000000000
229 -208212.1000000000
234 -206922.1000000000
235 -206920.1000000000
241 -206673.1000000000
244 -206368.1000000000
253 -205806.1000000000
256 -204977.1000000000
261 -204040.1000000000
278 -203390.1000000000
281 -203024.1000000000
286 -202404.1000000000
288 -202043.1000000000
300 -201354.1000000000
309 -199852.1000000000
314 -196080.1000000000
315 -195105.1000000000
321 -194618.1000000000
323 -193692.1000000000
324 -191109.1000000000
327 -189273.1000000000
338 -189179.1000000000
341 -188242.1000000000
349 -188211.1000000000
356 -187624.1000000000
359 -184332.1000000000
367 -183410.1000000000
374 -183054.1000000000
379 -181677.1000000000
380 -179557.1000000000
398 -177691.1000000000
402 -176748.1000000000
411 -176508.1000000000
417 -172968.1000000000
418 -172332.1000000000
443 -171910.1000000000
448 -171628.1000000000
463 -170767.1000000000
466 -170400.1000000000
479 -170200.1000000000
485 -168356.1000000000
499 -167904.1000000000
512 -167781.1000000000
520 -165519.1000000000
528 -165129.1000000000
536 -161129.1000000000
553 -160395.1000000000
616 -159991.1000000000
625 24554.4474165617
627 25057.2997087493
630 25166.9667410626
647 25276.2967970737
713 25500.7422959260
10001 -160591.1000000000
evaluations raw_y
1 -244002.1000000000
2 -243316.1000000000
4 -242924.1000000000
5 -242444.1000000000
10 -242200.1000000000
11 -241808.1000000000
13 -240882.1000000000
15 -240001.1000000000
19 -239127.1000000000
22 -238705.1000000000
29 -238532.1000000000
37 -237114.1000000000
38 -236888.1000000000
39 -233784.1000000000
40 -232847.1000000000
41 -232214.1000000000
46 -231525.1000000000
47 -231325.1000000000
48 -228965.1000000000
49 -228015.1000000000
51 -227793.1000000000
53 -227731.1000000000
56 -226922.1000000000
57 -225454.1000000000
59 -224989.1000000000
61 -224778.1000000000
62 -224432.1000000000
63 -223961.1000000000
69 -223773.1000000000
73 -222998.1000000000
74 -222222.1000000000
75 -221468.1000000000
76 -220746.1000000000
77 -218577.1000000000
78 -218498.1000000000
81 -218173.1000000000
86 -217685.1000000000
87 -216910.1000000000
91 -216176.1000000000
92 -215347.1000000000
94 -214347.1000000000
99 -213980.1000000000
100 -212806.1000000000
105 -211873.1000000000
109 -210933.1000000000
117 -210810.1000000000
121 -209630.1000000000
123 -208570.1000000000
125 -207880.1000000000
131 -207293.1000000000
133 -204713.1000000000
135 -204217.1000000000
136 -202927.1000000000
144 -202452.1000000000
146 -202210.1000000000
153 -201787.1000000000
160 -201693.1000000000
163 -200870.1000000000
165 -200791.1000000000
170 -200304.1000000000
171 -198752.1000000000
172 -198215.1000000000
181 -196321.1000000000
183 -195988.1000000000
186 -195127.1000000000
187 -193365.1000000000
188 -193253.1000000000
190 -192281.1000000000
196 -192279.1000000000
201 -191666.1000000000
205 -191053.1000000000
210 -189501.1000000000
219 -188558.1000000000
221 -185670.1000000000
227 -184996.1000000000
238 -184659.1000000000
242 -184014.1000000000
255 -182652.1000000000
265 -181963.1000000000
268 -181555.1000000000
271 -180815.1000000000
273 -179838.1000000000
274 -178934.1000000000
306 -177142.1000000000
322 -176319.1000000000
328 -174985.1000000000
331 -174209.1000000000
338 -173234.1000000000
342 -171588.1000000000
345 -170368.1000000000
389 -169494.1000000000
439 -168622.1000000000
442 -167955.1000000000
451 -167547.1000000000
458 -166423.1000000000
463 -166109.1000000000
466 -164737.1000000000
477 -164285.1000000000
483 -163211.1000000000
506 -160375.1000000000
508 23016.6179238891
509 23234.4968906016
523 23434.3391901476
529 23549.4841483481
573 23948.9764594360
765 24049.8769208322
10001 23834.5796530204
evaluations raw_y
1 -273484.1000000000
2 -272484.1000000000
6 -272262.1000000000
7 -272256.1000000000
8 -271694.1000000000
12 -270918.1000000000
13 -269300.1000000000
16 -268126.1000000000
20 -267138.1000000000
22 -267136.1000000000
24 -266665.1000000000
26 -266185.1000000000
28 -265463.1000000000
29 -264489.1000000000
30 -264030.1000000000
31 -261142.1000000000
32 -260506.1000000000
33 -257629.1000000000
37 -256679.1000000000
38 -255263.1000000000
42 -251491.1000000000
47 -249971.1000000000
48 -249031.1000000000
52 -248109.1000000000
53 -248103.1000000000
55 -245172.1000000000
57 -244460.1000000000
66 -243997.1000000000
67 -240993.1000000000
70 -240016.1000000000
74 -239528.1000000000
75 -238805.1000000000
76 -238648.1000000000
80 -237774.1000000000
81 -237418.1000000000
83 -236589.1000000000
84 -236275.1000000000
85 -235685.1000000000
86 -235530.1000000000
87 -235430.1000000000
90 -234868.1000000000
91 -234092.1000000000
93 -233268.1000000000
98 -231498.1000000000
102 -229378.1000000000
106 -227616.1000000000
107 -227443.1000000000
108 -224151.1000000000
125 -220403.1000000000
126 -219583.1000000000
129 -218860.1000000000
133 -218364.1000000000
134 -217736.1000000000
136 -216789.1000000000
139 -216422.1000000000
140 -216055.1000000000
142 -215685.1000000000
143 -214431.1000000000
144 -212985.1000000000
153 -211141.1000000000
162 -209241.1000000000
167 -207689.1000000000
169 -205106.1000000000
173 -204262.1000000000
174 -202760.1000000000
184 -202147.1000000000
186 -201203.1000000000
187 -198311.1000000000
193 -197846.1000000000
196 -197157.1000000000
197 -196735.1000000000
199 -195912.1000000000
202 -195630.1000000000
209 -194452.1000000000
210 -193864.1000000000
224 -192312.1000000000
226 -192072.1000000000
230 -191664.1000000000
245 -190286.1000000000
250 -187834.1000000000
252 -186862.1000000000
255 -185887.1000000000
261 -183511.1000000000
270 -181675.1000000000
279 -180738.1000000000
281 -180734.1000000000
291 -180429.1000000000
300 -179695.1000000000
311 -179390.1000000000
313 -179000.1000000000
321 -178355.1000000000
324 -177021.1000000000
327 -175553.1000000000
333 -174785.1000000000
337 -174095.1000000000
341 -173983.1000000000
360 -173309.1000000000
361 -172642.1000000000
363 -172105.1000000000
369 -171713.1000000000
370 -170938.1000000000
373 -170115.1000000000
398 -168631.1000000000
405 -167443.1000000000
410 -164607.1000000000
422 -163917.1000000000
428 -163607.1000000000
435 -162681.1000000000
440 -162048.1000000000
443 -160868.1000000000
457 23229.6978042490
489 23331.2376408952
503 23432.0426437554
577 23831.9152964032
582 23931.8811740401
642 24131.8130022225
10001 -161420.1000000000
evaluations raw_y
1 -263811.1000000000
3 -263348.1000000000
5 -262940.1000000000
7 -262626.1000000000
9 -262174.1000000000
14 -260840.1000000000
17 -259360.1000000000
20 -258686.1000000000
22 -258349.1000000000
24 -256797.1000000000
25 -255809.1000000000
27 -255272.1000000000
28 -255210.1000000000
31 -251918.1000000000
32 -248474.1000000000
35 -246972.1000000000
40 -245098.1000000000
41 -244289.1000000000
45 -243356.1000000000
46 -243130.1000000000
51 -242707.1000000000
52 -241781.1000000000
53 -241285.1000000000
55 -240798.1000000000
56 -238629.1000000000
60 -237887.1000000000
61 -236379.1000000000
67 -235498.1000000000
68 -235251.1000000000
73 -234765.1000000000
75 -234665.1000000000
81 -233821.1000000000
82 -232449.1000000000
84 -229133.1000000000
85 -228933.1000000000
88 -228776.1000000000
90 -228296.1000000000
91 -225460.1000000000
102 -224774.1000000000
104 -224303.1000000000
106 -222801.1000000000
112 -221547.1000000000
113 -220724.1000000000
114 -220624.1000000000
117 -217747.1000000000
118 -217355.1000000000
120 -216579.1000000000
121 -216169.1000000000
122 -214275.1000000000
125 -211915.1000000000
126 -211041.1000000000
134 -210553.1000000000
140 -209579.1000000000
142 -207857.1000000000
143 -207269.1000000000
148 -206877.1000000000
153 -206722.1000000000
157 -206332.1000000000
159 -203440.1000000000
166 -202481.1000000000
168 -202016.1000000000
181 -201649.1000000000
187 -201476.1000000000
197 -200555.1000000000
203 -199905.1000000000
204 -198069.1000000000
209 -196623.1000000000
211 -196253.1000000000
216 -196222.1000000000
217 -195759.1000000000
218 -195703.1000000000
221 -195624.1000000000
226 -193624.1000000000
232 -192674.1000000000
233 -192470.1000000000
235 -191180.1000000000
247 -190180.1000000000
248 -187728.1000000000
249 -187338.1000000000
254 -186464.1000000000
256 -185752.1000000000
267 -185427.1000000000
276 -183547.1000000000
288 -183201.1000000000
297 -182279.1000000000
298 -180159.1000000000
302 -179854.1000000000
320 -175854.1000000000
323 -174882.1000000000
327 -172928.1000000000
332 -169997.1000000000
336 -169995.1000000000
367 -169948.1000000000
373 -169700.1000000000
375 -169010.1000000000
385 -168374.1000000000
387 -167746.1000000000
425 -165828.1000000000
432 -165495.1000000000
439 -163703.1000000000
440 -162257.1000000000
463 -161763.1000000000
474 -160939.1000000000
480 24885.7813409992
482 25020.3430187353
507 25123.2796575404
519 25323.8587418173
552 25434.1485655827
618 25534.4268687582
691 25637.2902874170
764 25750.9153821269
974 25951.4404914033
10001 -160580.1000000000
evaluations raw_y
1 -283231.1000000000
2 -279459.1000000000
4 -278169.1000000000
6 -278090.1000000000
9 -277744.1000000000
10 -276826.1000000000
12 -276416.1000000000
14 -276006.1000000000
17 -274644.1000000000
18 -273390.1000000000
19 -272902.1000000000
20 -271022.1000000000
21 -269846.1000000000
22 -269394.1000000000
23 -269027.1000000000
24 -267581.1000000000
25 -266892.1000000000
27 -266798.1000000000
31 -266594.1000000000
32 -266000.1000000000
33 -265695.1000000000
34 -262251.1000000000
38 -261689.1000000000
39 -259541.1000000000
40 -258353.1000000000
42 -257878.1000000000
44 -257058.1000000000
47 -256614.1000000000
48 -254844.1000000000
51 -254765.1000000000
52 -254517.1000000000
53 -252599.1000000000
55 -249059.1000000000
56 -248369.1000000000
57 -248002.1000000000
59 -247610.1000000000
60 -247471.1000000000
62 -246782.1000000000
64 -245164.1000000000
65 -244701.1000000000
67 -243513.1000000000
69 -240757.1000000000
71 -240557.1000000000
73 -240061.1000000000
75 -239657.1000000000
77 -239249.1000000000
79 -238769.1000000000
80 -238525.1000000000
92 -238519.1000000000
94 -237035.1000000000
95 -235141.1000000000
96 -233141.1000000000
99 -232397.1000000000
103 -231926.1000000000
107 -230040.1000000000
113 -227460.1000000000
115 -227234.1000000000
122 -226459.1000000000
130 -225684.1000000000
131 -224458.1000000000
133 -224035.1000000000
137 -221675.1000000000
138 -221644.1000000000
150 -220707.1000000000
151 -220340.1000000000
152 -219853.1000000000
155 -219024.1000000000
157 -218411.1000000000
158 -215600.1000000000
159 -213734.1000000000
165 -213452.1000000000
166 -212842.1000000000
170 -212780.1000000000
173 -212724.1000000000
178 -211803.1000000000
180 -209351.1000000000
181 -208414.1000000000
187 -206570.1000000000
197 -206566.1000000000
198 -206004.1000000000
206 -204346.1000000000
208 -203660.1000000000
212 -202020.1000000000
213 -201431.1000000000
217 -200509.1000000000
219 -199819.1000000000
230 -199707.1000000000
235 -199566.1000000000
241 -198916.1000000000
242 -198296.1000000000
244 -196962.1000000000
249 -195088.1000000000
251 -194116.1000000000
252 -193622.1000000000
253 -193522.1000000000
257 -192020.1000000000
259 -191297.1000000000
266 -190473.1000000000
267 -190471.1000000000
274 -189703.1000000000
286 -189332.1000000000
292 -188509.1000000000
304 -188195.1000000000
313 -184447.1000000000
316 -183586.1000000000
322 -182366.1000000000
328 -179783.1000000000
332 -178493.1000000000
339 -177315.1000000000
341 -173731.1000000000
351 -173143.1000000000
363 -172684.1000000000
364 -171506.1000000000
377 -171150.1000000000
383 -170090.1000000000
387 -169700.1000000000
407 -169375.1000000000
418 -168435.1000000000
422 -167822.1000000000
429 -166522.1000000000
436 -163645.1000000000
447 -162093.1000000000
452 -161920.1000000000
453 -160932.1000000000
466 23909.8615088349
467 24460.9233550471
469 25165.5653666673
472 25731.3969562765
482 25891.2188105544
505 25994.3998511977
588 26396.0853457867
597 26596.9254199365
955 26700.0935886408
1266 26800.5111465153
10001 -160278.1000000000
evaluations raw_y
1 -266059.1000000000
3 -265198.1000000000
8 -263826.1000000000
10 -263117.1000000000
13 -262043.1000000000
14 -262037.1000000000
16 -261880.1000000000
20 -260434.1000000000
21 -259460.1000000000
22 -259038.1000000000
24 -257738.1000000000
25 -257707.1000000000
28 -257220.1000000000
31 -255100.1000000000
33 -254125.1000000000
36 -252617.1000000000
37 -251972.1000000000
38 -251218.1000000000
39 -249964.1000000000
40 -249659.1000000000
46 -249437.1000000000
50 -248614.1000000000
51 -245778.1000000000
52 -245315.1000000000
59 -244863.1000000000
70 -243891.1000000000
72 -243297.1000000000
73 -242607.1000000000
74 -239163.1000000000
76 -237829.1000000000
79 -236327.1000000000
80 -236227.1000000000
81 -235277.1000000000
84 -234833.1000000000
85 -230833.1000000000
88 -230593.1000000000
89 -229842.1000000000
90 -228358.1000000000
91 -227997.1000000000
96 -225186.1000000000
98 -224720.1000000000
100 -223891.1000000000
101 -222017.1000000000
102 -221970.1000000000
110 -220200.1000000000
111 -219315.1000000000
112 -217441.1000000000
114 -216261.1000000000
116 -215790.1000000000
119 -213954.1000000000
121 -213710.1000000000
122 -212890.1000000000
125 -211664.1000000000
127 -210952.1000000000
128 -210586.1000000000
132 -209936.1000000000
133 -209247.1000000000
135 -207099.1000000000
139 -207005.1000000000
140 -206261.1000000000
145 -205041.1000000000
146 -202872.1000000000
149 -201320.1000000000
156 -200912.1000000000
158 -200811.1000000000
162 -200497.1000000000
170 -200441.1000000000
178 -198597.1000000000
180 -197423.1000000000
182 -195903.1000000000
196 -195899.1000000000
197 -194521.1000000000
198 -194520.1000000000
200 -193704.1000000000
201 -190812.1000000000
210 -190138.1000000000
214 -189801.1000000000
218 -189078.1000000000
220 -188336.1000000000
221 -187806.1000000000
224 -187030.1000000000
227 -186443.1000000000
230 -186033.1000000000
231 -185089.1000000000
235 -184167.1000000000
239 -183797.1000000000
245 -182854.1000000000
246 -182464.1000000000
247 -182108.1000000000
254 -181472.1000000000
257 -181009.1000000000
262 -180072.1000000000
272 -179483.1000000000
293 -179477.1000000000
295 -179085.1000000000
297 -178718.1000000000
298 -178105.1000000000
301 -177419.1000000000
317 -177048.1000000000
319 -175822.1000000000
326 -174978.1000000000
327 -172398.1000000000
338 -172008.1000000000
340 -170590.1000000000
342 -169709.1000000000
347 -168933.1000000000
395 -168729.1000000000
417 -166829.1000000000
418 -166292.1000000000
421 -163404.1000000000
427 -163122.1000000000
439 -162122.1000000000
447 -161299.1000000000
452 23708.4086296445
453 23952.4249741842
455 24076.8363946349
478 24476.6578630438
604 24576.6107510414
10001 -162060.1000000000
evaluations raw_y
1 -258187.1000000000
2 -257999.1000000000
5 -257052.1000000000
6 -256130.1000000000
7 -255158.1000000000
8 -254848.1000000000
9 -254260.1000000000
13 -252740.1000000000
14 -252583.1000000000
17 -250813.1000000000
20 -248933.1000000000
25 -248628.1000000000
26 -247402.1000000000
28 -246668.1000000000
29 -245982.1000000000
31 -245064.1000000000
34 -245033.1000000000
42 -243855.1000000000
45 -242093.1000000000
47 -241156.1000000000
51 -240567.1000000000
52 -238845.1000000000
55 -237427.1000000000
56 -236604.1000000000
60 -236238.1000000000
61 -236038.1000000000
63 -234704.1000000000
68 -234457.1000000000
72 -234356.1000000000
73 -232912.1000000000
74 -231935.1000000000
76 -230645.1000000000
77 -229585.1000000000
78 -229383.1000000000
80 -229271.1000000000
81 -227763.1000000000
86 -226537.1000000000
89 -225713.1000000000
91 -225323.1000000000
92 -224462.1000000000
97 -224220.1000000000
98 -223633.1000000000
100 -223170.1000000000
101 -222837.1000000000
103 -222187.1000000000
106 -221520.1000000000
108 -219351.1000000000
111 -218404.1000000000
123 -217584.1000000000
130 -216939.1000000000
132 -216110.1000000000
133 -215644.1000000000
135 -214456.1000000000
137 -214377.1000000000
144 -213789.1000000000
145 -211997.1000000000
147 -209997.1000000000
148 -209995.1000000000
149 -207103.1000000000
154 -206381.1000000000
160 -205973.1000000000
161 -205164.1000000000
165 -204279.1000000000
174 -203643.1000000000
180 -203612.1000000000
183 -200072.1000000000
190 -199128.1000000000
193 -197358.1000000000
198 -196618.1000000000
201 -196518.1000000000
206 -193935.1000000000
212 -192091.1000000000
219 -190217.1000000000
223 -188097.1000000000
230 -187687.1000000000
241 -187243.1000000000
244 -185741.1000000000
245 -184567.1000000000
248 -183277.1000000000
250 -182873.1000000000
253 -181037.1000000000
259 -179857.1000000000
262 -179370.1000000000
263 -179248.1000000000
272 -178877.1000000000
281 -178101.1000000000
282 -177488.1000000000
283 -177426.1000000000
295 -176932.1000000000
304 -173488.1000000000
306 -172860.1000000000
319 -172084.1000000000
321 -171862.1000000000
326 -171046.1000000000
333 -170844.1000000000
342 -168468.1000000000
353 -165657.1000000000
355 -164720.1000000000
364 -161843.1000000000
368 -160341.1000000000
372 -160101.1000000000
376 24471.4998965686
377 24801.8126162924
391 24902.9014860049
404 25099.0982659173
448 25197.5883011864
537 25597.1880371087
555 25796.9835124375
556 25896.8797858387
582 25997.5883488724
692 26197.3768036611
10001 -160751.1000000000
evaluations raw_y
1 -260951.1000000000
2 -260543.1000000000
3 -259596.1000000000
7 -257710.1000000000
8 -257598.1000000000
9 -257010.1000000000
10 -256871.1000000000
11 -256111.1000000000
13 -253219.1000000000
16 -249775.1000000000
17 -249408.1000000000
19 -248504.1000000000
24 -247444.1000000000
29 -247077.1000000000
31 -244749.1000000000
32 -244549.1000000000
33 -243688.1000000000
41 -242741.1000000000
43 -242404.1000000000
46 -240642.1000000000
47 -240190.1000000000
48 -238346.1000000000
51 -238189.1000000000
54 -236397.1000000000
55 -235810.1000000000
57 -234938.1000000000
58 -234712.1000000000
60 -233335.1000000000
61 -233235.1000000000
64 -232673.1000000000
65 -231922.1000000000
70 -231289.1000000000
72 -231008.1000000000
75 -229142.1000000000
80 -228776.1000000000
87 -226193.1000000000
92 -225484.1000000000
94 -224496.1000000000
95 -222994.1000000000
98 -222349.1000000000
101 -222194.1000000000
103 -220904.1000000000
104 -220848.1000000000
106 -220368.1000000000
110 -218884.1000000000
111 -218602.1000000000
116 -217782.1000000000
120 -216404.1000000000
121 -215580.1000000000
130 -214967.1000000000
131 -214245.1000000000
137 -213301.1000000000
140 -213300.1000000000
149 -212619.1000000000
151 -210745.1000000000
156 -209571.1000000000
162 -209246.1000000000
166 -207802.1000000000
167 -207431.1000000000
171 -207183.1000000000
175 -206183.1000000000
188 -205878.1000000000
193 -204700.1000000000
197 -204527.1000000000
199 -204117.1000000000
200 -203630.1000000000
201 -202756.1000000000
206 -202067.1000000000
208 -200231.1000000000
214 -199991.1000000000
220 -199215.1000000000
222 -198529.1000000000
223 -197592.1000000000
225 -197129.1000000000
233 -196783.1000000000
242 -194889.1000000000
253 -194203.1000000000
257 -193129.1000000000
260 -191875.1000000000
261 -191467.1000000000
275 -191067.1000000000
284 -190479.1000000000
292 -189650.1000000000
306 -188874.1000000000
310 -187152.1000000000
311 -187146.1000000000
320 -185594.1000000000
323 -185123.1000000000
324 -183869.1000000000
326 -182693.1000000000
340 -181467.1000000000
341 -179999.1000000000
345 -179689.1000000000
346 -178866.1000000000
358 -176055.1000000000
365 -175133.1000000000
371 -174544.1000000000
372 -174078.1000000000
378 -173249.1000000000
385 -171101.1000000000
387 -169923.1000000000
399 -169287.1000000000
404 -165539.1000000000
428 -165002.1000000000
432 -164375.1000000000
436 -163845.1000000000
449 -161393.1000000000
475 -160269.1000000000
483 23631.5237257046
525 23831.3554330241
532 23932.3410485889
580 24132.1632262038
628 24233.1091795042
929 24632.7393511910
935 24732.6444258983
10001 24637.4728625863
evaluations raw_y
1 -277711.1000000000
2 -277344.1000000000
3 -277122.1000000000
6 -276313.1000000000
9 -274413.1000000000
11 -273637.1000000000
13 -273291.1000000000
15 -272664.1000000000
19 -272189.1000000000
21 -269301.1000000000
23 -266849.1000000000
24 -266312.1000000000
25 -265379.1000000000
26 -264453.1000000000
31 -262683.1000000000
34 -259884.1000000000
37 -259010.1000000000
40 -258166.1000000000
44 -256166.1000000000
49 -255454.1000000000
51 -254780.1000000000
54 -254191.1000000000
55 -253801.1000000000
61 -252385.1000000000
62 -251325.1000000000
63 -250958.1000000000
70 -249668.1000000000
73 -249529.1000000000
75 -249215.1000000000
76 -248756.1000000000
77 -248662.1000000000
81 -248210.1000000000
83 -247314.1000000000
86 -246538.1000000000
90 -245902.1000000000
91 -244036.1000000000
96 -243162.1000000000
100 -242552.1000000000
102 -241732.1000000000
112 -240860.1000000000
113 -238049.1000000000
116 -238043.1000000000
117 -237103.1000000000
119 -236609.1000000000
122 -233069.1000000000
123 -230741.1000000000
125 -228787.1000000000
126 -227319.1000000000
130 -226706.1000000000
131 -226675.1000000000
133 -226209.1000000000
139 -223947.1000000000
145 -222329.1000000000
148 -221506.1000000000
150 -221026.1000000000
151 -219848.1000000000
162 -219235.1000000000
163 -218055.1000000000
164 -218049.1000000000
167 -216403.1000000000
168 -215649.1000000000
172 -215293.1000000000
175 -214699.1000000000
177 -212323.1000000000
179 -211500.1000000000
180 -210578.1000000000
182 -210378.1000000000
185 -210136.1000000000
190 -207553.1000000000
200 -205791.1000000000
203 -205082.1000000000
205 -203164.1000000000
209 -202576.1000000000
212 -201092.1000000000
216 -200991.1000000000
221 -200363.1000000000
225 -199971.1000000000
232 -199769.1000000000
233 -199765.1000000000
235 -199440.1000000000
237 -198068.1000000000
238 -194752.1000000000
242 -194280.1000000000
247 -193557.1000000000
249 -191409.1000000000
258 -188305.1000000000
265 -188258.1000000000
283 -185502.1000000000
290 -185254.1000000000
295 -185154.1000000000
298 -182794.1000000000
299 -181024.1000000000
305 -180538.1000000000
315 -176538.1000000000
319 -175360.1000000000
326 -172068.1000000000
329 -171382.1000000000
346 -170852.1000000000
348 -170129.1000000000
353 -169484.1000000000
356 -169453.1000000000
369 -168891.1000000000
379 -168151.1000000000
382 -166649.1000000000
405 -166282.1000000000
408 -166080.1000000000
424 -165467.1000000000
425 -163587.1000000000
428 -162628.1000000000
433 -162008.1000000000
469 -161545.1000000000
484 23697.9797186556
490 23799.9443384873
517 23901.5299123629
534 24301.5462633228
537 24501.5531234271
569 24627.3403821449
628 24827.3087335217
637 24928.7434498317
654 25028.7240443344
10001 -160908.1000000000
evaluations raw_y
1 -269125.1000000000
4 -269119.1000000000
6 -267599.1000000000
9 -267103.1000000000
13 -264172.1000000000
14 -263197.1000000000
15 -262975.1000000000
19 -262608.1000000000
20 -261192.1000000000
23 -260910.1000000000
24 -260198.1000000000
25 -260104.1000000000
28 -259767.1000000000
30 -259411.1000000000
31 -258766.1000000000
32 -258153.1000000000
34 -256707.1000000000
36 -256241.1000000000
39 -253881.1000000000
42 -252821.1000000000
44 -251601.1000000000
46 -249839.1000000000
47 -248958.1000000000
52 -245186.1000000000
54 -243634.1000000000
56 -242510.1000000000
57 -241026.1000000000
58 -238190.1000000000
60 -237600.1000000000
64 -237038.1000000000
73 -236615.1000000000
74 -235643.1000000000
79 -234834.1000000000
83 -234695.1000000000
96 -233718.1000000000
97 -232744.1000000000
106 -231556.1000000000
107 -230088.1000000000
109 -229461.1000000000
111 -228083.1000000000
113 -224543.1000000000
114 -223671.1000000000
117 -222895.1000000000
119 -221051.1000000000
120 -220557.1000000000
121 -220551.1000000000
124 -217547.1000000000
126 -216703.1000000000
128 -215449.1000000000
130 -214698.1000000000
142 -214246.1000000000
144 -213313.1000000000
145 -212624.1000000000
147 -212501.1000000000
149 -211767.1000000000
151 -210109.1000000000
152 -209572.1000000000
159 -207572.1000000000
160 -207346.1000000000
168 -206387.1000000000
176 -205526.1000000000
178 -204552.1000000000
179 -204271.1000000000
187 -202228.1000000000
199 -201578.1000000000
200 -199856.1000000000
208 -196108.1000000000
211 -195953.1000000000
212 -195616.1000000000
215 -194787.1000000000
222 -194740.1000000000
226 -194269.1000000000
227 -192395.1000000000
233 -191572.1000000000
236 -191182.1000000000
239 -190980.1000000000
240 -190393.1000000000
242 -186645.1000000000
248 -186173.1000000000
256 -186142.1000000000
263 -185514.1000000000
274 -185513.1000000000
276 -185309.1000000000
278 -184720.1000000000
282 -182572.1000000000
289 -182097.1000000000
295 -181617.1000000000
297 -180743.1000000000
301 -180739.1000000000
302 -180539.1000000000
304 -180095.1000000000
311 -179533.1000000000
320 -178025.1000000000
329 -177538.1000000000
333 -175276.1000000000
342 -174354.1000000000
348 -173760.1000000000
354 -172120.1000000000
356 -171300.1000000000
362 -169928.1000000000
364 -169261.1000000000
365 -167815.1000000000
386 -167327.1000000000
390 -167013.1000000000
396 -166272.1000000000
416 -165018.1000000000
417 -164309.1000000000
420 -163486.1000000000
425 -162486.1000000000
431 -161196.1000000000
444 -160886.1000000000
464 23752.9390196790
465 24036.6872836887
470 24236.7588262511
522 24338.0975593587
754 24438.1292361669
10001 -161129.1000000000
evaluations raw_y
1 -279129.1000000000
2 -278541.1000000000
5 -278185.1000000000
6 -277125.1000000000
9 -276188.1000000000
12 -275372.1000000000
14 -272441.1000000000
15 -269861.1000000000
16 -269760.1000000000
17 -267177.1000000000
20 -265519.1000000000
21 -265115.1000000000
22 -262223.1000000000
24 -261542.1000000000
25 -261152.1000000000
28 -259644.1000000000
31 -259311.1000000000
33 -257357.1000000000
35 -256413.1000000000
38 -256076.1000000000
39 -255874.1000000000
41 -255569.1000000000
42 -255565.1000000000
48 -254691.1000000000
50 -254063.1000000000
51 -252543.1000000000
52 -252404.1000000000
54 -252156.1000000000
56 -252155.1000000000
61 -251874.1000000000
62 -251560.1000000000
64 -249790.1000000000
69 -246898.1000000000
72 -246212.1000000000
74 -244840.1000000000
75 -244346.1000000000
77 -243874.1000000000
78 -242924.1000000000
83 -240168.1000000000
87 -239705.1000000000
88 -238343.1000000000
89 -237710.1000000000
90 -237065.1000000000
91 -235941.1000000000
94 -235894.1000000000
95 -232790.1000000000
96 -231344.1000000000
98 -228545.1000000000
101 -227777.1000000000
103 -226443.1000000000
104 -225571.1000000000
105 -225367.1000000000
107 -224678.1000000000
113 -224616.1000000000
115 -224516.1000000000
119 -224404.1000000000
120 -222504.1000000000
121 -221744.1000000000
129 -220564.1000000000
133 -220198.1000000000
138 -219702.1000000000
140 -219561.1000000000
151 -219555.1000000000
161 -217407.1000000000
163 -216546.1000000000
164 -215702.1000000000
165 -215331.1000000000
171 -212015.1000000000
172 -211274.1000000000
175 -210331.1000000000
178 -209608.1000000000
180 -208140.1000000000
182 -207551.1000000000
185 -206577.1000000000
186 -204697.1000000000
189 -204415.1000000000
190 -202529.1000000000
194 -202356.1000000000
195 -202154.1000000000
196 -201330.1000000000
201 -200920.1000000000
205 -200390.1000000000
207 -200278.1000000000
208 -198556.1000000000
217 -198093.1000000000
220 -197971.1000000000
221 -197512.1000000000
222 -197047.1000000000
225 -196070.1000000000
229 -195882.1000000000
240 -195320.1000000000
241 -194100.1000000000
246 -193182.1000000000
250 -191062.1000000000
264 -190311.1000000000
282 -189903.1000000000
292 -189181.1000000000
294 -188701.1000000000
296 -187961.1000000000
299 -187348.1000000000
318 -183576.1000000000
322 -183497.1000000000
330 -181454.1000000000
331 -180466.1000000000
333 -178704.1000000000
336 -177086.1000000000
342 -176149.1000000000
361 -176118.1000000000
363 -175907.1000000000
367 -174729.1000000000
370 -173729.1000000000
374 -170145.1000000000
385 -168855.1000000000
396 -167437.1000000000
405 -166748.1000000000
429 -165852.1000000000
437 -164090.1000000000
440 -164088.1000000000
455 -163501.1000000000
462 -162891.1000000000
467 -162255.1000000000
469 -161067.1000000000
478 -160244.1000000000
494 22585.2404466303
495 22795.2054643961
497 23002.8902966307
500 23024.4214918947
514 23034.9825135003
515 23500.1240208563
516 23792.9714371504
520 23891.9026291788
613 23990.7833897736
649 24189.9325946967
780 24199.1178869922
783 24639.8977689306
789 24833.4750454983
792 25008.1999713511
801 25207.7768389192
1117 25606.9218105854
1214 25706.7054386770
10001 -160314.1000000000
evaluations raw_y
1 -254871.1000000000
5 -254534.1000000000
6 -254220.1000000000
7 -253497.1000000000
10 -252785.1000000000
12 -252424.1000000000
15 -252142.1000000000
16 -250298.1000000000
17 -248528.1000000000
19 -247966.1000000000
22 -246498.1000000000
24 -244662.1000000000
25 -242768.1000000000
26 -241945.1000000000
29 -241575.1000000000
35 -238819.1000000000
39 -237996.1000000000
44 -237386.1000000000
48 -236741.1000000000
52 -236052.1000000000
53 -235685.1000000000
56 -234865.1000000000
58 -234142.1000000000
60 -233492.1000000000
61 -233351.1000000000
63 -230515.1000000000
64 -228963.1000000000
65 -228596.1000000000
66 -228374.1000000000
68 -228132.1000000000
69 -227160.1000000000
70 -225982.1000000000
72 -223834.1000000000
79 -222938.1000000000
83 -221576.1000000000
84 -220854.1000000000
88 -218274.1000000000
94 -217498.1000000000
99 -216669.1000000000
108 -216558.1000000000
109 -215790.1000000000
112 -214616.1000000000
114 -213108.1000000000
117 -212182.1000000000
120 -211730.1000000000
123 -211236.1000000000
125 -210010.1000000000
126 -209397.1000000000
128 -209297.1000000000
132 -208661.1000000000
136 -206333.1000000000
138 -204164.1000000000
142 -203420.1000000000
145 -202832.1000000000
147 -202238.1000000000
148 -200984.1000000000
152 -200155.1000000000
160 -198281.1000000000
162 -197530.1000000000
165 -197205.1000000000
178 -193913.1000000000
186 -193812.1000000000
188 -193353.1000000000
198 -193109.1000000000
204 -192109.1000000000
206 -191719.1000000000
212 -191131.1000000000
223 -189251.1000000000
227 -186247.1000000000
234 -186185.1000000000
241 -184997.1000000000
248 -183663.1000000000
256 -183292.1000000000
260 -182665.1000000000
273 -179081.1000000000
275 -178893.1000000000
282 -176975.1000000000
289 -176286.1000000000
294 -175619.1000000000
303 -175215.1000000000
307 -173215.1000000000
311 -171261.1000000000
312 -170485.1000000000
314 -170285.1000000000
316 -169885.1000000000
319 -169355.1000000000
323 -167977.1000000000
325 -167341.1000000000
350 -165701.1000000000
354 -163658.1000000000
358 -160554.1000000000
359 24582.3240554753
370 24711.0105616600
449 24825.6020121814
473 24927.5530567908
500 25029.5049265833
711 25429.8770700381
1059 25630.0618983220
10001 -160290.1000000000
evaluations raw_y
1 -288383.1000000000
5 -286661.1000000000
7 -286488.1000000000
8 -285926.1000000000
9 -284442.1000000000
10 -283561.1000000000
11 -282785.1000000000
13 -282099.1000000000
14 -281897.1000000000
15 -279005.1000000000
17 -276836.1000000000
19 -275284.1000000000
20 -274798.1000000000
22 -274185.1000000000
23 -273943.1000000000
24 -272717.1000000000
25 -272380.1000000000
26 -271735.1000000000
30 -270215.1000000000
34 -268838.1000000000
38 -268471.1000000000
41 -267861.1000000000
42 -266887.1000000000
43 -265117.1000000000
44 -263649.1000000000
45 -263169.1000000000
47 -259853.1000000000
48 -256105.1000000000
53 -255800.1000000000
54 -253934.1000000000
55 -252860.1000000000
59 -251308.1000000000
61 -250054.1000000000
63 -249082.1000000000
66 -248678.1000000000
67 -247020.1000000000
73 -246628.1000000000
74 -246566.1000000000
76 -245978.1000000000
77 -245767.1000000000
78 -245301.1000000000
80 -242465.1000000000
90 -241971.1000000000
91 -241581.1000000000
94 -241171.1000000000
99 -240577.1000000000
100 -240169.1000000000
102 -239706.1000000000
103 -238773.1000000000
104 -238123.1000000000
119 -237648.1000000000
124 -237015.1000000000
134 -236563.1000000000
139 -235061.1000000000
143 -233443.1000000000
144 -233106.1000000000
146 -232156.1000000000
147 -230712.1000000000
149 -229838.1000000000
152 -229468.1000000000
153 -228714.1000000000
154 -227840.1000000000
157 -227396.1000000000
161 -225496.1000000000
163 -224552.1000000000
164 -224072.1000000000
168 -223706.1000000000
173 -221123.1000000000
179 -219999.1000000000
183 -219643.1000000000
189 -219184.1000000000
198 -219072.1000000000
199 -216316.1000000000
201 -215607.1000000000
205 -215293.1000000000
207 -214319.1000000000
213 -213731.1000000000
217 -211837.1000000000
220 -211013.1000000000
221 -208751.1000000000
227 -205859.1000000000
230 -203816.1000000000
231 -203677.1000000000
233 -202755.1000000000
235 -202363.1000000000
237 -202002.1000000000
238 -200584.1000000000
243 -199408.1000000000
244 -198154.1000000000
247 -196154.1000000000
253 -195567.1000000000
255 -194931.1000000000
258 -191927.1000000000
263 -191337.1000000000
265 -190597.1000000000
269 -189874.1000000000
282 -189674.1000000000
285 -189472.1000000000
286 -188172.1000000000
289 -185592.1000000000
292 -185586.1000000000
295 -185305.1000000000
310 -184583.1000000000
322 -184581.1000000000
326 -183752.1000000000
332 -183222.1000000000
333 -180846.1000000000
343 -179906.1000000000
344 -178460.1000000000
345 -177170.1000000000
359 -175284.1000000000
365 -172832.1000000000
369 -172424.1000000000
372 -172220.1000000000
376 -171283.1000000000
391 -169447.1000000000
397 -168761.1000000000
409 -168087.1000000000
416 -167397.1000000000
422 -166438.1000000000
431 -163986.1000000000
432 -163739.1000000000
453 -163617.1000000000
474 -162171.1000000000
478 -160703.1000000000
481 -160238.1000000000
483 21836.3318367510
484 22347.3838302971
485 22796.2045060633
486 23179.7859387435
487 23645.3715253713
488 23781.8596555809
489 23884.6866182652
490 24414.9820194357
492 24710.5490313538
495 24816.0757115615
625 24934.6846499521
676 25134.8778790478
836 25335.0673384239
897 25735.4441697718
988 25835.5362001352
10001 -162695.1000000000
evaluations raw_y
1 -282988.1000000000
3 -282038.1000000000
4 -281550.1000000000
6 -281302.1000000000
7 -280343.1000000000
9 -279716.1000000000
10 -277850.1000000000
13 -275950.1000000000
24 -275748.1000000000
26 -275285.1000000000
29 -274657.1000000000
33 -271117.1000000000
35 -268318.1000000000
38 -267831.1000000000
41 -264939.1000000000
42 -264625.1000000000
44 -262751.1000000000
45 -261829.1000000000
48 -261718.1000000000
51 -261474.1000000000
52 -258158.1000000000
54 -256938.1000000000
55 -256257.1000000000
61 -255314.1000000000
66 -255110.1000000000
70 -252658.1000000000
71 -252436.1000000000
75 -252075.1000000000
79 -250595.1000000000
81 -249982.1000000000
82 -249045.1000000000
86 -248689.1000000000
88 -247947.1000000000
89 -245904.1000000000
94 -245081.1000000000
99 -244177.1000000000
100 -243640.1000000000
103 -243248.1000000000
104 -243148.1000000000
106 -242458.1000000000
107 -241825.1000000000
111 -241373.1000000000
112 -240452.1000000000
114 -239378.1000000000
115 -236374.1000000000
119 -235964.1000000000
129 -234788.1000000000
132 -231684.1000000000
133 -230504.1000000000
136 -229250.1000000000
141 -228968.1000000000
148 -228598.1000000000
149 -227626.1000000000
150 -226806.1000000000
160 -225618.1000000000
162 -225518.1000000000
168 -224695.1000000000
169 -224554.1000000000
171 -224110.1000000000
175 -220362.1000000000
176 -219891.1000000000
179 -219554.1000000000
182 -219132.1000000000
185 -218496.1000000000
192 -217851.1000000000
193 -214267.1000000000
203 -212609.1000000000
207 -210249.1000000000
208 -210061.1000000000
212 -209338.1000000000
213 -208514.1000000000
214 -207763.1000000000
217 -207041.1000000000
219 -205147.1000000000
221 -205116.1000000000
225 -204506.1000000000
233 -204450.1000000000
236 -203390.1000000000
239 -202716.1000000000
244 -201941.1000000000
246 -200473.1000000000
258 -198971.1000000000
263 -198491.1000000000
266 -197779.1000000000
268 -196601.1000000000
269 -195223.1000000000
270 -193453.1000000000
271 -191499.1000000000
273 -190603.1000000000
278 -190016.1000000000
284 -189670.1000000000
286 -189558.1000000000
287 -189356.1000000000
292 -186064.1000000000
294 -185739.1000000000
310 -184367.1000000000
311 -183623.1000000000
318 -183127.1000000000
320 -182507.1000000000
335 -180737.1000000000
349 -180003.1000000000
351 -179666.1000000000
354 -179660.1000000000
357 -179613.1000000000
363 -176777.1000000000
370 -174941.1000000000
374 -174466.1000000000
375 -173777.1000000000
381 -173164.1000000000
388 -171164.1000000000
414 -169910.1000000000
422 -167534.1000000000
423 -164646.1000000000
432 -164183.1000000000
437 -161372.1000000000
446 -161310.1000000000
456 22366.2288163789
457 22721.9059064192
458 22748.6663868701
459 23000.8066927304
462 23100.5672799892
468 23499.6086456454
469 23593.6021665518
473 23630.0497250499
483 23689.0331685147
629 23888.0756314551
833 24087.1125578012
1416 24138.3690659885
1417 24242.0571286771
1419 24393.7014628277
1454 24523.4913251195
1731 24621.8881294985
1900 24720.2700210400
10001 -162729.1000000000
evaluations raw_y
1 -278570.1000000000
2 -278566.1000000000
3 -275767.1000000000
4 -275026.1000000000
6 -274887.1000000000
8 -274277.1000000000
10 -272015.1000000000
12 -269123.1000000000
13 -269092.1000000000
16 -268852.1000000000
17 -267300.1000000000
19 -266176.1000000000
20 -265490.1000000000
21 -265428.1000000000
23 -264128.1000000000
31 -263210.1000000000
32 -260834.1000000000
33 -259857.1000000000
36 -259229.1000000000
37 -258255.1000000000
38 -258249.1000000000
39 -258202.1000000000
40 -256440.1000000000
41 -256032.1000000000
42 -255932.1000000000
44 -255901.1000000000
45 -254057.1000000000
46 -253831.1000000000
50 -252856.1000000000
53 -251566.1000000000
54 -250392.1000000000
56 -249420.1000000000
59 -248604.1000000000
60 -247971.1000000000
63 -247798.1000000000
64 -247339.1000000000
65 -247002.1000000000
66 -246677.1000000000
68 -245457.1000000000
69 -245152.1000000000
71 -244377.1000000000
74 -243000.1000000000
76 -242078.1000000000
81 -241582.1000000000
82 -240508.1000000000
84 -239332.1000000000
86 -238106.1000000000
89 -237569.1000000000
90 -235117.1000000000
91 -234184.1000000000
95 -233424.1000000000
96 -230668.1000000000
104 -228782.1000000000
106 -227448.1000000000
107 -225968.1000000000
110 -225488.1000000000
114 -224875.1000000000
116 -224819.1000000000
117 -224419.1000000000
118 -222059.1000000000
120 -219171.1000000000
121 -218763.1000000000
124 -218089.1000000000
125 -216215.1000000000
130 -214067.1000000000
132 -213316.1000000000
135 -213074.1000000000
137 -211428.1000000000
140 -211240.1000000000
142 -210314.1000000000
151 -209922.1000000000
156 -209456.1000000000
157 -208078.1000000000
158 -207852.1000000000
164 -207491.1000000000
167 -204614.1000000000
172 -204026.1000000000
178 -202190.1000000000
184 -198650.1000000000
190 -197806.1000000000
192 -196166.1000000000
195 -195679.1000000000
197 -195043.1000000000
202 -194456.1000000000
209 -194100.1000000000
211 -193656.1000000000
212 -190652.1000000000
215 -190062.1000000000
218 -188874.1000000000
220 -188140.1000000000
221 -187219.1000000000
226 -184636.1000000000
234 -183807.1000000000
236 -180223.1000000000
238 -180066.1000000000
247 -178112.1000000000
248 -177052.1000000000
253 -176973.1000000000
256 -176493.1000000000
257 -173389.1000000000
260 -172999.1000000000
261 -172609.1000000000
266 -170735.1000000000
272 -169850.1000000000
274 -169540.1000000000
281 -169203.1000000000
282 -168857.1000000000
285 -167910.1000000000
287 -166963.1000000000
290 -166553.1000000000
298 -165109.1000000000
307 -164473.1000000000
308 -163005.1000000000
309 -163003.1000000000
311 -162174.1000000000
324 -160758.1000000000
342 24247.2158512988
344 24373.7714348302
347 24685.3268876368
348 24789.2681350724
350 24892.7542668734
417 24994.4890837513
508 25194.5959528080
512 25294.6480897369
521 25694.8573716750
807 25894.9605606394
10001 -160059.1000000000
evaluations raw_y
1 -260436.1000000000
3 -260434.1000000000
5 -259971.1000000000
7 -258209.1000000000
10 -257033.1000000000
11 -255733.1000000000
12 -254859.1000000000
13 -254371.1000000000
15 -253551.1000000000
16 -253329.1000000000
18 -252921.1000000000
19 -251978.1000000000
20 -251498.1000000000
21 -250776.1000000000
22 -250289.1000000000
26 -249466.1000000000
30 -248743.1000000000
33 -247569.1000000000
47 -247232.1000000000
50 -246498.1000000000
51 -245786.1000000000
54 -243410.1000000000
55 -242635.1000000000
56 -242535.1000000000
59 -241801.1000000000
62 -241025.1000000000
63 -239648.1000000000
64 -237782.1000000000
65 -236953.1000000000
70 -235537.1000000000
72 -235133.1000000000
76 -233371.1000000000
78 -232421.1000000000
83 -231831.1000000000
84 -231356.1000000000
89 -230416.1000000000
90 -229162.1000000000
91 -228754.1000000000
92 -228166.1000000000
95 -226988.1000000000
96 -226876.1000000000
98 -226509.1000000000
104 -225922.1000000000
105 -225078.1000000000
112 -225072.1000000000
113 -224758.1000000000
114 -223468.1000000000
115 -223367.1000000000
117 -223141.1000000000
119 -222751.1000000000
122 -221249.1000000000
123 -220433.1000000000
124 -218793.1000000000
129 -217856.1000000000
131 -217825.1000000000
133 -217583.1000000000
138 -216947.1000000000
140 -216665.1000000000
148 -216543.1000000000
152 -215419.1000000000
156 -213973.1000000000
157 -212055.1000000000
159 -211405.1000000000
162 -211072.1000000000
164 -210444.1000000000
167 -209668.1000000000
170 -208200.1000000000
176 -206314.1000000000
195 -204952.1000000000
199 -204752.1000000000
204 -203200.1000000000
214 -200401.1000000000
215 -199991.1000000000
225 -199630.1000000000
227 -199628.1000000000
228 -198554.1000000000
231 -198091.1000000000
233 -197464.1000000000
236 -196819.1000000000
238 -196096.1000000000
247 -195630.1000000000
250 -192338.1000000000
251 -192090.1000000000
254 -191668.1000000000
255 -190978.1000000000
260 -190673.1000000000
261 -190037.1000000000
266 -188857.1000000000
271 -188778.1000000000
275 -187778.1000000000
276 -187184.1000000000
285 -186571.1000000000
286 -186327.1000000000
298 -186227.1000000000
299 -186196.1000000000
318 -185259.1000000000
329 -185212.1000000000
333 -184599.1000000000
343 -183640.1000000000
344 -183438.1000000000
356 -181110.1000000000
361 -177338.1000000000
377 -176515.1000000000
396 -175527.1000000000
405 -174776.1000000000
406 -173872.1000000000
408 -172925.1000000000
412 -172869.1000000000
415 -170113.1000000000
424 -168741.1000000000
436 -167553.1000000000
438 -166085.1000000000
460 -162337.1000000000
468 -161841.1000000000
480 23280.1566202742
482 23408.5953675977
483 23512.8684891827
484 23607.8986506707
529 23697.9560994389
762 23797.7068739910
10001 -160877.1000000000
evaluations raw_y
1 -276373.1000000000
5 -273269.1000000000
10 -273146.1000000000
11 -272519.1000000000
13 -272279.1000000000
16 -268739.1000000000
17 -267321.1000000000
20 -265875.1000000000
21 -264953.1000000000
22 -264671.1000000000
27 -263547.1000000000
30 -262614.1000000000
31 -261794.1000000000
34 -261166.1000000000
35 -261087.1000000000
36 -260493.1000000000
40 -259575.1000000000
41 -258213.1000000000
42 -257888.1000000000
44 -257700.1000000000
47 -257330.1000000000
48 -257299.1000000000
49 -256362.1000000000
55 -256136.1000000000
58 -255574.1000000000
62 -255363.1000000000
69 -254534.1000000000
74 -253594.1000000000
76 -253547.1000000000
81 -252825.1000000000
85 -252236.1000000000
86 -251826.1000000000
89 -248382.1000000000
91 -247501.1000000000
92 -246275.1000000000
93 -245095.1000000000
98 -244272.1000000000
100 -243295.1000000000
104 -242410.1000000000
107 -241939.1000000000
108 -241123.1000000000
110 -237351.1000000000
112 -236171.1000000000
117 -235538.1000000000
119 -233702.1000000000
124 -233529.1000000000
125 -232840.1000000000
129 -232190.1000000000
131 -230346.1000000000
132 -228794.1000000000
137 -228331.1000000000
142 -226003.1000000000
143 -225670.1000000000
145 -224482.1000000000
149 -223731.1000000000
150 -222857.1000000000
151 -222247.1000000000
156 -221059.1000000000
157 -220594.1000000000
163 -219834.1000000000
164 -219359.1000000000
169 -216603.1000000000
171 -216016.1000000000
182 -214142.1000000000
188 -213750.1000000000
194 -213016.1000000000
198 -212072.1000000000
208 -210818.1000000000
209 -209160.1000000000
213 -208515.1000000000
216 -208105.1000000000
219 -205213.1000000000
222 -204254.1000000000
223 -201992.1000000000
225 -198700.1000000000
227 -198561.1000000000
228 -197657.1000000000
230 -197431.1000000000
231 -197231.1000000000
234 -196839.1000000000
252 -193962.1000000000
261 -190378.1000000000
265 -188424.1000000000
269 -187601.1000000000
275 -187545.1000000000
276 -183797.1000000000
278 -182507.1000000000
286 -182202.1000000000
294 -181024.1000000000
308 -177276.1000000000
313 -176780.1000000000
321 -174936.1000000000
333 -174015.1000000000
339 -171655.1000000000
344 -171408.1000000000
345 -168572.1000000000
360 -167959.1000000000
373 -167496.1000000000
390 -167396.1000000000
397 -165876.1000000000
403 -165263.1000000000
413 -163817.1000000000
422 -161365.1000000000
435 -160943.1000000000
441 24631.3259814785
443 24863.2732425185
449 25002.9573381290
454 25221.4397133351
494 25324.9429274143
502 25428.4468309593
596 25830.1200848675
665 26030.9543045557
833 26231.7899952746
1107 26332.2057280556
10001 -161453.1000000000
evaluations raw_y
1 -257040.1000000000
2 -256166.1000000000
3 -255343.1000000000
5 -254877.1000000000
9 -253431.1000000000
11 -251531.1000000000
12 -251289.1000000000
13 -251167.1000000000
14 -250224.1000000000
15 -248924.1000000000
16 -248516.1000000000
17 -247693.1000000000
18 -247105.1000000000
19 -245603.1000000000
20 -245181.1000000000
22 -244594.1000000000
23 -243406.1000000000
24 -242934.1000000000
26 -242708.1000000000
27 -238960.1000000000
29 -236068.1000000000
31 -235989.1000000000
32 -235526.1000000000
33 -234814.1000000000
34 -234406.1000000000
36 -233532.1000000000
37 -232887.1000000000
38 -231713.1000000000
46 -231032.1000000000
47 -230419.1000000000
54 -228271.1000000000
55 -227399.1000000000
58 -226995.1000000000
60 -226585.1000000000
61 -225689.1000000000
62 -224873.1000000000
63 -224592.1000000000
71 -224055.1000000000
72 -223603.1000000000
73 -222953.1000000000
76 -222727.1000000000
81 -221952.1000000000
82 -221332.1000000000
85 -220696.1000000000
87 -219749.1000000000
89 -218920.1000000000
91 -217994.1000000000
98 -217932.1000000000
99 -217457.1000000000
101 -216333.1000000000
108 -216051.1000000000
109 -214177.1000000000
110 -213787.1000000000
113 -213756.1000000000
117 -212576.1000000000
130 -210740.1000000000
137 -209680.1000000000
138 -209476.1000000000
140 -209120.1000000000
145 -208750.1000000000
150 -208256.1000000000
156 -206812.1000000000
160 -205835.1000000000
166 -204073.1000000000
167 -203934.1000000000
171 -203345.1000000000
185 -202091.1000000000
195 -201455.1000000000
196 -199095.1000000000
197 -198234.1000000000
206 -197704.1000000000
209 -197241.1000000000
218 -196167.1000000000
220 -196055.1000000000
223 -194683.1000000000
224 -193457.1000000000
225 -192713.1000000000
226 -191535.1000000000
236 -191533.1000000000
241 -191167.1000000000
242 -191012.1000000000
252 -190622.1000000000
255 -187038.1000000000
258 -186816.1000000000
261 -186511.1000000000
262 -185574.1000000000
265 -185182.1000000000
273 -184492.1000000000
285 -184040.1000000000
292 -183052.1000000000
295 -182685.1000000000
318 -182497.1000000000
321 -181763.1000000000
325 -179993.1000000000
328 -178201.1000000000
330 -176327.1000000000
337 -174881.1000000000
345 -174877.1000000000
347 -174418.1000000000
349 -174339.1000000000
355 -171451.1000000000
356 -171340.1000000000
357 -168448.1000000000
359 -166808.1000000000
360 -166568.1000000000
363 -166366.1000000000
371 -165956.1000000000
379 -165595.1000000000
381 -165589.1000000000
399 -165378.1000000000
407 -164434.1000000000
434 -162672.1000000000
438 -161338.1000000000
447 22626.6986753496
449 22990.1206675623
455 23150.0887721238
464 23268.2856869222
468 23370.0305636187
477 23493.1752293147
484 23693.1611921398
668 23893.1429587861
10001 -160551.1000000000
evaluations raw_y
1 -263778.1000000000
5 -263496.1000000000
9 -261774.1000000000
10 -261563.1000000000
11 -259905.1000000000
12 -258961.1000000000
15 -258553.1000000000
21 -257175.1000000000
23 -254287.1000000000
24 -253361.1000000000
25 -252424.1000000000
26 -252177.1000000000
29 -249366.1000000000
30 -248974.1000000000
31 -248341.1000000000
32 -245981.1000000000
34 -245022.1000000000
39 -244717.1000000000
43 -244623.1000000000
50 -243814.1000000000
52 -243406.1000000000
54 -242725.1000000000
55 -241279.1000000000
56 -241122.1000000000
58 -238230.1000000000
61 -235353.1000000000
62 -234888.1000000000
64 -233336.1000000000
65 -232748.1000000000
67 -232268.1000000000
69 -231559.1000000000
70 -230057.1000000000
73 -229335.1000000000
74 -228601.1000000000
75 -227654.1000000000
78 -227543.1000000000
91 -226767.1000000000
96 -226761.1000000000
97 -224969.1000000000
100 -224084.1000000000
105 -222666.1000000000
106 -222053.1000000000
109 -220217.1000000000
111 -219296.1000000000
116 -219240.1000000000
119 -218366.1000000000
121 -218029.1000000000
124 -217704.1000000000
125 -216875.1000000000
132 -215373.1000000000
134 -214605.1000000000
136 -214068.1000000000
139 -213787.1000000000
140 -213740.1000000000
141 -213288.1000000000
143 -212652.1000000000
144 -210882.1000000000
146 -210492.1000000000
152 -209879.1000000000
154 -207427.1000000000
159 -206566.1000000000
164 -205743.1000000000
165 -204489.1000000000
172 -203666.1000000000
178 -200774.1000000000
180 -200244.1000000000
186 -199120.1000000000
188 -197932.1000000000
189 -197304.1000000000
197 -196386.1000000000
207 -195923.1000000000
209 -194986.1000000000
210 -194490.1000000000
211 -193670.1000000000
221 -192024.1000000000
226 -191614.1000000000
228 -190785.1000000000
229 -189838.1000000000
239 -188504.1000000000
245 -187278.1000000000
248 -186406.1000000000
249 -185631.1000000000
253 -184453.1000000000
261 -183693.1000000000
262 -183449.1000000000
264 -183139.1000000000
268 -182939.1000000000
275 -182817.1000000000
293 -181629.1000000000
295 -180806.1000000000
297 -180062.1000000000
308 -179373.1000000000
309 -178631.1000000000
335 -178221.1000000000
346 -176849.1000000000
352 -176427.1000000000
353 -174981.1000000000
354 -172225.1000000000
358 -169849.1000000000
362 -168365.1000000000
370 -168192.1000000000
380 -168190.1000000000
392 -167415.1000000000
395 -166675.1000000000
401 -165701.1000000000
407 -164713.1000000000
421 -164346.1000000000
432 -162794.1000000000
437 -160950.1000000000
451 -160580.1000000000
460 20444.6501189598
461 20643.3602049950
463 20757.6660187495
464 20903.9107037267
465 21129.8571315451
466 21320.8704023613
467 22001.0576926749
475 22110.5513749641
483 22509.1657651043
544 22540.6107803270
547 22629.7165674981
549 23000.0725191145
708 23003.6832481405
710 23092.0249473504
711 23148.3889904000
764 23347.8631491187
765 23449.1199895894
787 23543.1318774220
841 23630.6963484253
1026 23731.7979140601
1418 23931.1888947249
1537 24030.8818342181
10001 -161381.1000000000
evaluations raw_y
1 -284747.1000000000
2 -284547.1000000000
4 -283873.1000000000
11 -283122.1000000000
13 -280311.1000000000
15 -278803.1000000000
17 -278411.1000000000
19 -277602.1000000000
20 -277429.1000000000
25 -277350.1000000000
28 -276661.1000000000
33 -274825.1000000000
35 -273647.1000000000
36 -273085.1000000000
42 -271211.1000000000
44 -270844.1000000000
54 -270721.1000000000
55 -268345.1000000000
56 -266983.1000000000
57 -266024.1000000000
58 -265822.1000000000
59 -264532.1000000000
60 -263772.1000000000
61 -263491.1000000000
64 -262541.1000000000
65 -261123.1000000000
66 -257807.1000000000
70 -257344.1000000000
71 -255972.1000000000
75 -255611.1000000000
76 -254487.1000000000
77 -252613.1000000000
79 -251670.1000000000
80 -249826.1000000000
81 -249238.1000000000
82 -248625.1000000000
83 -246855.1000000000
87 -246383.1000000000
90 -245560.1000000000
92 -243902.1000000000
97 -242058.1000000000
99 -241136.1000000000
103 -240979.1000000000
104 -237687.1000000000
106 -235793.1000000000
109 -234821.1000000000
110 -233844.1000000000
111 -233507.1000000000
115 -232817.1000000000
116 -231591.1000000000
118 -231004.1000000000
120 -230637.1000000000
122 -228771.1000000000
123 -228017.1000000000
125 -227878.1000000000
141 -227766.1000000000
144 -224018.1000000000
148 -223704.1000000000
149 -222875.1000000000
151 -219987.1000000000
157 -216403.1000000000
158 -213511.1000000000
170 -211151.1000000000
174 -210506.1000000000
175 -210150.1000000000
185 -209232.1000000000
186 -209131.1000000000
187 -208826.1000000000
196 -207346.1000000000
204 -206871.1000000000
206 -205231.1000000000
209 -204618.1000000000
213 -204507.1000000000
219 -203570.1000000000
232 -203539.1000000000
236 -203051.1000000000
239 -202147.1000000000
240 -200385.1000000000
242 -199197.1000000000
250 -198826.1000000000
251 -198460.1000000000
253 -197737.1000000000
254 -196321.1000000000
258 -196079.1000000000
263 -195311.1000000000
265 -193411.1000000000
266 -192231.1000000000
275 -191875.1000000000
278 -190497.1000000000
291 -187053.1000000000
293 -185585.1000000000
294 -184251.1000000000
302 -184004.1000000000
306 -183228.1000000000
308 -179228.1000000000
319 -178818.1000000000
322 -178190.1000000000
324 -177501.1000000000
334 -176321.1000000000
340 -175147.1000000000
353 -175006.1000000000
355 -173388.1000000000
357 -171126.1000000000
368 -168957.1000000000
371 -168368.1000000000
375 -167968.1000000000
378 -167124.1000000000
394 -165572.1000000000
398 -164698.1000000000
423 -161899.1000000000
434 -161266.1000000000
438 -160729.1000000000
440 -160325.1000000000
442 24157.5926094061
450 24259.0166622433
452 24356.3069716963
462 24455.3220602444
473 24854.9341734651
596 25054.7361537206
1177 25254.5384896969
1775 25354.4371262582
10001 -160750.1000000000
evaluations raw_y
1 -294912.1000000000
2 -292020.1000000000
5 -291881.1000000000
6 -291415.1000000000
8 -290341.1000000000
9 -289353.1000000000
11 -287459.1000000000
12 -284582.1000000000
15 -283893.1000000000
17 -282391.1000000000
19 -282081.1000000000
20 -281748.1000000000
23 -278992.1000000000
27 -277038.1000000000
32 -276388.1000000000
35 -276200.1000000000
36 -274866.1000000000
37 -274766.1000000000
38 -273578.1000000000
39 -272958.1000000000
41 -271542.1000000000
42 -269676.1000000000
45 -268925.1000000000
46 -267625.1000000000
49 -266666.1000000000
51 -266104.1000000000
52 -265186.1000000000
54 -264012.1000000000
55 -262888.1000000000
56 -259957.1000000000
62 -259141.1000000000
66 -257297.1000000000
67 -255679.1000000000
71 -254990.1000000000
74 -253544.1000000000
75 -249960.1000000000
77 -247960.1000000000
81 -247497.1000000000
82 -247172.1000000000
89 -246925.1000000000
91 -246203.1000000000
101 -243875.1000000000
102 -242503.1000000000
103 -241325.1000000000
105 -240421.1000000000
108 -240299.1000000000
111 -238425.1000000000
115 -238054.1000000000
120 -237591.1000000000
121 -236901.1000000000
123 -233457.1000000000
125 -232281.1000000000
126 -228533.1000000000
129 -224785.1000000000
131 -223423.1000000000
132 -223361.1000000000
134 -221983.1000000000
136 -221050.1000000000
138 -220563.1000000000
141 -219974.1000000000
146 -218999.1000000000
147 -218114.1000000000
161 -217744.1000000000
162 -216800.1000000000
167 -215976.1000000000
170 -214496.1000000000
174 -212120.1000000000
187 -211300.1000000000
188 -210619.1000000000
190 -210263.1000000000
205 -206947.1000000000
208 -205721.1000000000
209 -204800.1000000000
210 -204799.1000000000
211 -203315.1000000000
216 -203284.1000000000
219 -202096.1000000000
224 -202017.1000000000
235 -200131.1000000000
241 -199302.1000000000
245 -197750.1000000000
246 -197270.1000000000
247 -196090.1000000000
262 -195454.1000000000
264 -194979.1000000000
269 -194449.1000000000
290 -192575.1000000000
292 -191055.1000000000
293 -189333.1000000000
299 -189131.1000000000
311 -188209.1000000000
313 -187386.1000000000
314 -186759.1000000000
335 -185812.1000000000
340 -185044.1000000000
344 -184200.1000000000
346 -182980.1000000000
349 -182732.1000000000
351 -182575.1000000000
352 -181321.1000000000
354 -181319.1000000000
357 -181288.1000000000
370 -180844.1000000000
376 -180452.1000000000
378 -178616.1000000000
383 -178028.1000000000
393 -177205.1000000000
402 -176429.1000000000
410 -175842.1000000000
413 -174916.1000000000
421 -174775.1000000000
433 -173903.1000000000
435 -173143.1000000000
436 -173031.1000000000
439 -172150.1000000000
450 -170704.1000000000
453 -169992.1000000000
455 -167632.1000000000
461 -167327.1000000000
470 -165207.1000000000
481 -164498.1000000000
493 -163208.1000000000
494 -162804.1000000000
501 22054.4355174798
503 22154.3735082516
504 22340.4552886573
571 22441.4593438895
626 22640.9734874392
641 22840.4878314454
727 23239.5080144981
1334 23340.4331504322
10001 -161827.1000000000
evaluations raw_y
1 -279940.1000000000
3 -278388.1000000000
4 -274640.1000000000
5 -274232.1000000000
6 -273670.1000000000
7 -271408.1000000000
8 -271197.1000000000
12 -270570.1000000000
14 -270458.1000000000
15 -269278.1000000000
16 -268449.1000000000
17 -267477.1000000000
19 -265715.1000000000
21 -263815.1000000000
22 -263202.1000000000
26 -263061.1000000000
28 -262873.1000000000
29 -262311.1000000000
31 -261836.1000000000
33 -258944.1000000000
36 -258100.1000000000
38 -255648.1000000000
43 -255446.1000000000
46 -252554.1000000000
50 -252058.1000000000
54 -250412.1000000000
55 -250333.1000000000
58 -247753.1000000000
59 -245393.1000000000
61 -245026.1000000000
63 -244067.1000000000
65 -243604.1000000000
66 -241456.1000000000
71 -241090.1000000000
80 -240631.1000000000
81 -240476.1000000000
83 -240420.1000000000
84 -240319.1000000000
85 -237431.1000000000
87 -237126.1000000000
88 -236351.1000000000
91 -236107.1000000000
93 -235133.1000000000
96 -233957.1000000000
98 -233337.1000000000
99 -232521.1000000000
100 -229644.1000000000
103 -229550.1000000000
105 -227664.1000000000
106 -226330.1000000000
107 -225907.1000000000
108 -225570.1000000000
111 -224819.1000000000
112 -223882.1000000000
113 -222704.1000000000
114 -221196.1000000000
117 -219906.1000000000
121 -218462.1000000000
125 -217208.1000000000
138 -216541.1000000000
141 -215164.1000000000
142 -214478.1000000000
144 -213606.1000000000
150 -213126.1000000000
157 -212513.1000000000
158 -212482.1000000000
159 -212256.1000000000
161 -211776.1000000000
173 -211714.1000000000
179 -210829.1000000000
192 -210341.1000000000
194 -209353.1000000000
196 -207583.1000000000
198 -206221.1000000000
200 -205246.1000000000
203 -204824.1000000000
204 -203408.1000000000
207 -202579.1000000000
218 -202578.1000000000
220 -202273.1000000000
223 -201786.1000000000
232 -201046.1000000000
233 -200806.1000000000
234 -200116.1000000000
235 -199645.1000000000
260 -199255.1000000000
263 -199251.1000000000
269 -198390.1000000000
273 -196436.1000000000
281 -196214.1000000000
293 -194214.1000000000
299 -192734.1000000000
301 -192011.1000000000
310 -190175.1000000000
323 -189539.1000000000
332 -188889.1000000000
336 -188200.1000000000
345 -187424.1000000000
354 -186543.1000000000
363 -184625.1000000000
372 -182833.1000000000
378 -182629.1000000000
381 -182035.1000000000
386 -181583.1000000000
405 -178772.1000000000
408 -178038.1000000000
430 -177402.1000000000
432 -176579.1000000000
433 -175455.1000000000
453 -171707.1000000000
468 -171297.1000000000
469 -170223.1000000000
471 -168461.1000000000
482 -167273.1000000000
487 -166340.1000000000
490 -165695.1000000000
495 -162591.1000000000
497 -161695.1000000000
503 23420.9516405979
513 23621.4170204132
554 23729.7762352268
622 23829.9972398630
637 23932.3626003062
704 24043.2317913312
1342 24243.6408831061
10001 -160769.1000000000
evaluations raw_y
1 -285435.1000000000
5 -284181.1000000000
7 -282804.1000000000
8 -282191.1000000000
9 -281980.1000000000
10 -281033.1000000000
11 -280831.1000000000
15 -279651.1000000000
16 -279337.1000000000
17 -279182.1000000000
18 -278696.1000000000
21 -278448.1000000000
22 -277983.1000000000
23 -276567.1000000000
25 -275379.1000000000
29 -275279.1000000000
33 -275200.1000000000
36 -274425.1000000000
37 -274059.1000000000
38 -272159.1000000000
39 -271737.1000000000
41 -271285.1000000000
43 -270924.1000000000
44 -270845.1000000000
50 -270393.1000000000
51 -269913.1000000000
52 -269093.1000000000
54 -268506.1000000000
58 -267060.1000000000
61 -264940.1000000000
64 -262184.1000000000
65 -259604.1000000000
69 -258530.1000000000
71 -258042.1000000000
75 -257083.1000000000
77 -256675.1000000000
78 -252927.1000000000
80 -252865.1000000000
81 -249281.1000000000
88 -246953.1000000000
89 -244065.1000000000
90 -243655.1000000000
91 -242681.1000000000
93 -239677.1000000000
97 -236785.1000000000
99 -235559.1000000000
100 -234379.1000000000
103 -232761.1000000000
105 -232369.1000000000
107 -232196.1000000000
111 -230716.1000000000
115 -228830.1000000000
116 -226378.1000000000
117 -225742.1000000000
120 -224795.1000000000
123 -224458.1000000000
129 -224427.1000000000
133 -223455.1000000000
137 -222009.1000000000
140 -221185.1000000000
142 -220259.1000000000
146 -219892.1000000000
150 -218952.1000000000
156 -217450.1000000000
157 -217419.1000000000
158 -216825.1000000000
163 -215892.1000000000
168 -215891.1000000000
169 -215535.1000000000
171 -212724.1000000000
173 -212585.1000000000
175 -212428.1000000000
177 -212202.1000000000
183 -210159.1000000000
184 -209285.1000000000
185 -208595.1000000000
186 -208589.1000000000
187 -207037.1000000000
192 -204106.1000000000
193 -201958.1000000000
196 -201732.1000000000
200 -201020.1000000000
205 -200244.1000000000
206 -199682.1000000000
210 -195910.1000000000
222 -195502.1000000000
223 -194168.1000000000
224 -192994.1000000000
226 -192272.1000000000
227 -191797.1000000000
244 -188920.1000000000
245 -187796.1000000000
246 -187491.1000000000
254 -186047.1000000000
259 -185224.1000000000
262 -184728.1000000000
266 -184140.1000000000
268 -184017.1000000000
272 -183390.1000000000
293 -183290.1000000000
295 -183168.1000000000
298 -182688.1000000000
304 -182100.1000000000
307 -178996.1000000000
310 -178533.1000000000
324 -177704.1000000000
326 -177015.1000000000
331 -177013.1000000000
345 -176769.1000000000
349 -175925.1000000000
356 -174059.1000000000
357 -173947.1000000000
374 -172657.1000000000
376 -171785.1000000000
379 -168893.1000000000
380 -166893.1000000000
382 -165447.1000000000
393 -164761.1000000000
416 -164317.1000000000
427 -162955.1000000000
440 -162468.1000000000
462 -161645.1000000000
466 -161055.1000000000
481 -160105.1000000000
490 23197.3625000970
491 23370.9992154837
497 23475.9055839525
518 23547.2831871511
526 23646.9978262556
577 23734.2341084663
599 23833.7635380073
621 23925.3239171251
10001 -161493.1000000000
evaluations raw_y
1 -266756.1000000000
3 -266334.1000000000
7 -265044.1000000000
9 -264573.1000000000
10 -260825.1000000000
11 -257933.1000000000
12 -256745.1000000000
18 -255805.1000000000
21 -254627.1000000000
24 -252251.1000000000
26 -250997.1000000000
29 -250641.1000000000
30 -249918.1000000000
35 -249057.1000000000
39 -247399.1000000000
48 -246427.1000000000
50 -244981.1000000000
52 -244109.1000000000
54 -244105.1000000000
57 -243172.1000000000
60 -243170.1000000000
63 -241690.1000000000
64 -239854.1000000000
65 -239112.1000000000
66 -238283.1000000000
67 -238041.1000000000
70 -236597.1000000000
71 -235774.1000000000
74 -233900.1000000000
78 -232726.1000000000
79 -231308.1000000000
82 -227536.1000000000
84 -227073.1000000000
89 -226298.1000000000
90 -225402.1000000000
92 -221818.1000000000
97 -221718.1000000000
99 -221131.1000000000
101 -220884.1000000000
102 -220673.1000000000
105 -220179.1000000000
107 -218802.1000000000
108 -218701.1000000000
114 -218011.1000000000
117 -217980.1000000000
126 -217008.1000000000
127 -215540.1000000000
128 -214786.1000000000
134 -214192.1000000000
139 -212684.1000000000
140 -212122.1000000000
146 -210822.1000000000
149 -210489.1000000000
155 -210097.1000000000
158 -209653.1000000000
163 -207767.1000000000
164 -206792.1000000000
165 -206165.1000000000
170 -205405.1000000000
173 -204724.1000000000
174 -204480.1000000000
179 -204401.1000000000
184 -204262.1000000000
188 -203539.1000000000
189 -203080.1000000000
191 -201528.1000000000
192 -201526.1000000000
200 -201447.1000000000
213 -200827.1000000000
217 -199275.1000000000
222 -197401.1000000000
227 -197030.1000000000
229 -196417.1000000000
232 -196112.1000000000
239 -195336.1000000000
245 -194512.1000000000
251 -192184.1000000000
255 -190894.1000000000
269 -190020.1000000000
276 -189176.1000000000
277 -188258.1000000000
289 -187921.1000000000
291 -187764.1000000000
292 -187175.1000000000
295 -186771.1000000000
301 -184979.1000000000
315 -184035.1000000000
319 -182515.1000000000
335 -181069.1000000000
352 -180755.1000000000
355 -179529.1000000000
356 -177759.1000000000
357 -176800.1000000000
368 -174044.1000000000
370 -172864.1000000000
377 -172616.1000000000
393 -170447.1000000000
395 -170057.1000000000
397 -169634.1000000000
406 -167790.1000000000
408 -166666.1000000000
409 -165846.1000000000
423 -164903.1000000000
432 -164440.1000000000
434 -161436.1000000000
439 -161232.1000000000
449 -160558.1000000000
452 -160191.1000000000
473 22205.4692418772
477 22604.1782391318
480 22785.6760911987
486 22960.7985955977
554 23060.5634179486
569 23160.1458135499
607 23185.8970915132
614 23717.7766868446
666 23917.3566688029
918 24018.0579391724
944 24217.6329826831
10001 -161262.1000000000
evaluations raw_y
1 -273237.1000000000
6 -270438.1000000000
8 -270250.1000000000
9 -269310.1000000000
11 -268665.1000000000
13 -267541.1000000000
15 -265667.1000000000
21 -265494.1000000000
25 -265394.1000000000
28 -264682.1000000000
29 -263506.1000000000
30 -262766.1000000000
38 -262362.1000000000
39 -261441.1000000000
43 -261435.1000000000
44 -260550.1000000000
45 -260087.1000000000
46 -259525.1000000000
49 -259425.1000000000
52 -258739.1000000000
56 -255903.1000000000
57 -255764.1000000000
64 -254890.1000000000
65 -254396.1000000000
66 -252516.1000000000
69 -251741.1000000000
74 -251501.1000000000
76 -247501.1000000000
77 -247134.1000000000
78 -245654.1000000000
79 -244354.1000000000
80 -242584.1000000000
82 -241761.1000000000
83 -241080.1000000000
85 -240357.1000000000
88 -239721.1000000000
91 -237345.1000000000
93 -235793.1000000000
100 -235126.1000000000
103 -234630.1000000000
114 -234574.1000000000
116 -233631.1000000000
120 -232694.1000000000
127 -228946.1000000000
130 -227946.1000000000
132 -227002.1000000000
134 -225814.1000000000
138 -225404.1000000000
139 -224184.1000000000
142 -223851.1000000000
143 -222904.1000000000
146 -222170.1000000000
158 -220880.1000000000
159 -220019.1000000000
163 -219329.1000000000
164 -218569.1000000000
167 -216675.1000000000
168 -215921.1000000000
169 -215235.1000000000
170 -213767.1000000000
172 -212886.1000000000
174 -211240.1000000000
178 -209738.1000000000
181 -209286.1000000000
182 -205702.1000000000
185 -204200.1000000000
187 -203424.1000000000
190 -203418.1000000000
191 -203047.1000000000
203 -201527.1000000000
204 -199735.1000000000
209 -199001.1000000000
213 -198471.1000000000
214 -198161.1000000000
225 -198049.1000000000
226 -195045.1000000000
228 -194819.1000000000
239 -194339.1000000000
249 -194184.1000000000
256 -191307.1000000000
257 -191103.1000000000
263 -189341.1000000000
271 -187579.1000000000
274 -187298.1000000000
277 -186827.1000000000
285 -184827.1000000000
298 -184765.1000000000
303 -183475.1000000000
305 -181521.1000000000
324 -179373.1000000000
330 -178898.1000000000
332 -177926.1000000000
338 -175343.1000000000
343 -174987.1000000000
344 -173543.1000000000
353 -173542.1000000000
359 -172364.1000000000
360 -171754.1000000000
363 -171723.1000000000
378 -170748.1000000000
391 -168848.1000000000
392 -167470.1000000000
400 -167268.1000000000
412 -166445.1000000000
414 -165856.1000000000
421 -164919.1000000000
425 -164196.1000000000
430 -163008.1000000000
448 -162318.1000000000
470 -161951.1000000000
482 -160574.1000000000
485 20676.9320885091
489 21075.1525499791
491 21110.0980762926
492 21670.2787128779
495 21793.6294085717
500 21895.5003251978
501 22168.6165688618
502 22180.6325577132
518 22692.9712989793
525 22792.5245892286
540 22991.6328411209
566 23091.2870158891
579 23290.3838515025
604 23293.7925854433
606 23473.3937246191
611 23565.2600080073
618 23745.8721835175
625 24093.5727033500
629 24267.5385002195
658 24313.0891939846
659 24440.4146866583
662 24523.6468610131
672 24611.6988689266
733 24802.6774001293
919 24902.4705411607
10001 -161979.1000000000
evaluations raw_y
1 -242860.1000000000
2 -242523.1000000000
5 -241748.1000000000
7 -240805.1000000000
8 -240579.1000000000
9 -239632.1000000000
16 -239628.1000000000
18 -239228.1000000000
19 -237938.1000000000
21 -237458.1000000000
22 -237214.1000000000
23 -236525.1000000000
24 -236135.1000000000
25 -234957.1000000000
30 -234715.1000000000
32 -231711.1000000000
34 -230243.1000000000
36 -228866.1000000000
41 -227532.1000000000
43 -227501.1000000000
44 -226524.1000000000
47 -226163.1000000000
49 -225291.1000000000
55 -223569.1000000000
65 -223097.1000000000
68 -222741.1000000000
70 -222261.1000000000
73 -222205.1000000000
78 -221742.1000000000
80 -220913.1000000000
84 -219733.1000000000
91 -219281.1000000000
94 -218309.1000000000
97 -217575.1000000000
99 -216955.1000000000
100 -216126.1000000000
103 -215564.1000000000
104 -214376.1000000000
112 -214219.1000000000
116 -213275.1000000000
118 -212787.1000000000
121 -212343.1000000000
122 -212242.1000000000
125 -212038.1000000000
131 -210120.1000000000
134 -209633.1000000000
135 -207633.1000000000
136 -206658.1000000000
143 -204896.1000000000
148 -202085.1000000000
149 -200617.1000000000
156 -200444.1000000000
158 -200036.1000000000
162 -196288.1000000000
163 -195565.1000000000
169 -195142.1000000000
174 -194552.1000000000
186 -194160.1000000000
187 -193794.1000000000
188 -193700.1000000000
190 -192826.1000000000
192 -192198.1000000000
193 -191996.1000000000
194 -190488.1000000000
196 -187652.1000000000
206 -186006.1000000000
207 -185469.1000000000
212 -184097.1000000000
215 -183726.1000000000
220 -179978.1000000000
221 -178476.1000000000
228 -178376.1000000000
231 -176207.1000000000
241 -174307.1000000000
247 -173937.1000000000
251 -172279.1000000000
255 -171933.1000000000
261 -170555.1000000000
264 -168675.1000000000
274 -168086.1000000000
281 -166640.1000000000
294 -165759.1000000000
295 -164936.1000000000
297 -163989.1000000000
300 -163633.1000000000
306 -163020.1000000000
340 -162941.1000000000
341 -162187.1000000000
343 -161261.1000000000
345 -160894.1000000000
349 23507.3128491574
353 23966.0889241143
355 24300.5293896074
379 24500.8687485161
420 24607.6971470265
508 24808.0133456939
1023 24910.5257320663
1031 25017.0304824628
1125 25417.6140054522
10001 -160769.1000000000
